Source,Location ID,City,State,Country,Latitude,Longitude,Time Zone,Elevation,Local Time Zone,Clearsky DHI Units,Clearsky DNI Units,Clearsky GHI Units,Dew Point Units,DHI Units,DNI Units,GHI Units,Solar Zenith Angle Units,Temperature Units,Pressure Units,Relative Humidity Units,Precipitable Water Units,Wind Direction Units,Wind Speed,Cloud Type -15,Cloud Type 0,Cloud Type 1,Cloud Type 2,Cloud Type 3,Cloud Type 4,Cloud Type 5,Cloud Type 6,Cloud Type 7,Cloud Type 8,Cloud Type 9,Cloud Type 10,Cloud Type 11,Cloud Type 12,Fill Flag 0,Fill Flag 1,Fill Flag 2,Fill Flag 3,Fill Flag 4,Fill Flag 5,Surface Albedo Units,Version
NSRDB,1332462,-,-,-,1.01,-71.3,-5,195,-5,w/m2,w/m2,w/m2,c,w/m2,w/m2,w/m2,Degree,c,mbar,%,cm,Degrees,m/s,N/A,Clear,Probably Clear,Fog,Water,Super-Cooled Water,Mixed,Opaque Ice,Cirrus,Overlapping,Overshooting,Unknown,Dust,Smoke,N/A,Missing Image,Low Irradiance,Exceeds Clearsky,Missing CLoud Properties,Rayleigh Violation,N/A,v3.0.1
Year,Month,Day,Hour,Minute,DHI,DNI,GHI,Clearsky DHI,Clearsky DNI,Clearsky GHI,Cloud Type,Dew Point,Solar Zenith Angle,Fill Flag,Surface Albedo,Wind Speed,Precipitable Water,Wind Direction,Relative Humidity,Temperature,Pressure
1999,1,1,0,0,0,0,0,0,0,0,7,22,157.79,0,0.128,0.1,5.133,102.60000000000001,100.0,23,980.0
1999,1,1,0,30,0,0,0,0,0,0,3,22,155.77,0,0.128,0.1,5.114,102.60000000000001,100.0,22,980.0
1999,1,1,1,0,0,0,0,0,0,0,3,22,151.95000000000002,0,0.128,0.1,5.095,106.10000000000001,100.0,22,980.0
1999,1,1,1,30,0,0,0,0,0,0,3,22,146.95000000000002,0,0.128,0.1,5.077,106.10000000000001,100.0,22,980.0
1999,1,1,2,0,0,0,0,0,0,0,1,22,141.23,0,0.128,0.1,5.059,111.60000000000001,100.0,22,980.0
1999,1,1,2,30,0,0,0,0,0,0,0,22,135.07,0,0.128,0.1,5.05,111.60000000000001,100.0,22,980.0
1999,1,1,3,0,0,0,0,0,0,0,1,22,128.62,0,0.128,0.1,5.042,117.80000000000001,100.0,22,980.0
1999,1,1,3,30,0,0,0,0,0,0,0,22,122.0,0,0.128,0.1,5.046,117.80000000000001,100.0,22,980.0
1999,1,1,4,0,0,0,0,0,0,0,3,22,115.25,0,0.128,0.1,5.051,118.10000000000001,100.0,22,980.0
1999,1,1,4,30,0,0,0,0,0,0,3,22,108.43,0,0.128,0.2,5.057,118.10000000000001,100.0,22,980.0
1999,1,1,5,0,0,0,0,0,0,0,3,22,101.56,0,0.128,0.30000000000000004,5.064,112.0,100.0,22,980.0
1999,1,1,5,30,0,0,0,0,0,0,3,22,94.67,0,0.128,0.2,5.066,112.0,100.0,22,980.0
1999,1,1,6,0,23,0,23,14,225,23,3,22,87.77,4,0.128,0.2,5.069,99.7,100.0,22,980.0
1999,1,1,6,30,35,521,118,35,521,118,0,22,80.88,0,0.128,0.1,5.0760000000000005,99.7,99.34,23,980.0
1999,1,1,7,0,47,682,235,47,682,235,1,23,74.03,0,0.128,0.0,5.0840000000000005,76.5,95.61,24,980.0
1999,1,1,7,30,55,776,356,55,776,356,0,23,67.23,0,0.128,0.0,5.103,76.5,95.63,24,980.0
1999,1,1,8,0,60,841,474,60,841,474,0,22,60.51,0,0.128,0.0,5.123,78.5,86.74,25,980.0
1999,1,1,8,30,65,884,586,65,884,586,0,22,53.92,0,0.128,0.0,5.146,78.5,81.76,26,980.0
1999,1,1,9,0,69,915,687,69,915,687,0,22,47.52,0,0.128,0.0,5.17,70.3,75.05,27,980.0
1999,1,1,9,30,72,938,776,72,938,776,0,22,41.4,0,0.128,0.0,5.1930000000000005,70.3,75.02,27,980.0
1999,1,1,10,0,75,954,850,75,954,850,0,22,35.71,0,0.128,0.0,5.216,69.8,70.89,28,980.0
1999,1,1,10,30,451,206,629,77,965,907,3,22,30.71,0,0.128,0.0,5.24,69.8,70.86,28,980.0
1999,1,1,11,0,470,130,587,79,972,947,3,22,26.77,0,0.128,0.0,5.265,76.3,71.91,28,980.0
1999,1,1,11,30,443,62,500,80,976,968,3,22,24.43,0,0.128,0.0,5.287,76.3,71.88,28,980.0
1999,1,1,12,0,360,25,383,81,975,971,3,22,24.16,0,0.128,0.0,5.3100000000000005,82.7,73.28,29,980.0
1999,1,1,12,30,377,30,405,80,971,954,3,22,26.02,0,0.128,0.0,5.324,82.7,73.25,28,980.0
1999,1,1,13,0,357,37,390,80,964,918,7,22,29.61,4,0.128,0.0,5.338,86.80000000000001,74.05,28,980.0
1999,1,1,13,30,411,305,663,78,953,865,7,22,34.39,0,0.128,0.0,5.351,86.80000000000001,74.03,28,980.0
1999,1,1,14,0,387,232,565,76,937,795,7,23,39.94,0,0.128,0.0,5.365,91.5,75.9,28,980.0
1999,1,1,14,30,261,508,615,73,915,710,8,23,45.97,0,0.128,0.0,5.378,91.5,80.45,28,980.0
1999,1,1,15,0,233,21,247,70,885,611,8,23,52.31,0,0.128,0.0,5.392,88.2,83.19,28,980.0
1999,1,1,15,30,98,0,98,65,844,502,8,23,58.86,0,0.128,0.0,5.398,88.2,83.19,27,980.0
1999,1,1,16,0,110,0,110,59,788,385,6,24,65.55,0,0.128,0.0,5.405,84.30000000000001,85.41,27,980.0
1999,1,1,16,30,67,0,67,50,702,264,6,24,72.33,0,0.128,0.0,5.415,84.30000000000001,90.58,26,980.0
1999,1,1,17,0,36,0,36,39,564,145,6,24,79.17,4,0.128,0.1,5.425,67.7,92.58,26,980.0
1999,1,1,17,30,10,0,10,20,314,42,6,24,86.06,4,0.128,0.2,5.428,67.7,98.24000000000001,25,980.0
1999,1,1,18,0,0,0,0,0,0,0,6,24,92.96000000000001,0,0.128,0.30000000000000004,5.431,76.2,94.88,25,980.0
1999,1,1,18,30,0,0,0,0,0,0,7,24,99.86,0,0.128,0.30000000000000004,5.42,76.2,100.0,24,980.0
1999,1,1,19,0,0,0,0,0,0,0,7,23,106.74000000000001,1,0.128,0.30000000000000004,5.41,82.10000000000001,99.34,24,980.0
1999,1,1,19,30,0,0,0,0,0,0,7,23,113.58,0,0.128,0.2,5.39,82.10000000000001,100.0,24,980.0
1999,1,1,20,0,0,0,0,0,0,0,7,23,120.35000000000001,0,0.128,0.2,5.37,85.60000000000001,100.0,24,980.0
1999,1,1,20,30,0,0,0,0,0,0,6,23,127.01,0,0.128,0.1,5.351,85.60000000000001,100.0,23,980.0
1999,1,1,21,0,0,0,0,0,0,0,7,23,133.51,0,0.128,0.0,5.332,85.4,100.0,23,980.0
1999,1,1,21,30,0,0,0,0,0,0,6,23,139.77,0,0.128,0.0,5.323,85.4,100.0,23,980.0
1999,1,1,22,0,0,0,0,0,0,0,6,23,145.63,0,0.128,0.0,5.314,78.9,100.0,23,980.0
1999,1,1,22,30,0,0,0,0,0,0,8,23,150.86,0,0.128,0.0,5.306,78.9,100.0,23,980.0
1999,1,1,23,0,0,0,0,0,0,0,8,23,155.04,0,0.128,0.0,5.299,71.0,100.0,23,980.0
1999,1,1,23,30,0,0,0,0,0,0,8,22,157.57,0,0.128,0.0,5.291,71.0,100.0,23,980.0
1999,1,2,0,0,0,0,0,0,0,0,8,22,157.89000000000001,0,0.128,0.1,5.284,62.0,100.0,23,980.0
1999,1,2,0,30,0,0,0,0,0,0,8,22,155.9,0,0.128,0.1,5.273,62.0,100.0,22,980.0
1999,1,2,1,0,0,0,0,0,0,0,8,22,152.09,0,0.128,0.2,5.263,42.6,100.0,22,980.0
1999,1,2,1,30,0,0,0,0,0,0,8,22,147.09,0,0.128,0.2,5.25,42.6,100.0,22,980.0
1999,1,2,2,0,0,0,0,0,0,0,8,22,141.37,0,0.128,0.2,5.237,31.8,100.0,22,980.0
1999,1,2,2,30,0,0,0,0,0,0,7,22,135.2,0,0.128,0.2,5.218,31.8,100.0,22,980.0
1999,1,2,3,0,0,0,0,0,0,0,8,22,128.75,0,0.128,0.30000000000000004,5.2010000000000005,29.5,100.0,22,980.0
1999,1,2,3,30,0,0,0,0,0,0,7,22,122.12,0,0.128,0.30000000000000004,5.182,29.5,100.0,22,980.0
1999,1,2,4,0,0,0,0,0,0,0,7,22,115.37,0,0.128,0.30000000000000004,5.163,32.9,100.0,22,980.0
1999,1,2,4,30,0,0,0,0,0,0,8,21,108.55,0,0.128,0.30000000000000004,5.149,32.9,100.0,22,980.0
1999,1,2,5,0,0,0,0,0,0,0,7,21,101.68,0,0.128,0.30000000000000004,5.136,34.800000000000004,100.0,22,980.0
1999,1,2,5,30,0,0,0,0,0,0,8,21,94.78,0,0.128,0.2,5.132,34.800000000000004,100.0,22,980.0
1999,1,2,6,0,17,0,17,14,219,22,7,22,87.87,4,0.128,0.2,5.128,34.7,100.0,22,980.0
1999,1,2,6,30,52,244,90,35,518,116,8,22,80.98,4,0.128,0.1,5.141,34.7,99.48,23,980.0
1999,1,2,7,0,99,299,181,47,678,233,8,23,74.12,0,0.128,0.0,5.155,35.7,97.22,24,980.0
1999,1,2,7,30,114,531,319,56,773,354,8,23,67.32000000000001,0,0.128,0.0,5.187,35.7,97.24000000000001,24,980.0
1999,1,2,8,0,220,212,324,61,837,472,4,23,60.59,0,0.128,0.0,5.219,36.0,93.64,25,980.0
1999,1,2,8,30,278,137,359,66,880,584,4,23,54.0,0,0.128,0.0,5.261,36.0,93.64,25,980.0
1999,1,2,9,0,324,253,495,70,912,685,8,23,47.58,0,0.128,0.0,5.303,35.9,88.72,26,980.0
1999,1,2,9,30,374,241,555,73,935,774,3,23,41.45,0,0.128,0.0,5.343,35.9,88.7,26,980.0
1999,1,2,10,0,408,278,634,76,951,848,8,23,35.75,0,0.128,0.0,5.384,42.0,83.60000000000001,27,980.0
1999,1,2,10,30,451,203,627,77,963,906,8,23,30.71,0,0.128,0.0,5.404,42.0,83.57000000000001,27,980.0
1999,1,2,11,0,423,54,472,79,970,946,8,23,26.75,0,0.128,0.0,5.425,50.800000000000004,83.11,28,980.0
1999,1,2,11,30,475,105,571,80,974,968,8,23,24.37,0,0.128,0.0,5.432,50.800000000000004,83.07000000000001,28,980.0
1999,1,2,12,0,483,126,598,80,974,970,7,23,24.060000000000002,0,0.128,0.0,5.44,66.9,77.2,28,980.0
1999,1,2,12,30,388,34,419,80,971,954,4,23,25.89,0,0.128,0.0,5.452,66.9,77.15,28,980.0
1999,1,2,13,0,457,226,654,79,964,919,7,23,29.47,0,0.128,0.0,5.464,84.0,76.61,29,980.0
1999,1,2,13,30,343,30,369,78,953,866,7,23,34.25,0,0.128,0.0,5.481,84.0,76.58,29,980.0
1999,1,2,14,0,240,11,249,75,937,796,6,23,39.800000000000004,0,0.128,0.0,5.4990000000000006,92.7,77.76,29,980.0
1999,1,2,14,30,304,44,336,72,916,711,6,23,45.83,0,0.128,0.0,5.509,92.7,77.73,28,980.0
1999,1,2,15,0,287,93,344,69,887,613,6,23,52.18,0,0.128,0.0,5.5200000000000005,96.9,78.57000000000001,28,980.0
1999,1,2,15,30,238,132,307,64,847,504,6,23,58.730000000000004,0,0.128,0.0,5.5200000000000005,96.9,78.57000000000001,28,980.0
1999,1,2,16,0,167,309,296,58,790,387,8,24,65.42,0,0.128,0.0,5.521,102.4,80.79,28,980.0
1999,1,2,16,30,86,508,242,50,706,266,8,24,72.21000000000001,0,0.128,0.0,5.522,102.4,85.66,27,980.0
1999,1,2,17,0,50,442,134,38,572,147,6,24,79.06,4,0.128,0.0,5.524,78.2,88.64,27,980.0
1999,1,2,17,30,22,250,39,20,325,43,7,24,85.94,4,0.128,0.1,5.527,78.2,94.04,26,980.0
1999,1,2,18,0,0,0,0,0,0,0,7,24,92.85000000000001,0,0.128,0.2,5.53,84.4,99.38,26,980.0
1999,1,2,18,30,0,0,0,0,0,0,7,24,99.75,0,0.128,0.2,5.521,84.4,99.42,25,980.0
1999,1,2,19,0,0,0,0,0,0,0,7,24,106.64,1,0.128,0.30000000000000004,5.5120000000000005,73.2,97.7,25,980.0
1999,1,2,19,30,0,0,0,0,0,0,1,24,113.48,0,0.128,0.30000000000000004,5.4910000000000005,73.2,100.0,24,980.0
1999,1,2,20,0,0,0,0,0,0,0,1,24,120.26,0,0.128,0.30000000000000004,5.471,67.2,100.0,24,980.0
1999,1,2,20,30,0,0,0,0,0,0,0,23,126.93,0,0.128,0.2,5.444,67.2,100.0,24,980.0
1999,1,2,21,0,0,0,0,0,0,0,1,23,133.45,0,0.128,0.2,5.418,63.300000000000004,100.0,24,980.0
1999,1,2,21,30,0,0,0,0,0,0,7,23,139.72,0,0.128,0.1,5.396,63.300000000000004,100.0,23,980.0
1999,1,2,22,0,0,0,0,0,0,0,7,23,145.6,0,0.128,0.1,5.3740000000000006,60.6,100.0,23,980.0
1999,1,2,22,30,0,0,0,0,0,0,3,23,150.85,0,0.128,0.1,5.369,60.6,100.0,23,980.0
1999,1,2,23,0,0,0,0,0,0,0,1,23,155.06,0,0.128,0.1,5.3660000000000005,55.2,100.0,23,980.0
1999,1,2,23,30,0,0,0,0,0,0,7,22,157.64000000000001,0,0.128,0.1,5.372,55.2,100.0,23,980.0
1999,1,3,0,0,0,0,0,0,0,0,7,22,157.99,0,0.128,0.2,5.38,41.900000000000006,100.0,23,980.0
1999,1,3,0,30,0,0,0,0,0,0,7,22,156.02,0,0.128,0.2,5.394,41.900000000000006,100.0,23,980.0
1999,1,3,1,0,0,0,0,0,0,0,7,22,152.23,0,0.128,0.2,5.409,24.400000000000002,100.0,23,980.0
1999,1,3,1,30,0,0,0,0,0,0,7,22,147.23,0,0.128,0.2,5.428,24.400000000000002,100.0,22,980.0
1999,1,3,2,0,0,0,0,0,0,0,7,22,141.51,0,0.128,0.2,5.447,13.5,100.0,22,980.0
1999,1,3,2,30,0,0,0,0,0,0,8,22,135.33,0,0.128,0.1,5.461,13.5,100.0,22,980.0
1999,1,3,3,0,0,0,0,0,0,0,3,22,128.88,0,0.128,0.1,5.476,11.5,100.0,22,980.0
1999,1,3,3,30,0,0,0,0,0,0,1,22,122.25,0,0.128,0.0,5.484,11.5,100.0,22,980.0
1999,1,3,4,0,0,0,0,0,0,0,0,22,115.49000000000001,0,0.128,0.0,5.494,13.200000000000001,100.0,22,980.0
1999,1,3,4,30,0,0,0,0,0,0,0,22,108.67,0,0.128,0.0,5.486,13.200000000000001,100.0,22,980.0
1999,1,3,5,0,0,0,0,0,0,0,0,22,101.79,0,0.128,0.0,5.478,15.700000000000001,100.0,22,980.0
1999,1,3,5,30,0,0,0,0,0,0,0,22,94.89,0,0.128,0.0,5.462,15.700000000000001,100.0,22,980.0
1999,1,3,6,0,13,196,20,13,196,20,0,23,87.97,0,0.128,0.0,5.446,18.8,100.0,23,980.0
1999,1,3,6,30,36,499,113,36,499,113,0,23,81.08,0,0.128,0.0,5.439,18.8,100.0,23,980.0
1999,1,3,7,0,106,204,162,50,660,229,3,23,74.21000000000001,0,0.128,0.0,5.432,23.1,100.0,24,980.0
1999,1,3,7,30,59,758,350,59,758,350,0,23,67.4,0,0.128,0.0,5.44,23.1,100.0,24,980.0
1999,1,3,8,0,66,823,469,66,823,469,0,24,60.67,0,0.128,0.0,5.448,18.5,100.0,25,980.0
1999,1,3,8,30,246,381,469,71,868,581,8,24,54.07,0,0.128,0.0,5.463,18.5,100.0,25,980.0
1999,1,3,9,0,331,149,432,76,901,683,8,25,47.64,0,0.128,0.0,5.478,13.8,100.0,25,980.0
1999,1,3,9,30,337,393,632,79,925,772,7,25,41.49,0,0.128,0.0,5.502,13.8,100.0,25,980.0
1999,1,3,10,0,83,940,846,83,940,846,0,25,35.77,0,0.128,0.0,5.527,9.3,100.0,26,980.0
1999,1,3,10,30,85,953,904,85,953,904,0,25,30.72,0,0.128,0.0,5.551,9.3,100.0,26,980.0
1999,1,3,11,0,88,958,944,88,958,944,0,24,26.71,0,0.128,0.0,5.575,6.0,93.4,26,980.0
1999,1,3,11,30,89,962,966,89,962,966,1,24,24.3,0,0.128,0.0,5.597,6.0,93.35000000000001,26,980.0
1999,1,3,12,0,91,960,969,91,960,969,0,24,23.95,0,0.128,0.0,5.62,1.7000000000000002,85.11,27,980.0
1999,1,3,12,30,90,957,953,90,957,953,1,24,25.76,0,0.128,0.0,5.641,1.7000000000000002,85.07000000000001,27,980.0
1999,1,3,13,0,91,947,917,91,947,917,0,23,29.330000000000002,0,0.128,0.0,5.664,357.5,83.42,27,980.0
1999,1,3,13,30,89,935,864,89,935,864,0,23,34.11,0,0.128,0.0,5.684,357.5,83.37,27,980.0
1999,1,3,14,0,355,56,399,88,916,794,2,23,39.660000000000004,0,0.128,0.0,5.705,352.70000000000005,83.24,27,980.0
1999,1,3,14,30,84,893,709,84,893,709,0,23,45.69,0,0.128,0.0,5.727,352.70000000000005,83.23,27,980.0
1999,1,3,15,0,81,861,610,81,861,610,0,24,52.04,0,0.128,0.0,5.75,348.90000000000003,84.84,27,980.0
1999,1,3,15,30,75,818,501,75,818,501,0,24,58.6,0,0.128,0.0,5.7620000000000005,348.90000000000003,89.97,27,980.0
1999,1,3,16,0,68,756,384,68,756,384,0,24,65.3,0,0.128,0.0,5.775,341.90000000000003,93.14,27,980.0
1999,1,3,16,30,58,667,263,58,667,263,0,24,72.09,0,0.128,0.0,5.7780000000000005,341.90000000000003,98.83,26,980.0
1999,1,3,17,0,45,521,145,45,521,145,0,25,78.94,0,0.128,0.1,5.781,346.70000000000005,100.0,26,980.0
1999,1,3,17,30,23,268,43,23,268,43,7,24,85.83,4,0.128,0.1,5.771,346.70000000000005,100.0,25,980.0
1999,1,3,18,0,0,0,0,0,0,0,7,24,92.74,0,0.128,0.2,5.7620000000000005,353.8,100.0,25,980.0
1999,1,3,18,30,0,0,0,0,0,0,7,24,99.65,0,0.128,0.2,5.752,353.8,100.0,24,980.0
1999,1,3,19,0,0,0,0,0,0,0,7,24,106.54,1,0.128,0.2,5.743,3.6,100.0,24,980.0
1999,1,3,19,30,0,0,0,0,0,0,7,24,113.4,0,0.128,0.2,5.738,3.6,100.0,24,980.0
1999,1,3,20,0,0,0,0,0,0,0,7,24,120.18,0,0.128,0.2,5.734,19.700000000000003,100.0,24,980.0
1999,1,3,20,30,0,0,0,0,0,0,8,23,126.86,0,0.128,0.2,5.739,19.700000000000003,100.0,23,980.0
1999,1,3,21,0,0,0,0,0,0,0,7,23,133.39000000000001,0,0.128,0.2,5.744,32.9,100.0,23,980.0
1999,1,3,21,30,0,0,0,0,0,0,7,23,139.67000000000002,0,0.128,0.2,5.745,32.9,100.0,23,980.0
1999,1,3,22,0,0,0,0,0,0,0,7,23,145.57,0,0.128,0.2,5.746,43.7,100.0,23,980.0
1999,1,3,22,30,0,0,0,0,0,0,7,23,150.84,0,0.128,0.2,5.7410000000000005,43.7,100.0,23,980.0
1999,1,3,23,0,0,0,0,0,0,0,7,23,155.09,0,0.128,0.2,5.737,48.6,100.0,23,980.0
1999,1,3,23,30,0,0,0,0,0,0,8,23,157.71,0,0.128,0.1,5.729,48.6,100.0,23,980.0
1999,1,4,0,0,0,0,0,0,0,0,4,23,158.1,0,0.128,0.1,5.721,47.800000000000004,100.0,23,980.0
1999,1,4,0,30,0,0,0,0,0,0,4,23,156.16,0,0.128,0.1,5.698,47.800000000000004,100.0,23,980.0
1999,1,4,1,0,0,0,0,0,0,0,4,23,152.37,0,0.128,0.1,5.676,42.400000000000006,100.0,23,980.0
1999,1,4,1,30,0,0,0,0,0,0,4,22,147.38,0,0.128,0.1,5.639,42.400000000000006,100.0,23,980.0
1999,1,4,2,0,0,0,0,0,0,0,4,22,141.65,0,0.128,0.1,5.603,36.300000000000004,100.0,23,980.0
1999,1,4,2,30,0,0,0,0,0,0,4,22,135.47,0,0.128,0.1,5.556,36.300000000000004,100.0,23,980.0
1999,1,4,3,0,0,0,0,0,0,0,4,22,129.01,0,0.128,0.1,5.509,35.0,100.0,23,980.0
1999,1,4,3,30,0,0,0,0,0,0,4,22,122.37,0,0.128,0.1,5.46,35.0,100.0,22,980.0
1999,1,4,4,0,0,0,0,0,0,0,4,22,115.62,0,0.128,0.1,5.4110000000000005,37.4,100.0,22,980.0
1999,1,4,4,30,0,0,0,0,0,0,7,22,108.78,0,0.128,0.1,5.3740000000000006,37.4,100.0,22,980.0
1999,1,4,5,0,0,0,0,0,0,0,4,22,101.9,0,0.128,0.1,5.338,42.300000000000004,100.0,22,980.0
1999,1,4,5,30,0,0,0,0,0,0,4,22,94.99,0,0.128,0.0,5.3180000000000005,42.300000000000004,100.0,22,980.0
1999,1,4,6,0,8,0,8,13,186,19,4,22,88.08,4,0.128,0.0,5.298,44.0,100.0,23,980.0
1999,1,4,6,30,47,0,47,36,494,112,8,22,81.18,0,0.128,0.0,5.292,44.0,100.0,23,980.0
1999,1,4,7,0,64,0,64,49,659,228,4,23,74.3,0,0.128,0.0,5.287,39.5,100.0,24,980.0
1999,1,4,7,30,126,0,126,59,758,349,8,23,67.49,0,0.128,0.0,5.287,39.5,100.0,24,980.0
1999,1,4,8,0,178,13,184,65,826,469,8,24,60.75,0,0.128,0.0,5.287,36.0,100.0,25,980.0
1999,1,4,8,30,277,138,358,70,871,581,8,24,54.13,0,0.128,0.0,5.295,36.0,100.0,25,980.0
1999,1,4,9,0,330,138,423,73,906,683,8,25,47.7,0,0.128,0.0,5.305,28.5,100.0,26,980.0
1999,1,4,9,30,317,35,343,77,930,773,8,25,41.53,0,0.128,0.0,5.324,28.5,100.0,26,980.0
1999,1,4,10,0,405,93,480,78,948,847,8,25,35.79,0,0.128,0.0,5.343,26.6,95.09,26,980.0
1999,1,4,10,30,450,222,641,80,960,906,8,25,30.71,0,0.128,0.0,5.364,26.6,95.06,26,980.0
1999,1,4,11,0,464,108,561,81,968,947,4,24,26.68,0,0.128,0.0,5.386,26.200000000000003,87.29,27,980.0
1999,1,4,11,30,484,132,605,82,972,969,8,24,24.22,0,0.128,0.0,5.41,26.200000000000003,87.24,27,980.0
1999,1,4,12,0,430,401,798,82,973,972,8,24,23.84,0,0.128,0.0,5.4350000000000005,27.6,86.22,28,980.0
1999,1,4,12,30,399,454,809,81,970,956,8,24,25.63,0,0.128,0.0,5.4590000000000005,27.6,86.19,28,980.0
1999,1,4,13,0,375,472,788,80,964,921,8,24,29.19,0,0.128,0.0,5.4830000000000005,29.6,81.19,28,980.0
1999,1,4,13,30,354,457,734,78,953,869,8,24,33.96,0,0.128,0.0,5.498,29.6,81.15,28,980.0
1999,1,4,14,0,380,286,601,74,939,799,7,24,39.51,0,0.128,0.0,5.514,36.2,81.9,28,980.0
1999,1,4,14,30,333,293,539,72,918,715,8,24,45.550000000000004,0,0.128,0.0,5.518,36.2,86.79,27,980.0
1999,1,4,15,0,282,297,465,67,890,617,3,25,51.910000000000004,0,0.128,0.0,5.523,50.300000000000004,89.82000000000001,27,980.0
1999,1,4,15,30,63,851,508,63,851,508,1,25,58.47,0,0.128,0.0,5.522,50.300000000000004,95.25,27,980.0
1999,1,4,16,0,177,248,281,57,794,391,3,25,65.17,0,0.128,0.0,5.521,70.4,98.94,27,980.0
1999,1,4,16,30,50,712,270,50,712,270,0,25,71.97,0,0.128,0.0,5.5,70.4,98.95,26,980.0
1999,1,4,17,0,39,577,151,39,577,151,3,26,78.83,4,0.128,0.1,5.479,62.2,100.0,26,980.0
1999,1,4,17,30,21,335,46,21,335,46,7,25,85.72,4,0.128,0.2,5.434,62.2,100.0,25,980.0
1999,1,4,18,0,0,0,0,0,0,0,7,25,92.64,0,0.128,0.30000000000000004,5.389,62.300000000000004,100.0,25,980.0
1999,1,4,18,30,0,0,0,0,0,0,7,24,99.55,0,0.128,0.2,5.346,62.300000000000004,100.0,24,980.0
1999,1,4,19,0,0,0,0,0,0,0,7,24,106.45,1,0.128,0.2,5.303,61.800000000000004,100.0,24,980.0
1999,1,4,19,30,0,0,0,0,0,0,6,24,113.31,0,0.128,0.1,5.257,61.800000000000004,100.0,24,980.0
1999,1,4,20,0,0,0,0,0,0,0,6,24,120.10000000000001,0,0.128,0.1,5.212,61.300000000000004,100.0,24,980.0
1999,1,4,20,30,0,0,0,0,0,0,6,23,126.79,0,0.128,0.0,5.173,61.300000000000004,100.0,24,980.0
1999,1,4,21,0,0,0,0,0,0,0,6,23,133.33,0,0.128,0.0,5.135,63.5,100.0,24,980.0
1999,1,4,21,30,0,0,0,0,0,0,7,23,139.62,0,0.128,0.0,5.101,63.5,100.0,24,980.0
1999,1,4,22,0,0,0,0,0,0,0,7,23,145.54,0,0.128,0.0,5.0680000000000005,60.400000000000006,100.0,24,980.0
1999,1,4,22,30,0,0,0,0,0,0,7,23,150.84,0,0.128,0.0,5.035,60.400000000000006,100.0,23,980.0
1999,1,4,23,0,0,0,0,0,0,0,7,23,155.13,0,0.128,0.0,5.003,52.300000000000004,100.0,23,980.0
1999,1,4,23,30,0,0,0,0,0,0,7,23,157.79,0,0.128,0.0,4.976,52.300000000000004,100.0,23,980.0
1999,1,5,0,0,0,0,0,0,0,0,7,23,158.22,0,0.128,0.0,4.949,40.6,100.0,23,980.0
1999,1,5,0,30,0,0,0,0,0,0,3,23,156.3,0,0.128,0.0,4.931,40.6,100.0,23,980.0
1999,1,5,1,0,0,0,0,0,0,0,7,23,152.52,0,0.128,0.0,4.913,29.700000000000003,100.0,23,980.0
1999,1,5,1,30,0,0,0,0,0,0,7,23,147.52,0,0.128,0.0,4.904,29.700000000000003,100.0,23,980.0
1999,1,5,2,0,0,0,0,0,0,0,7,23,141.79,0,0.128,0.0,4.8950000000000005,20.0,100.0,23,980.0
1999,1,5,2,30,0,0,0,0,0,0,7,22,135.61,0,0.128,0.0,4.89,20.0,100.0,23,980.0
1999,1,5,3,0,0,0,0,0,0,0,7,22,129.14000000000001,0,0.128,0.0,4.885,13.4,100.0,23,980.0
1999,1,5,3,30,0,0,0,0,0,0,7,22,122.5,0,0.128,0.0,4.874,13.4,100.0,23,980.0
1999,1,5,4,0,0,0,0,0,0,0,7,22,115.74000000000001,0,0.128,0.0,4.863,9.700000000000001,100.0,23,980.0
1999,1,5,4,30,0,0,0,0,0,0,8,22,108.9,0,0.128,0.0,4.8500000000000005,9.700000000000001,100.0,22,980.0
1999,1,5,5,0,0,0,0,0,0,0,7,22,102.01,0,0.128,0.0,4.838,8.6,100.0,22,980.0
1999,1,5,5,30,0,0,0,0,0,0,7,22,95.10000000000001,0,0.128,0.0,4.831,8.6,100.0,22,980.0
1999,1,5,6,0,18,0,18,12,217,19,7,22,88.18,4,0.128,0.0,4.825,10.100000000000001,100.0,23,980.0
1999,1,5,6,30,44,395,104,33,524,112,7,22,81.27,0,0.128,0.0,4.835,10.100000000000001,100.0,23,980.0
1999,1,5,7,0,94,330,183,45,685,229,8,23,74.39,0,0.128,0.0,4.845,13.600000000000001,100.0,23,980.0
1999,1,5,7,30,53,780,350,53,780,350,0,23,67.57000000000001,0,0.128,0.0,4.869,13.600000000000001,100.0,23,980.0
1999,1,5,8,0,58,843,469,58,843,469,0,24,60.82,0,0.128,0.0,4.894,12.600000000000001,100.0,24,980.0
1999,1,5,8,30,63,887,582,63,887,582,0,24,54.2,0,0.128,0.0,4.928,12.600000000000001,100.0,24,980.0
1999,1,5,9,0,66,918,684,66,918,684,0,25,47.75,0,0.128,0.0,4.962,14.100000000000001,100.0,25,980.0
1999,1,5,9,30,69,941,774,69,941,774,0,25,41.57,0,0.128,0.0,5.005,14.100000000000001,100.0,25,980.0
1999,1,5,10,0,73,956,849,73,956,849,0,25,35.81,0,0.128,0.0,5.048,14.8,98.4,26,980.0
1999,1,5,10,30,75,968,908,75,968,908,0,25,30.7,0,0.128,0.0,5.0920000000000005,14.8,98.37,26,980.0
1999,1,5,11,0,78,974,949,78,974,949,0,25,26.63,0,0.128,0.0,5.136,13.4,96.49000000000001,26,980.0
1999,1,5,11,30,79,977,971,79,977,971,0,25,24.14,0,0.128,0.0,5.179,13.4,96.46000000000001,26,980.0
1999,1,5,12,0,80,976,975,80,976,975,0,24,23.72,0,0.128,0.0,5.222,15.100000000000001,87.69,27,980.0
1999,1,5,12,30,80,973,959,80,973,959,0,24,25.490000000000002,0,0.128,0.0,5.268,15.100000000000001,87.65,27,980.0
1999,1,5,13,0,80,965,924,80,965,924,1,24,29.04,0,0.128,0.0,5.315,17.7,80.59,28,980.0
1999,1,5,13,30,285,16,298,79,954,871,3,24,33.81,0,0.128,0.0,5.359,17.7,80.56,28,980.0
1999,1,5,14,0,338,41,370,78,936,802,3,24,39.37,0,0.128,0.0,5.404,22.6,80.58,28,980.0
1999,1,5,14,30,349,148,453,75,914,717,3,24,45.410000000000004,0,0.128,0.0,5.441,22.6,85.39,27,980.0
1999,1,5,15,0,290,258,449,73,882,618,3,24,51.77,0,0.128,0.0,5.478,33.4,87.60000000000001,27,980.0
1999,1,5,15,30,68,841,509,68,841,509,1,24,58.34,0,0.128,0.0,5.4910000000000005,33.4,87.60000000000001,27,980.0
1999,1,5,16,0,178,249,283,63,780,392,8,25,65.05,0,0.128,0.0,5.5040000000000004,35.1,90.17,27,980.0
1999,1,5,16,30,96,461,239,54,695,270,8,25,71.85000000000001,0,0.128,0.0,5.482,35.1,95.62,26,980.0
1999,1,5,17,0,57,391,133,42,553,151,7,25,78.71000000000001,4,0.128,0.0,5.461,33.2,100.0,26,980.0
1999,1,5,17,30,25,213,41,23,306,46,7,24,85.62,4,0.128,0.0,5.4190000000000005,33.2,100.0,25,980.0
1999,1,5,18,0,0,0,0,0,0,0,7,24,92.54,0,0.128,0.0,5.377,31.5,100.0,25,980.0
1999,1,5,18,30,0,0,0,0,0,0,8,24,99.46000000000001,0,0.128,0.0,5.33,31.5,100.0,24,980.0
1999,1,5,19,0,0,0,0,0,0,0,8,24,106.36,1,0.128,0.0,5.285,28.900000000000002,100.0,24,980.0
1999,1,5,19,30,0,0,0,0,0,0,4,24,113.22,0,0.128,0.0,5.242,28.900000000000002,100.0,24,980.0
1999,1,5,20,0,0,0,0,0,0,0,7,24,120.02,0,0.128,0.0,5.2,28.8,100.0,24,980.0
1999,1,5,20,30,0,0,0,0,0,0,7,24,126.73,0,0.128,0.0,5.164,28.8,100.0,24,980.0
1999,1,5,21,0,0,0,0,0,0,0,7,24,133.27,0,0.128,0.0,5.128,26.400000000000002,100.0,24,980.0
1999,1,5,21,30,0,0,0,0,0,0,7,23,139.58,0,0.128,0.0,5.104,26.400000000000002,100.0,23,980.0
1999,1,5,22,0,0,0,0,0,0,0,7,23,145.52,0,0.128,0.0,5.081,23.0,100.0,23,980.0
1999,1,5,22,30,0,0,0,0,0,0,7,23,150.85,0,0.128,0.0,5.059,23.0,100.0,23,980.0
1999,1,5,23,0,0,0,0,0,0,0,7,23,155.17000000000002,0,0.128,0.0,5.037,18.900000000000002,100.0,23,980.0
1999,1,5,23,30,0,0,0,0,0,0,7,23,157.87,0,0.128,0.0,5.008,18.900000000000002,100.0,23,980.0
1999,1,6,0,0,0,0,0,0,0,0,7,23,158.34,0,0.128,0.0,4.979,16.8,100.0,23,980.0
1999,1,6,0,30,0,0,0,0,0,0,0,22,156.44,0,0.128,0.0,4.953,16.8,100.0,23,980.0
1999,1,6,1,0,0,0,0,0,0,0,7,22,152.67000000000002,0,0.128,0.0,4.928,15.3,100.0,23,980.0
1999,1,6,1,30,0,0,0,0,0,0,7,22,147.67000000000002,0,0.128,0.0,4.913,15.3,100.0,22,980.0
1999,1,6,2,0,0,0,0,0,0,0,7,22,141.94,0,0.128,0.0,4.898,16.6,100.0,22,980.0
1999,1,6,2,30,0,0,0,0,0,0,7,22,135.75,0,0.128,0.0,4.893,16.6,100.0,22,980.0
1999,1,6,3,0,0,0,0,0,0,0,1,22,129.28,0,0.128,0.0,4.889,20.8,100.0,22,980.0
1999,1,6,3,30,0,0,0,0,0,0,1,22,122.63,0,0.128,0.0,4.883,20.8,100.0,22,980.0
1999,1,6,4,0,0,0,0,0,0,0,0,22,115.86,0,0.128,0.0,4.877,26.8,100.0,22,980.0
1999,1,6,4,30,0,0,0,0,0,0,7,22,109.01,0,0.128,0.0,4.871,26.8,100.0,22,980.0
1999,1,6,5,0,0,0,0,0,0,0,1,22,102.12,0,0.128,0.0,4.866,32.7,100.0,22,980.0
1999,1,6,5,30,0,0,0,0,0,0,0,22,95.2,0,0.128,0.0,4.868,32.7,100.0,22,980.0
1999,1,6,6,0,13,141,17,13,141,17,0,22,88.28,0,0.128,0.0,4.87,37.2,100.0,22,980.0
1999,1,6,6,30,38,460,107,38,460,107,0,22,81.36,0,0.128,0.0,4.882,37.2,100.0,22,980.0
1999,1,6,7,0,53,638,224,53,638,224,0,23,74.48,0,0.128,0.0,4.894,42.1,100.0,23,980.0
1999,1,6,7,30,63,741,345,63,741,345,0,23,67.64,0,0.128,0.0,4.9110000000000005,42.1,100.0,23,980.0
1999,1,6,8,0,70,812,465,70,812,465,0,23,60.89,0,0.128,0.0,4.928,42.900000000000006,99.99000000000001,24,980.0
1999,1,6,8,30,76,859,578,76,859,578,0,23,54.26,0,0.128,0.0,4.946,42.900000000000006,99.99000000000001,24,980.0
1999,1,6,9,0,81,894,682,81,894,682,0,23,47.800000000000004,0,0.128,0.0,4.965,44.400000000000006,93.44,25,980.0
1999,1,6,9,30,85,919,772,85,919,772,0,23,41.6,0,0.128,0.0,4.979,44.400000000000006,93.43,26,980.0
1999,1,6,10,0,86,939,848,86,939,848,0,23,35.82,0,0.128,0.0,4.994,47.2,85.73,27,980.0
1999,1,6,10,30,88,952,908,88,952,908,0,23,30.68,0,0.128,0.0,5.01,47.2,85.7,27,980.0
1999,1,6,11,0,89,962,949,89,962,949,0,23,26.580000000000002,0,0.128,0.0,5.0280000000000005,47.7,80.14,27,980.0
1999,1,6,11,30,90,966,972,90,966,972,0,23,24.05,0,0.128,0.0,5.042,47.7,80.10000000000001,27,980.0
1999,1,6,12,0,88,969,976,88,969,976,0,23,23.6,0,0.128,0.0,5.058,48.1,75.31,28,980.0
1999,1,6,12,30,87,967,961,87,967,961,0,23,25.34,0,0.128,0.0,5.066,48.1,75.27,28,980.0
1999,1,6,13,0,84,962,927,84,962,927,0,23,28.88,0,0.128,0.0,5.075,48.400000000000006,75.37,28,980.0
1999,1,6,13,30,83,951,875,83,951,875,0,23,33.660000000000004,0,0.128,0.0,5.07,48.400000000000006,75.34,28,980.0
1999,1,6,14,0,79,937,806,79,937,806,0,23,39.22,0,0.128,0.0,5.065,49.1,75.82000000000001,28,980.0
1999,1,6,14,30,76,916,721,76,916,721,0,23,45.27,0,0.128,0.0,5.047,49.1,80.35000000000001,27,980.0
1999,1,6,15,0,71,889,623,71,889,623,0,23,51.64,0,0.128,0.0,5.03,49.7,81.61,27,980.0
1999,1,6,15,30,66,849,514,66,849,514,0,23,58.21,0,0.128,0.0,4.995,49.7,81.61,27,980.0
1999,1,6,16,0,60,794,397,60,794,397,0,23,64.93,0,0.128,0.0,4.96,44.300000000000004,83.47,27,980.0
1999,1,6,16,30,129,151,176,52,712,275,3,23,71.73,0,0.128,0.0,4.912,44.300000000000004,88.52,26,980.0
1999,1,6,17,0,41,578,155,41,578,155,0,24,78.60000000000001,0,0.128,0.0,4.865,36.6,96.17,26,980.0
1999,1,6,17,30,23,337,49,23,337,49,7,24,85.51,4,0.128,0.0,4.83,36.6,100.0,25,980.0
1999,1,6,18,0,0,0,0,0,0,0,7,24,92.44,0,0.128,0.0,4.796,28.6,100.0,24,980.0
1999,1,6,18,30,0,0,0,0,0,0,7,24,99.36,0,0.128,0.0,4.772,28.6,100.0,24,980.0
1999,1,6,19,0,0,0,0,0,0,0,7,24,106.27,1,0.128,0.0,4.749,27.0,100.0,24,980.0
1999,1,6,19,30,0,0,0,0,0,0,7,23,113.14,0,0.128,0.0,4.729,27.0,100.0,24,980.0
1999,1,6,20,0,0,0,0,0,0,0,7,23,119.95,0,0.128,0.0,4.71,23.0,100.0,24,980.0
1999,1,6,20,30,0,0,0,0,0,0,7,23,126.66,0,0.128,0.0,4.689,23.0,100.0,23,980.0
1999,1,6,21,0,0,0,0,0,0,0,7,23,133.22,0,0.128,0.0,4.67,22.200000000000003,100.0,23,980.0
1999,1,6,21,30,0,0,0,0,0,0,7,23,139.55,0,0.128,0.0,4.657,22.200000000000003,100.0,23,980.0
1999,1,6,22,0,0,0,0,0,0,0,8,23,145.51,0,0.128,0.0,4.6450000000000005,22.6,100.0,23,980.0
1999,1,6,22,30,0,0,0,0,0,0,7,23,150.86,0,0.128,0.0,4.638,22.6,100.0,23,980.0
1999,1,6,23,0,0,0,0,0,0,0,8,23,155.22,0,0.128,0.0,4.633,26.6,100.0,23,980.0
1999,1,6,23,30,0,0,0,0,0,0,7,22,157.96,0,0.128,0.0,4.625,26.6,100.0,22,980.0
1999,1,7,0,0,0,0,0,0,0,0,7,22,158.47,0,0.128,0.1,4.619,30.8,100.0,22,980.0
1999,1,7,0,30,0,0,0,0,0,0,7,22,156.6,0,0.128,0.1,4.6080000000000005,30.8,100.0,22,980.0
1999,1,7,1,0,0,0,0,0,0,0,7,22,152.83,0,0.128,0.2,4.598,39.400000000000006,100.0,22,980.0
1999,1,7,1,30,0,0,0,0,0,0,7,22,147.83,0,0.128,0.2,4.587,39.400000000000006,100.0,22,980.0
1999,1,7,2,0,0,0,0,0,0,0,7,22,142.08,0,0.128,0.2,4.5760000000000005,48.400000000000006,100.0,22,980.0
1999,1,7,2,30,0,0,0,0,0,0,1,21,135.89000000000001,0,0.128,0.2,4.566,48.400000000000006,100.0,22,980.0
1999,1,7,3,0,0,0,0,0,0,0,0,21,129.41,0,0.128,0.2,4.556,55.300000000000004,100.0,22,980.0
1999,1,7,3,30,0,0,0,0,0,0,1,21,122.75,0,0.128,0.2,4.548,55.300000000000004,100.0,21,980.0
1999,1,7,4,0,0,0,0,0,0,0,0,21,115.98,0,0.128,0.2,4.54,57.400000000000006,100.0,21,980.0
1999,1,7,4,30,0,0,0,0,0,0,0,21,109.13,0,0.128,0.1,4.542,57.400000000000006,100.0,21,980.0
1999,1,7,5,0,0,0,0,0,0,0,0,21,102.23,0,0.128,0.1,4.545,57.7,100.0,21,980.0
1999,1,7,5,30,0,0,0,0,0,0,0,21,95.31,0,0.128,0.0,4.567,57.7,100.0,21,980.0
1999,1,7,6,0,12,156,17,12,156,17,0,22,88.37,0,0.128,0.0,4.589,60.7,100.0,22,980.0
1999,1,7,6,30,36,476,107,36,476,107,0,22,81.45,0,0.128,0.0,4.623,60.7,99.0,23,980.0
1999,1,7,7,0,51,647,224,51,647,224,0,23,74.56,0,0.128,0.0,4.658,58.800000000000004,96.35000000000001,24,980.0
1999,1,7,7,30,61,749,346,61,749,346,0,23,67.72,0,0.128,0.0,4.694,58.800000000000004,90.8,25,980.0
1999,1,7,8,0,69,816,465,69,816,465,0,23,60.96,0,0.128,0.0,4.73,42.6,86.46000000000001,26,980.0
1999,1,7,8,30,75,863,579,75,863,579,0,23,54.31,0,0.128,0.0,4.76,42.6,86.46000000000001,26,980.0
1999,1,7,9,0,80,897,682,80,897,682,0,23,47.84,0,0.128,0.0,4.79,33.4,83.19,27,980.0
1999,1,7,9,30,83,922,773,83,922,773,0,23,41.63,0,0.128,0.0,4.821,33.4,83.16,27,980.0
1999,1,7,10,0,87,940,849,87,940,849,0,24,35.82,0,0.128,0.0,4.852,31.1,79.19,28,980.0
1999,1,7,10,30,89,952,909,89,952,909,0,24,30.66,0,0.128,0.0,4.892,31.1,79.15,28,980.0
1999,1,7,11,0,90,960,950,90,960,950,0,24,26.52,0,0.128,0.0,4.933,31.1,79.17,28,980.0
1999,1,7,11,30,91,965,973,91,965,973,0,24,23.95,0,0.128,0.0,4.977,31.1,79.13,28,980.0
1999,1,7,12,0,489,221,692,90,967,977,3,24,23.46,0,0.128,0.0,5.021,33.2,74.72,29,980.0
1999,1,7,12,30,436,270,681,89,964,962,8,24,25.19,4,0.128,0.0,5.072,33.2,74.68,29,980.0
1999,1,7,13,0,402,46,443,87,959,928,2,24,28.72,0,0.128,0.0,5.123,37.800000000000004,75.3,29,980.0
1999,1,7,13,30,85,948,875,85,948,875,0,24,33.5,0,0.128,0.0,5.17,37.800000000000004,79.75,29,980.0
1999,1,7,14,0,82,932,806,82,932,806,0,24,39.07,0,0.128,0.0,5.218,45.0,81.71000000000001,29,980.0
1999,1,7,14,30,79,911,721,79,911,721,1,24,45.13,0,0.128,0.0,5.257,45.0,81.7,28,980.0
1999,1,7,15,0,289,277,461,75,880,623,3,25,51.5,0,0.128,0.0,5.296,63.400000000000006,84.36,28,980.0
1999,1,7,15,30,70,839,514,70,839,514,0,25,58.08,0,0.128,0.0,5.317,63.400000000000006,89.42,28,980.0
1999,1,7,16,0,64,780,396,64,780,396,0,25,64.8,0,0.128,0.0,5.338,56.5,91.8,28,980.0
1999,1,7,16,30,55,696,275,55,696,275,1,25,71.61,0,0.128,0.0,5.345,56.5,97.37,27,980.0
1999,1,7,17,0,65,333,132,43,557,154,8,25,78.49,0,0.128,0.1,5.352,54.0,98.87,26,980.0
1999,1,7,17,30,26,194,42,24,315,49,7,25,85.4,4,0.128,0.2,5.341,54.0,100.0,26,980.0
1999,1,7,18,0,0,0,0,0,0,0,7,25,92.34,0,0.128,0.30000000000000004,5.331,54.7,100.0,26,980.0
1999,1,7,18,30,0,0,0,0,0,0,7,25,99.27,0,0.128,0.30000000000000004,5.305,54.7,100.0,25,980.0
1999,1,7,19,0,0,0,0,0,0,0,7,25,106.18,1,0.128,0.4,5.279,50.6,100.0,25,980.0
1999,1,7,19,30,0,0,0,0,0,0,7,25,113.06,0,0.128,0.4,5.25,50.6,100.0,25,980.0
1999,1,7,20,0,0,0,0,0,0,0,0,24,119.88,0,0.128,0.4,5.223,46.1,98.47,25,980.0
1999,1,7,20,30,0,0,0,0,0,0,0,24,126.60000000000001,0,0.128,0.4,5.208,46.1,100.0,25,980.0
1999,1,7,21,0,0,0,0,0,0,0,1,24,133.17000000000002,0,0.128,0.4,5.194,41.6,100.0,25,980.0
1999,1,7,21,30,0,0,0,0,0,0,0,24,139.52,0,0.128,0.4,5.1930000000000005,41.6,100.0,24,980.0
1999,1,7,22,0,0,0,0,0,0,0,1,24,145.5,0,0.128,0.4,5.1930000000000005,40.7,100.0,24,980.0
1999,1,7,22,30,0,0,0,0,0,0,1,24,150.88,0,0.128,0.4,5.194,40.7,100.0,24,980.0
1999,1,7,23,0,0,0,0,0,0,0,7,24,155.27,0,0.128,0.5,5.196,46.2,100.0,24,980.0
1999,1,7,23,30,0,0,0,0,0,0,7,24,158.06,0,0.128,0.4,5.186,46.2,100.0,24,980.0
1999,1,8,0,0,0,0,0,0,0,0,7,23,158.61,0,0.128,0.4,5.1770000000000005,53.1,99.43,24,980.0
1999,1,8,0,30,0,0,0,0,0,0,7,23,156.75,0,0.128,0.4,5.156,53.1,99.39,24,980.0
1999,1,8,1,0,0,0,0,0,0,0,3,23,152.99,0,0.128,0.4,5.135,63.1,98.35000000000001,24,980.0
1999,1,8,1,30,0,0,0,0,0,0,7,23,147.99,0,0.128,0.30000000000000004,5.1000000000000005,63.1,98.33,24,980.0
1999,1,8,2,0,0,0,0,0,0,0,3,23,142.23,0,0.128,0.30000000000000004,5.066,81.7,97.41,24,980.0
1999,1,8,2,30,0,0,0,0,0,0,4,23,136.03,0,0.128,0.30000000000000004,5.029,81.7,100.0,24,980.0
1999,1,8,3,0,0,0,0,0,0,0,3,23,129.55,0,0.128,0.30000000000000004,4.992,138.6,100.0,24,980.0
1999,1,8,3,30,0,0,0,0,0,0,3,23,122.88,0,0.128,0.4,4.9750000000000005,138.6,100.0,23,980.0
1999,1,8,4,0,0,0,0,0,0,0,4,23,116.10000000000001,0,0.128,0.5,4.9590000000000005,187.10000000000002,100.0,23,980.0
1999,1,8,4,30,0,0,0,0,0,0,3,23,109.24000000000001,0,0.128,0.5,4.988,187.10000000000002,100.0,23,980.0
1999,1,8,5,0,0,0,0,0,0,0,3,23,102.34,0,0.128,0.6000000000000001,5.017,186.0,100.0,23,980.0
1999,1,8,5,30,0,0,0,0,0,0,8,23,95.41,0,0.128,0.5,5.046,186.0,100.0,23,980.0
1999,1,8,6,0,0,0,0,12,146,16,8,23,88.47,4,0.128,0.4,5.0760000000000005,178.20000000000002,100.0,23,980.0
1999,1,8,6,30,3,0,3,36,466,105,4,23,81.54,0,0.128,0.2,5.089,178.20000000000002,100.0,23,980.0
1999,1,8,7,0,16,0,16,52,637,221,3,23,74.64,0,0.128,0.0,5.102,177.60000000000002,100.0,24,980.0
1999,1,8,7,30,85,0,85,62,741,342,3,23,67.79,0,0.128,0.0,5.114,177.60000000000002,100.0,24,980.0
1999,1,8,8,0,114,0,114,70,809,462,4,24,61.02,0,0.128,0.0,5.126,55.1,100.0,24,980.0
1999,1,8,8,30,232,28,248,76,856,575,4,24,54.36,0,0.128,0.0,5.138,55.1,100.0,24,980.0
1999,1,8,9,0,321,98,387,82,889,679,4,25,47.88,0,0.128,0.0,5.15,26.6,100.0,25,980.0
1999,1,8,9,30,377,195,523,86,915,770,7,25,41.65,0,0.128,0.0,5.158,26.6,100.0,25,980.0
1999,1,8,10,0,386,65,439,89,932,846,8,24,35.82,0,0.128,0.0,5.166,30.5,93.52,26,980.0
1999,1,8,10,30,450,219,640,92,945,906,8,24,30.63,0,0.128,0.0,5.1690000000000005,30.5,93.49,26,980.0
1999,1,8,11,0,476,198,654,93,954,948,8,24,26.46,0,0.128,0.0,5.173,34.1,89.66,27,980.0
1999,1,8,11,30,465,321,759,94,959,972,7,24,23.84,0,0.128,0.0,5.168,34.1,89.63,27,980.0
1999,1,8,12,0,482,263,725,93,961,976,7,23,23.32,0,0.128,0.0,5.164,30.8,83.22,27,980.0
1999,1,8,12,30,477,249,703,93,958,962,7,23,25.03,0,0.128,0.0,5.163,30.8,83.18,27,980.0
1999,1,8,13,0,450,289,704,92,952,928,7,23,28.560000000000002,0,0.128,0.0,5.163,29.8,81.85000000000001,27,980.0
1999,1,8,13,30,425,272,652,90,941,876,7,23,33.34,0,0.128,0.0,5.17,29.8,81.81,27,980.0
1999,1,8,14,0,397,147,512,86,926,807,8,23,38.910000000000004,0,0.128,0.0,5.178,44.0,81.84,27,980.0
1999,1,8,14,30,332,72,383,83,904,723,8,23,44.980000000000004,0,0.128,0.0,5.1930000000000005,44.0,81.81,27,980.0
1999,1,8,15,0,288,285,467,76,878,625,7,24,51.36,0,0.128,0.0,5.208,80.30000000000001,84.41,27,980.0
1999,1,8,15,30,242,213,356,71,838,516,8,24,57.95,0,0.128,0.0,5.218,80.30000000000001,89.5,26,980.0
1999,1,8,16,0,187,167,259,63,784,399,8,24,64.68,0,0.128,0.0,5.229,87.2,91.76,26,980.0
1999,1,8,16,30,115,336,221,55,701,277,7,24,71.5,0,0.128,0.0,5.231,87.2,97.36,26,980.0
1999,1,8,17,0,70,278,126,42,572,158,7,24,78.38,0,0.128,0.1,5.2330000000000005,80.80000000000001,99.46000000000001,26,980.0
1999,1,8,17,30,27,167,41,24,336,51,8,24,85.3,4,0.128,0.1,5.2330000000000005,80.80000000000001,100.0,25,980.0
1999,1,8,18,0,0,0,0,0,0,0,8,24,92.24,0,0.128,0.2,5.234,89.80000000000001,100.0,25,980.0
1999,1,8,18,30,0,0,0,0,0,0,7,24,99.18,0,0.128,0.2,5.226,89.80000000000001,100.0,24,980.0
1999,1,8,19,0,0,0,0,0,0,0,7,24,106.10000000000001,1,0.138,0.30000000000000004,5.218,94.10000000000001,100.0,24,980.0
1999,1,8,19,30,0,0,0,0,0,0,7,23,112.99000000000001,0,0.138,0.30000000000000004,5.203,94.10000000000001,100.0,24,980.0
1999,1,8,20,0,0,0,0,0,0,0,7,23,119.81,0,0.138,0.30000000000000004,5.189,97.10000000000001,100.0,24,980.0
1999,1,8,20,30,0,0,0,0,0,0,3,23,126.55,0,0.138,0.30000000000000004,5.167,97.10000000000001,100.0,23,980.0
1999,1,8,21,0,0,0,0,0,0,0,0,23,133.13,0,0.138,0.4,5.1450000000000005,101.80000000000001,100.0,23,980.0
1999,1,8,21,30,0,0,0,0,0,0,0,23,139.49,0,0.138,0.4,5.122,101.80000000000001,100.0,23,980.0
1999,1,8,22,0,0,0,0,0,0,0,0,23,145.49,0,0.138,0.4,5.101,102.9,100.0,23,980.0
1999,1,8,22,30,0,0,0,0,0,0,0,23,150.91,0,0.138,0.4,5.085,102.9,100.0,23,980.0
1999,1,8,23,0,0,0,0,0,0,0,7,23,155.33,0,0.138,0.4,5.069,97.9,100.0,23,980.0
1999,1,8,23,30,0,0,0,0,0,0,4,22,158.17000000000002,0,0.138,0.4,5.063,97.9,100.0,23,980.0
1999,1,9,0,0,0,0,0,0,0,0,3,22,158.75,0,0.138,0.4,5.057,90.5,100.0,23,980.0
1999,1,9,0,30,0,0,0,0,0,0,0,22,156.92000000000002,0,0.138,0.4,5.0520000000000005,90.5,100.0,22,980.0
1999,1,9,1,0,0,0,0,0,0,0,0,22,153.16,0,0.138,0.5,5.048,84.7,100.0,22,980.0
1999,1,9,1,30,0,0,0,0,0,0,0,22,148.15,0,0.138,0.5,5.037,84.7,100.0,22,980.0
1999,1,9,2,0,0,0,0,0,0,0,1,22,142.39000000000001,0,0.138,0.5,5.026,77.0,100.0,22,980.0
1999,1,9,2,30,0,0,0,0,0,0,4,22,136.17000000000002,0,0.138,0.5,5.015,77.0,100.0,22,980.0
1999,1,9,3,0,0,0,0,0,0,0,7,22,129.68,0,0.138,0.5,5.005,69.3,100.0,22,980.0
1999,1,9,3,30,0,0,0,0,0,0,0,22,123.01,0,0.138,0.5,5.001,69.3,100.0,22,980.0
1999,1,9,4,0,0,0,0,0,0,0,3,22,116.22,0,0.138,0.6000000000000001,4.998,63.5,100.0,22,980.0
1999,1,9,4,30,0,0,0,0,0,0,3,21,109.36,1,0.138,0.6000000000000001,5.001,63.5,100.0,22,980.0
1999,1,9,5,0,0,0,0,0,0,0,7,21,102.44,1,0.138,0.6000000000000001,5.005,56.0,100.0,22,980.0
1999,1,9,5,30,0,0,0,0,0,0,7,21,95.51,0,0.138,0.4,5.0120000000000005,56.0,100.0,22,980.0
1999,1,9,6,0,12,0,12,11,188,16,7,22,88.56,4,0.138,0.2,5.019,50.400000000000006,100.0,22,980.0
1999,1,9,6,30,49,239,84,32,507,106,8,22,81.63,0,0.138,0.1,5.041,50.400000000000006,98.24000000000001,23,980.0
1999,1,9,7,0,102,197,154,45,675,223,8,23,74.72,0,0.138,0.0,5.064,37.5,95.74000000000001,24,980.0
1999,1,9,7,30,159,90,194,53,773,344,8,23,67.86,0,0.138,0.0,5.104,37.5,90.23,25,980.0
1999,1,9,8,0,217,194,311,58,839,464,7,23,61.08,0,0.138,0.0,5.144,31.6,83.66,26,980.0
1999,1,9,8,30,273,116,341,63,884,577,8,23,54.410000000000004,0,0.138,0.0,5.194,31.6,83.66,26,980.0
1999,1,9,9,0,294,47,326,66,916,680,4,23,47.910000000000004,0,0.138,0.0,5.245,31.5,78.92,27,980.0
1999,1,9,9,30,349,349,610,69,939,771,7,23,41.67,0,0.138,0.0,5.298,31.5,78.9,27,980.0
1999,1,9,10,0,383,369,682,71,956,847,7,23,35.82,0,0.138,0.0,5.352,33.300000000000004,75.16,28,980.0
1999,1,9,10,30,368,468,772,73,968,906,8,23,30.6,0,0.138,0.0,5.401,33.300000000000004,75.13,28,980.0
1999,1,9,11,0,407,425,788,75,975,949,7,23,26.39,0,0.138,0.0,5.45,34.9,71.47,29,980.0
1999,1,9,11,30,75,979,972,75,979,972,1,23,23.73,0,0.138,0.0,5.494,34.9,71.43,29,980.0
1999,1,9,12,0,76,979,977,76,979,977,0,23,23.18,0,0.138,0.0,5.538,41.300000000000004,72.06,29,980.0
1999,1,9,12,30,484,204,670,76,976,962,3,23,24.86,0,0.138,0.0,5.58,41.300000000000004,72.01,29,980.0
1999,1,9,13,0,423,254,647,75,969,929,7,23,28.39,4,0.138,0.0,5.6240000000000006,51.300000000000004,72.54,29,980.0
1999,1,9,13,30,74,959,877,74,959,877,0,23,33.18,0,0.138,0.0,5.659,51.300000000000004,72.51,29,980.0
1999,1,9,14,0,73,943,809,73,943,809,1,23,38.76,0,0.138,0.0,5.694,68.3,73.61,29,980.0
1999,1,9,14,30,70,923,725,70,923,725,8,23,44.83,4,0.138,0.0,5.721,68.3,77.98,28,980.0
1999,1,9,15,0,270,374,505,68,893,627,7,24,51.22,0,0.138,0.0,5.748,94.10000000000001,80.47,28,980.0
1999,1,9,15,30,169,557,466,63,855,519,8,24,57.82,0,0.138,0.0,5.766,94.10000000000001,85.3,28,980.0
1999,1,9,16,0,58,799,402,58,799,402,0,24,64.55,0,0.138,0.0,5.784,106.2,87.9,28,980.0
1999,1,9,16,30,132,107,166,50,719,280,8,24,71.38,0,0.138,0.0,5.78,106.2,93.23,27,980.0
1999,1,9,17,0,65,354,137,40,590,160,7,25,78.27,0,0.138,0.0,5.777,81.9,95.55,27,980.0
1999,1,9,17,30,26,231,45,23,360,53,8,25,85.19,4,0.138,0.0,5.759,81.9,100.0,26,980.0
1999,1,9,18,0,0,0,0,0,0,0,7,24,92.14,0,0.138,0.1,5.742,69.7,99.63,25,980.0
1999,1,9,18,30,0,0,0,0,0,0,7,24,99.09,0,0.138,0.0,5.716,69.7,99.67,25,980.0
1999,1,9,19,0,0,0,0,0,0,0,7,24,106.02,1,0.138,0.0,5.691,76.0,97.91,25,980.0
1999,1,9,19,30,0,0,0,0,0,0,7,24,112.91,0,0.138,0.0,5.665,76.0,100.0,24,980.0
1999,1,9,20,0,0,0,0,0,0,0,7,24,119.75,0,0.138,0.0,5.639,91.60000000000001,100.0,24,980.0
1999,1,9,20,30,0,0,0,0,0,0,0,24,126.49000000000001,0,0.138,0.0,5.61,91.60000000000001,100.0,24,980.0
1999,1,9,21,0,0,0,0,0,0,0,1,24,133.09,0,0.138,0.0,5.582,99.60000000000001,100.0,24,980.0
1999,1,9,21,30,0,0,0,0,0,0,0,23,139.47,0,0.138,0.0,5.558,99.60000000000001,100.0,24,980.0
1999,1,9,22,0,0,0,0,0,0,0,0,23,145.49,0,0.138,0.0,5.5360000000000005,103.30000000000001,100.0,24,980.0
1999,1,9,22,30,0,0,0,0,0,0,0,23,150.93,0,0.138,0.0,5.51,103.30000000000001,100.0,23,980.0
1999,1,9,23,0,0,0,0,0,0,0,1,23,155.4,0,0.138,0.0,5.486,103.30000000000001,100.0,23,980.0
1999,1,9,23,30,0,0,0,0,0,0,1,23,158.28,0,0.138,0.0,5.463,103.30000000000001,100.0,23,980.0
1999,1,10,0,0,0,0,0,0,0,0,1,23,158.9,0,0.138,0.0,5.44,98.7,100.0,23,980.0
1999,1,10,0,30,0,0,0,0,0,0,1,22,157.09,0,0.138,0.0,5.422,98.7,100.0,23,980.0
1999,1,10,1,0,0,0,0,0,0,0,1,22,153.33,0,0.138,0.0,5.404,91.7,100.0,23,980.0
1999,1,10,1,30,0,0,0,0,0,0,4,22,148.31,0,0.138,0.0,5.394,91.7,100.0,22,980.0
1999,1,10,2,0,0,0,0,0,0,0,4,22,142.54,0,0.138,0.1,5.384,86.10000000000001,100.0,22,980.0
1999,1,10,2,30,0,0,0,0,0,0,8,22,136.32,0,0.138,0.1,5.384,86.10000000000001,100.0,22,980.0
1999,1,10,3,0,0,0,0,0,0,0,4,22,129.82,0,0.138,0.2,5.384,81.7,100.0,22,980.0
1999,1,10,3,30,0,0,0,0,0,0,3,22,123.14,0,0.138,0.2,5.382,81.7,100.0,22,980.0
1999,1,10,4,0,0,0,0,0,0,0,1,22,116.34,0,0.138,0.30000000000000004,5.381,79.2,100.0,22,980.0
1999,1,10,4,30,0,0,0,0,0,0,7,22,109.47,0,0.138,0.30000000000000004,5.381,79.2,100.0,22,980.0
1999,1,10,5,0,0,0,0,0,0,0,1,22,102.55,0,0.138,0.4,5.382,74.4,100.0,22,980.0
1999,1,10,5,30,0,0,0,0,0,0,0,22,95.61,0,0.138,0.30000000000000004,5.38,74.4,100.0,22,980.0
1999,1,10,6,0,15,0,15,11,181,15,7,22,88.65,4,0.138,0.2,5.3790000000000004,70.10000000000001,100.0,22,980.0
1999,1,10,6,30,32,501,104,32,501,104,0,23,81.71000000000001,0,0.138,0.1,5.378,70.10000000000001,100.0,23,980.0
1999,1,10,7,0,45,669,220,45,669,220,0,23,74.8,0,0.138,0.0,5.378,65.7,97.56,24,980.0
1999,1,10,7,30,54,768,342,54,768,342,0,23,67.93,0,0.138,0.0,5.381,65.7,97.59,24,980.0
1999,1,10,8,0,60,834,462,60,834,462,0,23,61.14,0,0.138,0.0,5.385,63.900000000000006,92.29,25,980.0
1999,1,10,8,30,65,879,576,65,879,576,0,23,54.46,0,0.138,0.0,5.3950000000000005,63.900000000000006,92.29,25,980.0
1999,1,10,9,0,68,911,679,68,911,679,0,23,47.94,0,0.138,0.0,5.405,64.0,85.61,26,980.0
1999,1,10,9,30,71,935,770,71,935,770,0,23,41.68,0,0.138,0.0,5.4190000000000005,64.0,85.59,26,980.0
1999,1,10,10,0,73,953,847,73,953,847,0,23,35.81,1,0.138,0.0,5.433,66.60000000000001,79.61,27,980.0
1999,1,10,10,30,75,965,907,75,965,907,0,23,30.560000000000002,1,0.138,0.0,5.45,66.60000000000001,79.59,27,980.0
1999,1,10,11,0,76,974,949,76,974,949,0,23,26.310000000000002,1,0.138,0.0,5.468,72.10000000000001,74.92,28,980.0
1999,1,10,11,30,407,364,741,77,978,973,7,23,23.61,1,0.138,0.0,5.497,72.10000000000001,74.89,28,980.0
1999,1,10,12,0,410,364,745,77,978,978,7,23,23.02,1,0.138,0.0,5.5280000000000005,79.5,75.29,29,980.0
1999,1,10,12,30,470,290,734,77,976,964,7,23,24.69,0,0.138,0.0,5.561,79.5,75.25,29,980.0
1999,1,10,13,0,391,360,709,77,968,931,7,23,28.22,1,0.138,0.0,5.596,88.7,75.88,29,980.0
1999,1,10,13,30,370,356,669,76,958,879,7,23,33.01,1,0.138,0.0,5.623,88.7,75.85000000000001,28,980.0
1999,1,10,14,0,342,352,617,74,942,811,7,23,38.6,1,0.138,0.0,5.65,102.4,77.74,28,980.0
1999,1,10,14,30,339,159,452,71,922,727,7,23,44.68,1,0.138,0.0,5.663,102.4,82.39,28,980.0
1999,1,10,15,0,293,157,392,68,893,630,7,24,51.08,1,0.138,0.0,5.676,110.5,85.41,28,980.0
1999,1,10,15,30,247,143,324,64,855,521,7,24,57.69,0,0.138,0.0,5.67,110.5,85.41,27,980.0
1999,1,10,16,0,186,151,251,58,802,404,7,24,64.43,1,0.138,0.0,5.665,107.4,87.28,27,980.0
1999,1,10,16,30,130,142,176,50,723,283,7,24,71.26,1,0.138,0.0,5.635,107.4,92.57000000000001,26,980.0
1999,1,10,17,0,77,114,101,40,597,162,7,25,78.16,1,0.138,0.1,5.605,100.0,94.64,26,980.0
1999,1,10,17,30,29,55,34,23,370,55,7,25,85.09,4,0.138,0.2,5.57,100.0,100.0,25,980.0
1999,1,10,18,0,0,0,0,0,0,0,6,24,92.05,0,0.138,0.30000000000000004,5.535,102.10000000000001,99.87,25,980.0
1999,1,10,18,30,0,0,0,0,0,0,7,24,99.0,0,0.138,0.30000000000000004,5.506,102.10000000000001,99.91,25,980.0
1999,1,10,19,0,0,0,0,0,0,0,7,24,105.94,1,0.138,0.4,5.477,101.5,98.15,25,980.0
1999,1,10,19,30,0,0,0,0,0,0,7,24,112.84,0,0.138,0.4,5.449,101.5,100.0,24,980.0
1999,1,10,20,0,0,0,0,0,0,0,7,24,119.69,0,0.138,0.4,5.422,98.10000000000001,100.0,24,980.0
1999,1,10,20,30,0,0,0,0,0,0,7,24,126.44,0,0.138,0.4,5.393,98.10000000000001,100.0,24,980.0
1999,1,10,21,0,0,0,0,0,0,0,3,24,133.06,0,0.138,0.4,5.365,94.7,100.0,24,980.0
1999,1,10,21,30,0,0,0,0,0,0,4,24,139.45000000000002,0,0.138,0.4,5.336,94.7,100.0,24,980.0
1999,1,10,22,0,0,0,0,0,0,0,4,23,145.5,0,0.138,0.5,5.307,82.30000000000001,99.99000000000001,24,980.0
1999,1,10,22,30,0,0,0,0,0,0,4,23,150.97,0,0.138,0.4,5.283,82.30000000000001,99.95,24,980.0
1999,1,10,23,0,0,0,0,0,0,0,7,23,155.48,0,0.138,0.4,5.259,70.8,99.04,24,980.0
1999,1,10,23,30,0,0,0,0,0,0,3,23,158.4,0,0.138,0.30000000000000004,5.24,70.8,100.0,24,980.0
1999,1,11,0,0,0,0,0,0,0,0,4,23,159.06,0,0.138,0.30000000000000004,5.221,69.60000000000001,100.0,24,980.0
1999,1,11,0,30,0,0,0,0,0,0,3,23,157.26,0,0.138,0.30000000000000004,5.212,69.60000000000001,100.0,23,980.0
1999,1,11,1,0,0,0,0,0,0,0,3,23,153.5,0,0.138,0.30000000000000004,5.204,68.3,100.0,23,980.0
1999,1,11,1,30,0,0,0,0,0,0,3,23,148.48,0,0.138,0.30000000000000004,5.202,68.3,100.0,23,980.0
1999,1,11,2,0,0,0,0,0,0,0,0,23,142.69,0,0.138,0.4,5.2010000000000005,61.5,100.0,23,980.0
1999,1,11,2,30,0,0,0,0,0,0,1,23,136.46,0,0.138,0.4,5.205,61.5,100.0,23,980.0
1999,1,11,3,0,0,0,0,0,0,0,3,23,129.95,0,0.138,0.4,5.211,58.0,100.0,23,980.0
1999,1,11,3,30,0,0,0,0,0,0,1,23,123.26,0,0.138,0.4,5.221,58.0,100.0,23,980.0
1999,1,11,4,0,0,0,0,0,0,0,1,23,116.46000000000001,0,0.138,0.4,5.232,69.4,100.0,23,980.0
1999,1,11,4,30,0,0,0,0,0,0,1,23,109.58,0,0.138,0.4,5.235,69.4,100.0,23,980.0
1999,1,11,5,0,0,0,0,0,0,0,1,23,102.65,0,0.138,0.4,5.238,99.80000000000001,100.0,23,980.0
1999,1,11,5,30,0,0,0,0,0,0,1,23,95.7,0,0.138,0.4,5.231,99.80000000000001,100.0,23,980.0
1999,1,11,6,0,6,0,6,10,172,14,7,23,88.74,4,0.138,0.4,5.2250000000000005,125.4,100.0,23,980.0
1999,1,11,6,30,47,0,47,32,496,103,3,23,81.79,4,0.138,0.2,5.218,125.4,100.0,23,980.0
1999,1,11,7,0,97,17,101,45,668,220,3,23,74.87,0,0.138,0.0,5.213,141.3,99.06,24,980.0
1999,1,11,7,30,155,62,178,54,767,342,3,23,67.99,0,0.138,0.0,5.216,141.3,99.08,24,980.0
1999,1,11,8,0,216,107,267,59,835,462,3,24,61.19,0,0.138,0.0,5.219,160.60000000000002,94.57000000000001,25,980.0
1999,1,11,8,30,274,136,353,64,880,576,3,24,54.5,0,0.138,0.0,5.237,160.60000000000002,94.57000000000001,25,980.0
1999,1,11,9,0,326,218,472,67,914,679,3,23,47.97,0,0.138,0.0,5.255,164.20000000000002,88.31,26,980.0
1999,1,11,9,30,70,938,771,70,938,771,1,23,41.69,0,0.138,0.0,5.269,164.20000000000002,88.28,26,980.0
1999,1,11,10,0,419,201,582,73,955,848,3,24,35.79,0,0.138,0.0,5.284,162.9,83.68,27,980.0
1999,1,11,10,30,424,339,717,74,968,908,3,23,30.51,0,0.138,0.0,5.292,162.9,83.64,27,980.0
1999,1,11,11,0,377,417,751,75,976,951,7,24,26.23,4,0.138,0.0,5.301,150.8,84.99,28,980.0
1999,1,11,11,30,490,211,684,76,980,976,7,24,23.490000000000002,0,0.138,0.0,5.311,150.8,84.94,28,980.0
1999,1,11,12,0,151,2,153,76,981,981,8,24,22.86,0,0.138,0.0,5.321,151.3,80.58,28,980.0
1999,1,11,12,30,355,24,377,76,979,967,6,24,24.51,0,0.138,0.0,5.33,151.3,80.53,28,980.0
1999,1,11,13,0,244,12,254,75,973,934,6,24,28.04,0,0.138,0.0,5.34,151.70000000000002,81.06,28,980.0
1999,1,11,13,30,135,0,135,74,963,883,6,24,32.84,0,0.138,0.0,5.353,151.70000000000002,85.87,28,980.0
1999,1,11,14,0,188,5,192,72,947,814,6,24,38.44,0,0.138,0.0,5.3660000000000005,138.8,86.47,28,980.0
1999,1,11,14,30,204,6,209,69,927,731,6,24,44.53,0,0.138,0.0,5.385,138.8,86.46000000000001,27,980.0
1999,1,11,15,0,211,10,217,67,898,633,6,24,50.94,0,0.138,0.0,5.406,117.0,87.22,27,980.0
1999,1,11,15,30,167,1,168,63,860,524,6,24,57.56,0,0.138,0.0,5.423,117.0,92.51,27,980.0
1999,1,11,16,0,84,0,84,59,803,407,6,25,64.31,0,0.138,0.0,5.442,138.3,94.98,27,980.0
1999,1,11,16,30,108,0,108,51,724,285,6,25,71.15,0,0.138,0.0,5.455,138.3,95.0,26,980.0
1999,1,11,17,0,76,25,82,41,591,164,6,25,78.05,0,0.138,0.1,5.469,177.10000000000002,95.98,26,980.0
1999,1,11,17,30,28,0,28,24,364,56,6,25,84.99,4,0.138,0.2,5.484,177.10000000000002,100.0,25,980.0
1999,1,11,18,0,0,0,0,0,0,0,6,24,91.95,0,0.138,0.30000000000000004,5.4990000000000006,185.10000000000002,99.41,25,980.0
1999,1,11,18,30,0,0,0,0,0,0,7,24,98.92,0,0.138,0.30000000000000004,5.51,185.10000000000002,100.0,25,980.0
1999,1,11,19,0,0,0,0,0,0,0,7,24,105.86,1,0.138,0.30000000000000004,5.523,193.3,100.0,25,980.0
1999,1,11,19,30,0,0,0,0,0,0,7,24,112.78,0,0.138,0.30000000000000004,5.527,193.3,100.0,24,980.0
1999,1,11,20,0,0,0,0,0,0,0,7,24,119.63,0,0.138,0.30000000000000004,5.532,199.3,100.0,24,980.0
1999,1,11,20,30,0,0,0,0,0,0,7,23,126.4,0,0.138,0.2,5.535,199.3,100.0,24,980.0
1999,1,11,21,0,0,0,0,0,0,0,7,23,133.02,0,0.138,0.2,5.539,200.3,100.0,24,980.0
1999,1,11,21,30,0,0,0,0,0,0,7,23,139.44,0,0.138,0.1,5.538,200.3,100.0,23,980.0
1999,1,11,22,0,0,0,0,0,0,0,7,23,145.51,0,0.138,0.1,5.537,196.3,100.0,23,980.0
1999,1,11,22,30,0,0,0,0,0,0,7,23,151.01,0,0.138,0.0,5.5120000000000005,196.3,100.0,23,980.0
1999,1,11,23,0,0,0,0,0,0,0,7,23,155.56,0,0.138,0.0,5.487,183.8,100.0,23,980.0
1999,1,11,23,30,0,0,0,0,0,0,7,23,158.52,0,0.138,0.0,5.4590000000000005,183.8,100.0,23,980.0
1999,1,12,0,0,0,0,0,0,0,0,7,23,159.22,0,0.138,0.0,5.431,176.70000000000002,100.0,23,980.0
1999,1,12,0,30,0,0,0,0,0,0,7,22,157.44,0,0.138,0.0,5.4110000000000005,176.70000000000002,100.0,23,980.0
1999,1,12,1,0,0,0,0,0,0,0,7,22,153.68,0,0.138,0.0,5.391,178.9,100.0,23,980.0
1999,1,12,1,30,0,0,0,0,0,0,7,22,148.64000000000001,0,0.138,0.0,5.368,178.9,100.0,22,980.0
1999,1,12,2,0,0,0,0,0,0,0,8,22,142.85,0,0.138,0.1,5.345,183.4,100.0,22,980.0
1999,1,12,2,30,0,0,0,0,0,0,8,22,136.61,0,0.138,0.1,5.3180000000000005,183.4,100.0,22,980.0
1999,1,12,3,0,0,0,0,0,0,0,8,22,130.09,0,0.138,0.1,5.292,178.9,100.0,22,980.0
1999,1,12,3,30,0,0,0,0,0,0,8,22,123.39,0,0.138,0.1,5.271,178.9,100.0,22,980.0
1999,1,12,4,0,0,0,0,0,0,0,8,22,116.58,0,0.138,0.1,5.25,172.9,100.0,22,980.0
1999,1,12,4,30,0,0,0,0,0,0,8,22,109.69,0,0.138,0.1,5.24,172.9,100.0,22,980.0
1999,1,12,5,0,0,0,0,0,0,0,3,22,102.76,0,0.138,0.1,5.231,168.20000000000002,100.0,22,980.0
1999,1,12,5,30,0,0,0,0,0,0,7,22,95.8,0,0.138,0.0,5.237,168.20000000000002,100.0,22,980.0
1999,1,12,6,0,4,0,4,10,147,13,7,22,88.83,4,0.138,0.0,5.243,164.4,100.0,22,980.0
1999,1,12,6,30,34,0,34,34,474,101,3,22,81.87,0,0.138,0.0,5.269,164.4,100.0,22,980.0
1999,1,12,7,0,7,0,7,49,646,217,3,23,74.94,0,0.138,0.0,5.295,159.4,100.0,23,980.0
1999,1,12,7,30,59,749,339,59,749,339,1,23,68.05,0,0.138,0.0,5.332,159.4,100.0,23,980.0
1999,1,12,8,0,151,0,151,66,816,459,3,24,61.24,0,0.138,0.0,5.37,164.20000000000002,100.0,24,980.0
1999,1,12,8,30,72,863,573,72,863,573,0,24,54.53,0,0.138,0.0,5.421,164.20000000000002,100.0,24,980.0
1999,1,12,9,0,303,60,344,77,897,677,3,24,47.99,0,0.138,0.0,5.472,162.20000000000002,99.35000000000001,25,980.0
1999,1,12,9,30,221,9,228,80,922,769,4,24,41.69,0,0.138,0.0,5.535,162.20000000000002,99.32000000000001,25,980.0
1999,1,12,10,0,240,13,251,84,939,846,8,24,35.77,4,0.138,0.0,5.598,163.3,97.17,25,980.0
1999,1,12,10,30,327,22,346,86,952,906,3,24,30.46,0,0.138,0.0,5.656,163.3,97.15,25,980.0
1999,1,12,11,0,450,332,749,88,959,949,8,23,26.14,0,0.138,0.0,5.715,167.70000000000002,88.09,26,980.0
1999,1,12,11,30,490,220,692,89,963,974,3,23,23.36,0,0.138,0.0,5.746,167.70000000000002,88.07000000000001,26,980.0
1999,1,12,12,0,90,963,979,90,963,979,0,23,22.7,0,0.138,0.0,5.777,166.60000000000002,84.72,26,980.0
1999,1,12,12,30,484,138,610,90,960,965,7,23,24.330000000000002,0,0.138,0.0,5.761,166.60000000000002,84.68,26,980.0
1999,1,12,13,0,469,162,612,90,952,932,7,22,27.86,0,0.138,0.0,5.746,171.10000000000002,82.55,27,980.0
1999,1,12,13,30,440,186,597,88,942,882,3,22,32.67,0,0.138,0.0,5.703,171.10000000000002,82.51,26,980.0
1999,1,12,14,0,329,458,689,88,922,813,8,22,38.28,0,0.138,0.0,5.66,162.3,82.07000000000001,26,980.0
1999,1,12,14,30,344,284,548,85,901,729,7,22,44.38,0,0.138,0.0,5.604,162.3,82.04,26,980.0
1999,1,12,15,0,287,313,485,83,867,631,8,22,50.800000000000004,0,0.138,0.0,5.549,153.60000000000002,83.45,26,980.0
1999,1,12,15,30,77,826,522,77,826,522,1,22,57.42,0,0.138,0.0,5.481,153.60000000000002,88.53,25,980.0
1999,1,12,16,0,70,768,405,70,768,405,0,23,64.18,0,0.138,0.0,5.414,140.4,90.57000000000001,25,980.0
1999,1,12,16,30,60,685,283,60,685,283,1,23,71.03,0,0.138,0.0,5.356,140.4,90.57000000000001,25,980.0
1999,1,12,17,0,77,209,121,45,566,164,8,23,77.95,0,0.138,0.0,5.3,135.5,94.02,25,980.0
1999,1,12,17,30,30,122,41,26,337,56,8,23,84.89,4,0.138,0.0,5.274,135.5,99.81,24,980.0
1999,1,12,18,0,0,0,0,0,0,0,7,24,91.86,0,0.138,0.1,5.249,133.20000000000002,100.0,24,980.0
1999,1,12,18,30,0,0,0,0,0,0,7,24,98.83,0,0.138,0.2,5.231,133.20000000000002,100.0,24,980.0
1999,1,12,19,0,0,0,0,0,0,0,7,23,105.79,1,0.138,0.30000000000000004,5.213,85.5,96.92,24,980.0
1999,1,12,19,30,0,0,0,0,0,0,7,23,112.71000000000001,0,0.138,0.30000000000000004,5.199,85.5,100.0,23,980.0
1999,1,12,20,0,0,0,0,0,0,0,7,23,119.58,0,0.138,0.4,5.186,76.9,100.0,23,980.0
1999,1,12,20,30,0,0,0,0,0,0,7,23,126.36,0,0.138,0.4,5.167,76.9,100.0,23,980.0
1999,1,12,21,0,0,0,0,0,0,0,7,23,133.0,0,0.138,0.4,5.148,73.8,100.0,23,980.0
1999,1,12,21,30,0,0,0,0,0,0,7,22,139.43,0,0.138,0.4,5.124,73.8,100.0,22,980.0
1999,1,12,22,0,0,0,0,0,0,0,8,22,145.52,0,0.138,0.4,5.1000000000000005,80.80000000000001,100.0,22,980.0
1999,1,12,22,30,0,0,0,0,0,0,7,22,151.05,0,0.138,0.4,5.075,80.80000000000001,100.0,22,980.0
1999,1,12,23,0,0,0,0,0,0,0,7,22,155.64000000000001,0,0.138,0.4,5.051,91.30000000000001,100.0,22,980.0
1999,1,12,23,30,0,0,0,0,0,0,7,22,158.66,0,0.138,0.4,5.042,91.30000000000001,100.0,22,980.0
1999,1,13,0,0,0,0,0,0,0,0,7,22,159.39000000000001,0,0.138,0.4,5.033,95.80000000000001,100.0,22,980.0
1999,1,13,0,30,0,0,0,0,0,0,7,22,157.63,0,0.138,0.4,5.042,95.80000000000001,100.0,22,980.0
1999,1,13,1,0,0,0,0,0,0,0,3,22,153.86,0,0.138,0.5,5.051,97.80000000000001,100.0,22,980.0
1999,1,13,1,30,0,0,0,0,0,0,7,22,148.82,0,0.138,0.4,5.056,97.80000000000001,100.0,22,980.0
1999,1,13,2,0,0,0,0,0,0,0,7,22,143.01,0,0.138,0.4,5.062,104.4,100.0,22,980.0
1999,1,13,2,30,0,0,0,0,0,0,7,22,136.75,0,0.138,0.30000000000000004,5.0600000000000005,104.4,100.0,22,980.0
1999,1,13,3,0,0,0,0,0,0,0,7,22,130.22,0,0.138,0.2,5.059,158.60000000000002,100.0,23,980.0
1999,1,13,3,30,0,0,0,0,0,0,4,22,123.51,0,0.138,0.2,5.048,158.60000000000002,100.0,23,980.0
1999,1,13,4,0,0,0,0,0,0,0,3,22,116.69,0,0.138,0.2,5.038,178.4,100.0,23,980.0
1999,1,13,4,30,0,0,0,0,0,0,1,22,109.8,0,0.138,0.2,5.023,178.4,100.0,22,980.0
1999,1,13,5,0,0,0,0,0,0,0,7,22,102.86,0,0.138,0.30000000000000004,5.008,122.60000000000001,100.0,22,980.0
1999,1,13,5,30,0,0,0,0,0,0,3,22,95.89,0,0.138,0.30000000000000004,4.998,122.60000000000001,100.0,22,980.0
1999,1,13,6,0,4,0,4,10,69,11,7,22,88.91,4,0.138,0.30000000000000004,4.989,91.60000000000001,100.0,22,980.0
1999,1,13,6,30,34,0,34,42,369,94,4,22,81.95,0,0.138,0.1,4.993,91.60000000000001,98.07000000000001,23,980.0
1999,1,13,7,0,86,366,180,64,552,207,8,23,75.01,0,0.138,0.0,4.997,76.80000000000001,94.66,24,980.0
1999,1,13,7,30,141,338,267,79,668,328,8,23,68.11,0,0.138,0.0,5.0120000000000005,76.80000000000001,94.68,25,980.0
1999,1,13,8,0,157,1,158,91,743,448,4,22,61.29,0,0.138,0.0,5.027,81.80000000000001,85.97,26,980.0
1999,1,13,8,30,134,0,134,100,798,563,4,22,54.57,0,0.138,0.0,5.048,81.80000000000001,85.97,26,980.0
1999,1,13,9,0,301,58,341,107,838,667,4,22,48.01,0,0.138,0.0,5.07,71.8,81.58,26,980.0
1999,1,13,9,30,284,21,300,112,867,760,4,22,41.69,0,0.138,0.0,5.089,71.8,81.55,26,980.0
1999,1,13,10,0,420,179,566,114,892,838,3,22,35.75,0,0.138,0.0,5.109,62.7,78.4,27,980.0
1999,1,13,10,30,423,71,485,117,907,900,4,22,30.41,0,0.138,0.0,5.135,62.7,78.37,27,980.0
1999,1,13,11,0,173,5,178,117,920,944,4,23,26.04,0,0.138,0.0,5.1610000000000005,56.7,75.49,28,980.0
1999,1,13,11,30,254,13,266,119,925,969,4,23,23.22,0,0.138,0.0,5.199,56.7,75.46000000000001,28,980.0
1999,1,13,12,0,393,32,423,119,926,975,8,23,22.52,0,0.138,0.0,5.237,49.400000000000006,76.87,28,980.0
1999,1,13,12,30,301,16,316,118,923,961,8,23,24.14,0,0.138,0.0,5.281,49.400000000000006,76.83,28,980.0
1999,1,13,13,0,445,325,733,117,914,927,8,23,27.67,0,0.138,0.0,5.325,28.1,77.89,28,980.0
1999,1,13,13,30,355,477,757,115,902,876,7,23,32.49,0,0.138,0.0,5.365,28.1,77.86,28,980.0
1999,1,13,14,0,112,882,807,112,882,807,0,23,38.11,0,0.138,0.0,5.405,29.1,78.8,28,980.0
1999,1,13,14,30,330,61,374,108,858,723,3,23,44.230000000000004,0,0.138,0.0,5.429,29.1,78.79,28,980.0
1999,1,13,15,0,279,355,504,102,826,625,8,24,50.660000000000004,0,0.138,0.0,5.454,303.90000000000003,81.93,28,980.0
1999,1,13,15,30,243,253,380,94,781,516,7,24,57.29,0,0.138,0.0,5.481,303.90000000000003,86.85000000000001,27,980.0
1999,1,13,16,0,193,118,244,85,718,399,7,25,64.06,0,0.138,0.0,5.508,280.0,95.75,26,980.0
1999,1,13,16,30,131,51,148,73,628,278,6,25,70.92,0,0.138,0.0,5.501,280.0,100.0,26,980.0
1999,1,13,17,0,79,178,117,55,493,159,7,24,77.84,0,0.138,0.1,5.495,84.9,97.68,26,980.0
1999,1,13,17,30,32,84,39,30,264,54,7,24,84.8,4,0.138,0.2,5.479,84.9,97.7,25,980.0
1999,1,13,18,0,0,0,0,0,0,0,7,23,91.77,0,0.138,0.30000000000000004,5.464,99.9,93.39,25,980.0
1999,1,13,18,30,0,0,0,0,0,0,7,23,98.75,0,0.138,0.30000000000000004,5.444,99.9,99.14,24,980.0
1999,1,13,19,0,0,0,0,0,0,0,7,23,105.72,1,0.138,0.4,5.425,88.4,98.72,24,980.0
1999,1,13,19,30,0,0,0,0,0,0,3,23,112.65,0,0.138,0.4,5.407,88.4,100.0,23,980.0
1999,1,13,20,0,0,0,0,0,0,0,1,23,119.53,0,0.138,0.4,5.39,78.5,100.0,23,980.0
1999,1,13,20,30,0,0,0,0,0,0,0,23,126.32000000000001,0,0.138,0.30000000000000004,5.38,78.5,100.0,23,980.0
1999,1,13,21,0,0,0,0,0,0,0,3,23,132.97,0,0.138,0.30000000000000004,5.37,69.9,100.0,23,980.0
1999,1,13,21,30,0,0,0,0,0,0,3,22,139.42000000000002,0,0.138,0.2,5.367,69.9,100.0,23,980.0
1999,1,13,22,0,0,0,0,0,0,0,4,22,145.54,0,0.138,0.2,5.365,62.5,100.0,23,980.0
1999,1,13,22,30,0,0,0,0,0,0,3,22,151.1,0,0.138,0.2,5.3740000000000006,62.5,100.0,22,980.0
1999,1,13,23,0,0,0,0,0,0,0,4,22,155.73,0,0.138,0.2,5.383,55.7,100.0,22,980.0
1999,1,13,23,30,0,0,0,0,0,0,4,22,158.79,0,0.138,0.2,5.394,55.7,100.0,22,980.0
1999,1,14,0,0,0,0,0,0,0,0,4,22,159.57,0,0.138,0.2,5.405,46.2,100.0,22,980.0
1999,1,14,0,30,0,0,0,0,0,0,4,22,157.82,0,0.138,0.2,5.414,46.2,100.0,22,980.0
1999,1,14,1,0,0,0,0,0,0,0,4,22,154.05,0,0.138,0.2,5.424,35.2,100.0,22,980.0
1999,1,14,1,30,0,0,0,0,0,0,4,22,148.99,0,0.138,0.2,5.428,35.2,100.0,22,980.0
1999,1,14,2,0,0,0,0,0,0,0,4,22,143.17000000000002,0,0.138,0.2,5.433,30.8,100.0,22,980.0
1999,1,14,2,30,0,0,0,0,0,0,7,22,136.9,0,0.138,0.2,5.432,30.8,100.0,22,980.0
1999,1,14,3,0,0,0,0,0,0,0,4,22,130.36,0,0.138,0.2,5.432,31.200000000000003,100.0,22,980.0
1999,1,14,3,30,0,0,0,0,0,0,8,22,123.64,0,0.138,0.2,5.422,31.200000000000003,100.0,22,980.0
1999,1,14,4,0,0,0,0,0,0,0,7,22,116.81,0,0.138,0.2,5.412,34.2,100.0,22,980.0
1999,1,14,4,30,0,0,0,0,0,0,7,22,109.9,0,0.138,0.2,5.397,34.2,100.0,22,980.0
1999,1,14,5,0,0,0,0,0,0,0,7,22,102.95,0,0.138,0.2,5.382,35.800000000000004,100.0,22,980.0
1999,1,14,5,30,0,0,0,0,0,0,4,22,95.98,0,0.138,0.1,5.369,35.800000000000004,100.0,22,980.0
1999,1,14,6,0,4,0,4,9,81,11,8,22,88.99,4,0.138,0.1,5.356,34.1,100.0,22,980.0
1999,1,14,6,30,40,0,40,39,395,94,8,22,82.02,4,0.138,0.0,5.345,34.1,100.0,22,980.0
1999,1,14,7,0,89,0,89,57,589,209,8,23,75.07000000000001,0,0.138,0.0,5.335,33.800000000000004,100.0,23,980.0
1999,1,14,7,30,157,172,221,70,701,331,8,23,68.16,0,0.138,0.0,5.321,33.800000000000004,100.0,23,980.0
1999,1,14,8,0,215,188,305,77,783,453,8,24,61.33,0,0.138,0.0,5.308,26.700000000000003,100.0,24,980.0
1999,1,14,8,30,265,203,382,84,834,568,8,24,54.6,4,0.138,0.0,5.2940000000000005,26.700000000000003,100.0,24,980.0
1999,1,14,9,0,328,176,446,87,877,674,8,24,48.02,0,0.138,0.0,5.281,32.7,100.0,25,980.0
1999,1,14,9,30,328,43,361,91,904,767,6,24,41.69,0,0.138,0.0,5.271,32.7,100.0,25,980.0
1999,1,14,10,0,396,76,458,93,926,845,7,24,35.72,0,0.138,0.0,5.261,35.2,99.83,25,980.0
1999,1,14,10,30,447,250,663,96,940,907,8,24,30.34,0,0.138,0.0,5.25,35.2,99.8,25,980.0
1999,1,14,11,0,479,178,639,97,949,951,7,24,25.94,0,0.138,0.0,5.24,34.2,90.02,26,980.0
1999,1,14,11,30,486,251,717,98,954,977,7,24,23.07,0,0.138,0.0,5.223,34.2,89.98,26,980.0
1999,1,14,12,0,475,311,763,99,955,983,7,23,22.34,0,0.138,0.0,5.207,34.1,85.24,26,980.0
1999,1,14,12,30,481,119,590,98,953,969,8,23,23.95,0,0.138,0.0,5.1850000000000005,34.1,85.2,26,980.0
1999,1,14,13,0,289,15,303,97,947,937,4,22,27.48,0,0.138,0.0,5.164,38.5,83.42,27,980.0
1999,1,14,13,30,408,66,464,95,936,886,8,22,32.31,0,0.138,0.0,5.147,38.5,83.39,26,980.0
1999,1,14,14,0,295,562,739,92,921,818,8,23,37.95,0,0.138,0.0,5.131,43.300000000000004,83.63,26,980.0
1999,1,14,14,30,273,21,288,88,899,734,8,23,44.08,0,0.138,0.0,5.115,43.300000000000004,83.61,26,980.0
1999,1,14,15,0,145,0,145,84,869,637,4,23,50.52,0,0.138,0.0,5.099,53.6,85.7,26,980.0
1999,1,14,15,30,72,0,72,78,829,527,6,23,57.160000000000004,0,0.138,0.0,5.09,53.6,90.92,26,980.0
1999,1,14,16,0,179,305,314,71,771,409,8,23,63.940000000000005,0,0.138,0.0,5.082,52.900000000000006,92.9,26,980.0
1999,1,14,16,30,131,231,207,61,687,287,8,23,70.81,0,0.138,0.0,5.081,52.900000000000006,92.92,25,980.0
1999,1,14,17,0,81,144,112,48,552,166,8,24,77.74,0,0.138,0.1,5.081,43.5,94.97,25,980.0
1999,1,14,17,30,32,74,39,28,323,57,7,24,84.7,4,0.138,0.1,5.0840000000000005,43.5,100.0,25,980.0
1999,1,14,18,0,0,0,0,0,0,0,7,23,91.69,0,0.138,0.2,5.087,59.300000000000004,98.15,25,980.0
1999,1,14,18,30,0,0,0,0,0,0,0,23,98.67,0,0.138,0.2,5.08,59.300000000000004,98.18,24,980.0
1999,1,14,19,0,0,0,0,0,0,0,0,23,105.65,1,0.138,0.30000000000000004,5.074,85.7,96.61,24,980.0
1999,1,14,19,30,0,0,0,0,0,0,0,23,112.59,0,0.138,0.30000000000000004,5.064,85.7,96.64,24,980.0
1999,1,14,20,0,0,0,0,0,0,0,1,23,119.48,0,0.138,0.4,5.055,113.9,95.87,24,980.0
1999,1,14,20,30,0,0,0,0,0,0,0,23,126.28,0,0.138,0.4,5.056,113.9,100.0,24,980.0
1999,1,14,21,0,0,0,0,0,0,0,0,23,132.95,0,0.138,0.4,5.057,140.70000000000002,100.0,24,980.0
1999,1,14,21,30,0,0,0,0,0,0,1,23,139.42000000000002,0,0.138,0.4,5.061,140.70000000000002,100.0,23,980.0
1999,1,14,22,0,0,0,0,0,0,0,0,23,145.56,0,0.138,0.5,5.066,154.10000000000002,100.0,23,980.0
1999,1,14,22,30,0,0,0,0,0,0,1,23,151.16,0,0.138,0.4,5.0760000000000005,154.10000000000002,100.0,23,980.0
1999,1,14,23,0,0,0,0,0,0,0,3,23,155.83,0,0.138,0.4,5.086,166.10000000000002,100.0,23,980.0
1999,1,14,23,30,0,0,0,0,0,0,1,23,158.94,0,0.138,0.4,5.101,166.10000000000002,100.0,23,980.0
1999,1,15,0,0,0,0,0,0,0,0,7,22,159.75,0,0.138,0.4,5.117,176.60000000000002,99.60000000000001,23,980.0
1999,1,15,0,30,0,0,0,0,0,0,7,22,158.02,0,0.138,0.4,5.127,176.60000000000002,99.57000000000001,23,980.0
1999,1,15,1,0,0,0,0,0,0,0,7,22,154.24,0,0.138,0.4,5.138,176.70000000000002,98.99000000000001,23,980.0
1999,1,15,1,30,0,0,0,0,0,0,3,22,149.16,0,0.138,0.4,5.135,176.70000000000002,100.0,23,980.0
1999,1,15,2,0,0,0,0,0,0,0,0,22,143.33,0,0.138,0.4,5.133,169.0,100.0,23,980.0
1999,1,15,2,30,0,0,0,0,0,0,0,22,137.05,0,0.138,0.4,5.114,169.0,100.0,23,980.0
1999,1,15,3,0,0,0,0,0,0,0,0,22,130.49,0,0.138,0.4,5.096,159.10000000000002,100.0,23,980.0
1999,1,15,3,30,0,0,0,0,0,0,3,22,123.76,0,0.138,0.4,5.059,159.10000000000002,100.0,22,980.0
1999,1,15,4,0,0,0,0,0,0,0,0,22,116.92,0,0.138,0.4,5.022,160.9,100.0,22,980.0
1999,1,15,4,30,0,0,0,0,0,0,0,22,110.01,0,0.138,0.4,4.969,160.9,100.0,22,980.0
1999,1,15,5,0,0,0,0,0,0,0,0,22,103.05,1,0.138,0.5,4.916,166.5,100.0,22,980.0
1999,1,15,5,30,0,0,0,0,0,0,0,22,96.07000000000001,1,0.138,0.4,4.854,166.5,100.0,22,980.0
1999,1,15,6,0,0,0,0,0,0,0,0,22,89.07000000000001,1,0.138,0.4,4.793,166.0,100.0,22,980.0
1999,1,15,6,30,38,413,95,38,413,95,0,22,82.09,0,0.138,0.2,4.737,166.0,100.0,22,980.0
1999,1,15,7,0,56,602,210,56,602,210,0,23,75.13,0,0.138,0.0,4.682,158.9,100.0,23,980.0
1999,1,15,7,30,68,714,333,68,714,333,1,23,68.21000000000001,0,0.138,0.0,4.641,158.9,94.27,24,980.0
1999,1,15,8,0,206,63,236,76,791,456,3,22,61.370000000000005,0,0.138,0.0,4.6000000000000005,96.4,88.46000000000001,25,980.0
1999,1,15,8,30,263,79,309,83,843,571,3,22,54.620000000000005,0,0.138,0.0,4.58,96.4,88.45,25,980.0
1999,1,15,9,0,320,254,490,89,880,677,3,22,48.03,0,0.138,0.0,4.561,72.2,82.9,26,980.0
1999,1,15,9,30,355,321,596,93,907,771,3,22,41.68,0,0.138,0.0,4.559,72.2,82.88,26,980.0
1999,1,15,10,0,360,364,656,97,925,850,3,22,35.68,1,0.138,0.0,4.558,58.0,77.65,27,980.0
1999,1,15,10,30,430,186,591,100,940,912,3,22,30.28,1,0.138,0.0,4.566,58.0,77.61,27,980.0
1999,1,15,11,0,479,156,620,102,948,956,3,22,25.830000000000002,0,0.138,0.0,4.575,56.1,72.53,28,980.0
1999,1,15,11,30,479,102,573,103,954,982,3,22,22.92,0,0.138,0.0,4.587,56.1,72.49,28,980.0
1999,1,15,12,0,104,954,988,104,954,988,0,22,22.16,0,0.138,0.0,4.599,56.6,72.01,28,980.0
1999,1,15,12,30,103,952,975,103,952,975,0,22,23.75,0,0.138,0.0,4.618,56.6,71.97,28,980.0
1999,1,15,13,0,101,946,942,101,946,942,0,22,27.29,0,0.138,0.0,4.6370000000000005,64.3,72.51,28,980.0
1999,1,15,13,30,99,934,891,99,934,891,0,22,32.13,0,0.138,0.0,4.659,64.3,72.47,28,980.0
1999,1,15,14,0,96,919,822,96,919,822,0,22,37.78,0,0.138,0.0,4.681,72.9,73.64,28,980.0
1999,1,15,14,30,92,896,738,92,896,738,0,22,43.93,0,0.138,0.0,4.7,72.9,78.04,28,980.0
1999,1,15,15,0,87,866,640,87,866,640,0,23,50.38,0,0.138,0.0,4.719,82.5,80.43,28,980.0
1999,1,15,15,30,81,825,530,81,825,530,0,23,57.03,0,0.138,0.0,4.73,82.5,80.43,27,980.0
1999,1,15,16,0,87,728,409,73,767,412,8,24,63.82,0,0.138,0.0,4.742,115.4,83.91,27,980.0
1999,1,15,16,30,111,0,111,63,683,289,4,24,70.7,0,0.138,0.0,4.747,115.4,89.0,26,980.0
1999,1,15,17,0,80,185,120,50,550,167,7,24,77.64,0,0.138,0.1,4.7540000000000004,99.0,90.39,26,980.0
1999,1,15,17,30,32,102,42,28,322,59,7,24,84.61,4,0.138,0.1,4.752,99.0,95.93,25,980.0
1999,1,15,18,0,0,0,0,0,0,0,8,23,91.60000000000001,0,0.138,0.2,4.751,102.5,93.15,25,980.0
1999,1,15,18,30,0,0,0,0,0,0,8,23,98.60000000000001,0,0.138,0.2,4.748,102.5,98.91,24,980.0
1999,1,15,19,0,0,0,0,0,0,0,8,23,105.58,1,0.138,0.30000000000000004,4.746,108.9,97.28,24,980.0
1999,1,15,19,30,0,0,0,0,0,0,7,23,112.53,0,0.138,0.2,4.734,108.9,100.0,24,980.0
1999,1,15,20,0,0,0,0,0,0,0,7,23,119.43,0,0.138,0.2,4.723,111.80000000000001,100.0,24,980.0
1999,1,15,20,30,0,0,0,0,0,0,7,23,126.25,0,0.138,0.2,4.704,111.80000000000001,100.0,23,980.0
1999,1,15,21,0,0,0,0,0,0,0,8,23,132.94,0,0.138,0.2,4.6850000000000005,112.10000000000001,100.0,23,980.0
1999,1,15,21,30,0,0,0,0,0,0,8,22,139.42000000000002,0,0.138,0.2,4.6690000000000005,112.10000000000001,100.0,23,980.0
1999,1,15,22,0,0,0,0,0,0,0,8,22,145.59,0,0.138,0.2,4.654,113.10000000000001,100.0,23,980.0
1999,1,15,22,30,0,0,0,0,0,0,8,22,151.22,0,0.138,0.1,4.638,113.10000000000001,100.0,22,980.0
1999,1,15,23,0,0,0,0,0,0,0,8,22,155.93,0,0.138,0.1,4.624,115.9,100.0,22,980.0
1999,1,15,23,30,0,0,0,0,0,0,8,22,159.09,0,0.138,0.1,4.613,115.9,100.0,22,980.0
1999,1,16,0,0,0,0,0,0,0,0,7,22,159.94,0,0.138,0.2,4.602,117.30000000000001,100.0,22,980.0
1999,1,16,0,30,0,0,0,0,0,0,4,22,158.22,0,0.138,0.30000000000000004,4.596,117.30000000000001,100.0,22,980.0
1999,1,16,1,0,0,0,0,0,0,0,7,22,154.43,0,0.138,0.4,4.5920000000000005,119.9,100.0,22,980.0
1999,1,16,1,30,0,0,0,0,0,0,7,22,149.34,0,0.138,0.4,4.596,119.9,100.0,22,980.0
1999,1,16,2,0,0,0,0,0,0,0,4,22,143.49,0,0.138,0.5,4.602,123.60000000000001,100.0,22,980.0
1999,1,16,2,30,0,0,0,0,0,0,4,22,137.20000000000002,0,0.138,0.5,4.607,123.60000000000001,100.0,22,980.0
1999,1,16,3,0,0,0,0,0,0,0,3,22,130.63,0,0.138,0.5,4.612,121.80000000000001,100.0,22,980.0
1999,1,16,3,30,0,0,0,0,0,0,7,22,123.89,0,0.138,0.5,4.607,121.80000000000001,100.0,22,980.0
1999,1,16,4,0,0,0,0,0,0,0,1,22,117.04,0,0.138,0.5,4.602,112.30000000000001,100.0,22,980.0
1999,1,16,4,30,0,0,0,0,0,0,0,21,110.11,0,0.138,0.5,4.583,112.30000000000001,100.0,22,980.0
1999,1,16,5,0,0,0,0,0,0,0,1,21,103.14,0,0.138,0.5,4.565,102.4,100.0,22,980.0
1999,1,16,5,30,0,0,0,0,0,0,7,21,96.15,0,0.138,0.30000000000000004,4.539,102.4,100.0,22,980.0
1999,1,16,6,0,0,0,0,0,0,0,7,21,89.15,0,0.138,0.2,4.513,94.7,100.0,22,980.0
1999,1,16,6,30,32,0,32,35,442,96,8,22,82.16,4,0.138,0.1,4.487,94.7,100.0,23,980.0
1999,1,16,7,0,72,0,72,50,636,213,4,22,75.19,0,0.138,0.0,4.461,75.60000000000001,91.84,24,980.0
1999,1,16,7,30,148,40,163,61,744,337,8,22,68.26,0,0.138,0.0,4.449,75.60000000000001,91.85000000000001,25,980.0
1999,1,16,8,0,198,49,222,67,820,460,8,22,61.4,4,0.138,0.0,4.437,68.0,84.99,26,980.0
1999,1,16,8,30,261,76,305,73,869,576,8,22,54.65,0,0.138,0.0,4.444,68.0,80.10000000000001,26,980.0
1999,1,16,9,0,77,905,682,77,905,682,0,22,48.04,0,0.138,0.0,4.452,63.0,75.52,27,980.0
1999,1,16,9,30,81,930,775,81,930,775,0,22,41.660000000000004,0,0.138,0.0,4.48,63.0,75.5,27,980.0
1999,1,16,10,0,85,945,854,85,945,854,0,22,35.64,0,0.138,0.0,4.509,64.9,72.06,28,980.0
1999,1,16,10,30,263,13,275,88,958,916,7,22,30.21,0,0.138,0.0,4.555,64.9,72.03,28,980.0
1999,1,16,11,0,92,963,960,92,963,960,0,22,25.72,0,0.138,0.0,4.602,76.0,68.94,29,980.0
1999,1,16,11,30,92,968,985,92,968,985,0,22,22.77,0,0.138,0.0,4.664,76.0,68.91,29,980.0
1999,1,16,12,0,450,378,801,93,968,991,7,22,21.97,0,0.138,0.0,4.727,87.60000000000001,69.55,29,980.0
1999,1,16,12,30,438,388,794,92,965,978,8,22,23.54,0,0.138,0.0,4.795,87.60000000000001,69.51,29,980.0
1999,1,16,13,0,90,960,945,90,960,945,0,23,27.09,0,0.138,0.0,4.864,99.2,70.88,29,980.0
1999,1,16,13,30,406,375,725,88,949,894,3,23,31.95,0,0.138,0.0,4.929,99.2,70.85000000000001,29,980.0
1999,1,16,14,0,162,2,164,85,934,825,3,23,37.61,0,0.138,0.0,4.995,120.10000000000001,72.36,29,980.0
1999,1,16,14,30,243,13,252,82,913,741,3,23,43.77,0,0.138,0.0,5.047,120.10000000000001,76.66,28,980.0
1999,1,16,15,0,299,86,355,77,885,643,3,23,50.24,0,0.138,0.0,5.1000000000000005,141.1,78.64,28,980.0
1999,1,16,15,30,72,845,534,72,845,534,0,23,56.910000000000004,0,0.138,0.0,5.144,141.1,83.36,28,980.0
1999,1,16,16,0,66,789,415,66,789,415,0,24,63.7,0,0.138,0.0,5.188,140.8,86.16,28,980.0
1999,1,16,16,30,57,708,293,57,708,293,0,24,70.59,0,0.138,0.0,5.221,140.8,91.38,27,980.0
1999,1,16,17,0,46,576,170,46,576,170,0,24,77.54,0,0.138,0.0,5.255,115.7,92.91,27,980.0
1999,1,16,17,30,27,353,61,27,353,61,7,24,84.52,4,0.138,0.0,5.283,115.7,98.59,26,980.0
1999,1,16,18,0,0,0,0,0,0,0,7,24,91.52,0,0.138,0.1,5.312,80.4,98.33,26,980.0
1999,1,16,18,30,0,0,0,0,0,0,7,24,98.53,0,0.138,0.1,5.336,80.4,98.36,25,980.0
1999,1,16,19,0,0,0,0,0,0,0,7,24,105.52,1,0.139,0.1,5.361,90.7,97.3,25,980.0
1999,1,16,19,30,0,0,0,0,0,0,6,24,112.48,0,0.139,0.1,5.369,90.7,100.0,24,980.0
1999,1,16,20,0,0,0,0,0,0,0,7,24,119.39,0,0.139,0.1,5.377,102.80000000000001,100.0,24,980.0
1999,1,16,20,30,0,0,0,0,0,0,7,24,126.22,0,0.139,0.0,5.356,102.80000000000001,100.0,24,980.0
1999,1,16,21,0,0,0,0,0,0,0,7,24,132.92000000000002,0,0.139,0.0,5.337,91.2,100.0,24,980.0
1999,1,16,21,30,0,0,0,0,0,0,7,24,139.43,0,0.139,0.0,5.291,91.2,100.0,24,980.0
1999,1,16,22,0,0,0,0,0,0,0,7,24,145.62,0,0.139,0.0,5.246,81.4,100.0,24,980.0
1999,1,16,22,30,0,0,0,0,0,0,7,23,151.28,0,0.139,0.0,5.196,81.4,100.0,23,980.0
1999,1,16,23,0,0,0,0,0,0,0,6,23,156.04,0,0.139,0.0,5.146,72.4,100.0,23,980.0
1999,1,16,23,30,0,0,0,0,0,0,6,23,159.25,0,0.139,0.0,5.1080000000000005,72.4,100.0,23,980.0
1999,1,17,0,0,0,0,0,0,0,0,7,23,160.14000000000001,0,0.139,0.0,5.071,68.0,100.0,23,980.0
1999,1,17,0,30,0,0,0,0,0,0,7,23,158.43,0,0.139,0.0,5.055,68.0,100.0,23,980.0
1999,1,17,1,0,0,0,0,0,0,0,7,23,154.63,0,0.139,0.0,5.039,66.3,100.0,23,980.0
1999,1,17,1,30,0,0,0,0,0,0,7,22,149.52,0,0.139,0.0,5.049,66.3,100.0,23,980.0
1999,1,17,2,0,0,0,0,0,0,0,7,22,143.65,0,0.139,0.1,5.0600000000000005,59.1,100.0,23,980.0
1999,1,17,2,30,0,0,0,0,0,0,7,22,137.34,0,0.139,0.1,5.086,59.1,100.0,22,980.0
1999,1,17,3,0,0,0,0,0,0,0,7,22,130.76,0,0.139,0.2,5.112,54.7,100.0,22,980.0
1999,1,17,3,30,0,0,0,0,0,0,8,22,124.01,0,0.139,0.2,5.143,54.7,100.0,22,980.0
1999,1,17,4,0,0,0,0,0,0,0,7,22,117.15,0,0.139,0.30000000000000004,5.175,49.0,100.0,22,980.0
1999,1,17,4,30,0,0,0,0,0,0,7,22,110.21000000000001,0,0.139,0.30000000000000004,5.198,49.0,100.0,22,980.0
1999,1,17,5,0,0,0,0,0,0,0,7,22,103.24000000000001,0,0.139,0.4,5.221,46.0,100.0,22,980.0
1999,1,17,5,30,0,0,0,0,0,0,7,22,96.23,0,0.139,0.30000000000000004,5.23,46.0,100.0,22,980.0
1999,1,17,6,0,0,0,0,0,0,0,7,22,89.22,0,0.139,0.2,5.24,45.300000000000004,100.0,22,980.0
1999,1,17,6,30,47,14,49,32,466,95,7,22,82.22,4,0.139,0.1,5.236,45.300000000000004,100.0,23,980.0
1999,1,17,7,0,98,40,108,47,645,212,8,23,75.24,0,0.139,0.0,5.232,53.800000000000004,100.0,24,990.0
1999,1,17,7,30,140,327,261,57,751,335,8,23,68.31,0,0.139,0.0,5.221,53.800000000000004,100.0,24,990.0
1999,1,17,8,0,181,407,376,64,820,456,8,23,61.44,0,0.139,0.0,5.212,58.300000000000004,99.60000000000001,24,990.0
1999,1,17,8,30,247,350,450,70,867,572,8,23,54.660000000000004,0,0.139,0.0,5.205,58.300000000000004,99.60000000000001,24,990.0
1999,1,17,9,0,286,401,555,75,901,678,7,23,48.04,0,0.139,0.0,5.198,56.0,93.69,25,990.0
1999,1,17,9,30,78,927,771,78,927,771,1,23,41.64,0,0.139,0.0,5.199,56.0,93.67,25,990.0
1999,1,17,10,0,413,253,619,82,944,850,2,23,35.6,0,0.139,0.0,5.2,60.300000000000004,87.77,26,990.0
1999,1,17,10,30,427,335,717,84,957,912,3,23,30.13,0,0.139,0.0,5.211,60.300000000000004,87.74,26,990.0
1999,1,17,11,0,387,405,752,87,964,957,8,23,25.6,4,0.139,0.0,5.223,62.7,87.61,26,980.0
1999,1,17,11,30,396,407,772,88,969,983,8,23,22.6,1,0.139,0.0,5.242,62.7,87.57000000000001,26,980.0
1999,1,17,12,0,343,506,814,89,968,989,8,23,21.77,1,0.139,0.0,5.2620000000000005,60.6,88.27,26,980.0
1999,1,17,12,30,341,503,803,89,966,976,8,23,23.34,1,0.139,0.0,5.2780000000000005,60.6,88.24,26,980.0
1999,1,17,13,0,413,408,777,88,959,944,8,24,26.89,0,0.139,0.0,5.295,53.1,90.16,26,980.0
1999,1,17,13,30,86,949,894,86,949,894,0,24,31.76,0,0.139,0.0,5.3,53.1,90.13,26,980.0
1999,1,17,14,0,368,381,671,83,935,826,8,24,37.45,0,0.139,0.0,5.306,37.300000000000004,92.52,26,980.0
1999,1,17,14,30,355,106,433,80,915,742,8,24,43.62,0,0.139,0.0,5.304,37.300000000000004,98.13,26,980.0
1999,1,17,15,0,231,15,240,75,889,645,6,24,50.1,0,0.139,0.0,5.3020000000000005,35.0,99.73,26,980.0
1999,1,17,15,30,250,233,378,70,850,536,7,24,56.78,0,0.139,0.0,5.297,35.0,99.73,25,980.0
1999,1,17,16,0,158,439,354,63,799,419,7,25,63.59,0,0.139,0.0,5.292,22.8,100.0,25,980.0
1999,1,17,16,30,111,420,251,55,721,296,8,24,70.48,0,0.139,0.0,5.281,22.8,100.0,25,980.0
1999,1,17,17,0,77,272,136,43,600,174,7,24,77.44,0,0.139,0.1,5.271,11.5,100.0,25,980.0
1999,1,17,17,30,32,181,49,26,382,63,7,24,84.43,4,0.139,0.2,5.2540000000000004,11.5,100.0,24,980.0
1999,1,17,18,0,0,0,0,0,0,0,7,24,91.44,0,0.139,0.30000000000000004,5.238,17.7,100.0,24,980.0
1999,1,17,18,30,0,0,0,0,0,0,7,23,98.46000000000001,0,0.139,0.30000000000000004,5.214,17.7,100.0,23,980.0
1999,1,17,19,0,0,0,0,0,0,0,7,23,105.46000000000001,1,0.139,0.30000000000000004,5.19,26.0,100.0,23,980.0
1999,1,17,19,30,0,0,0,0,0,0,7,23,112.43,0,0.139,0.2,5.157,26.0,100.0,23,980.0
1999,1,17,20,0,0,0,0,0,0,0,7,23,119.35000000000001,0,0.139,0.2,5.125,35.9,100.0,23,980.0
1999,1,17,20,30,0,0,0,0,0,0,7,22,126.2,0,0.139,0.2,5.083,35.9,100.0,23,980.0
1999,1,17,21,0,0,0,0,0,0,0,7,22,132.91,0,0.139,0.2,5.041,48.0,100.0,23,980.0
1999,1,17,21,30,0,0,0,0,0,0,7,22,139.44,0,0.139,0.2,4.989,48.0,100.0,22,980.0
1999,1,17,22,0,0,0,0,0,0,0,7,22,145.66,0,0.139,0.2,4.938,59.900000000000006,100.0,22,980.0
1999,1,17,22,30,0,0,0,0,0,0,8,22,151.36,0,0.139,0.2,4.89,59.900000000000006,100.0,22,980.0
1999,1,17,23,0,0,0,0,0,0,0,8,22,156.15,0,0.139,0.2,4.8420000000000005,66.5,100.0,22,980.0
1999,1,17,23,30,0,0,0,0,0,0,8,22,159.41,0,0.139,0.2,4.801,66.5,100.0,22,980.0
1999,1,18,0,0,0,0,0,0,0,0,8,22,160.34,0,0.139,0.2,4.761,64.2,100.0,22,980.0
1999,1,18,0,30,0,0,0,0,0,0,8,22,158.64000000000001,0,0.139,0.2,4.729,64.2,100.0,22,980.0
1999,1,18,1,0,0,0,0,0,0,0,7,22,154.83,0,0.139,0.2,4.697,57.5,100.0,22,980.0
1999,1,18,1,30,0,0,0,0,0,0,6,22,149.70000000000002,0,0.139,0.1,4.67,57.5,100.0,22,980.0
1999,1,18,2,0,0,0,0,0,0,0,7,22,143.82,0,0.139,0.1,4.6450000000000005,48.5,100.0,22,980.0
1999,1,18,2,30,0,0,0,0,0,0,6,21,137.49,0,0.139,0.1,4.631,48.5,100.0,22,980.0
1999,1,18,3,0,0,0,0,0,0,0,7,21,130.89000000000001,0,0.139,0.1,4.617,41.6,100.0,22,980.0
1999,1,18,3,30,0,0,0,0,0,0,6,21,124.13000000000001,0,0.139,0.1,4.618,41.6,100.0,22,980.0
1999,1,18,4,0,0,0,0,0,0,0,8,21,117.26,0,0.139,0.1,4.62,32.6,100.0,22,980.0
1999,1,18,4,30,0,0,0,0,0,0,7,21,110.31,0,0.139,0.1,4.639,32.6,100.0,21,980.0
1999,1,18,5,0,0,0,0,0,0,0,8,21,103.33,0,0.139,0.1,4.658,23.5,100.0,21,980.0
1999,1,18,5,30,0,0,0,0,0,0,7,21,96.32000000000001,0,0.139,0.0,4.682,23.5,100.0,21,980.0
1999,1,18,6,0,0,0,0,0,0,0,7,22,89.29,0,0.139,0.0,4.707,16.0,100.0,22,980.0
1999,1,18,6,30,44,257,79,37,407,92,8,22,82.28,0,0.139,0.0,4.7250000000000005,16.0,100.0,22,980.0
1999,1,18,7,0,80,387,179,55,599,207,8,22,75.3,4,0.139,0.0,4.744,6.7,100.0,23,990.0
1999,1,18,7,30,115,488,295,68,712,330,8,22,68.35000000000001,0,0.139,0.0,4.756,6.7,100.0,23,990.0
1999,1,18,8,0,212,96,258,76,789,453,3,23,61.46,0,0.139,0.0,4.769,1.6,100.0,23,990.0
1999,1,18,8,30,260,73,303,83,841,569,4,23,54.68,0,0.139,0.0,4.787,1.6,100.0,23,990.0
1999,1,18,9,0,306,81,360,87,880,676,8,24,48.04,4,0.139,0.0,4.806,11.5,100.0,24,990.0
1999,1,18,9,30,92,907,770,92,907,770,0,24,41.62,0,0.139,0.0,4.849,11.5,100.0,24,990.0
1999,1,18,10,0,375,53,419,95,927,849,3,23,35.550000000000004,0,0.139,0.0,4.892,26.3,99.84,25,980.0
1999,1,18,10,30,395,62,449,97,940,912,8,23,30.04,4,0.139,0.0,4.949,26.3,99.8,25,980.0
1999,1,18,11,0,463,299,733,99,949,956,8,23,25.48,0,0.139,0.0,5.007,37.300000000000004,90.69,26,980.0
1999,1,18,11,30,100,954,982,100,954,982,0,23,22.43,0,0.139,0.0,5.061,37.300000000000004,90.64,26,980.0
1999,1,18,12,0,498,152,640,100,955,989,3,22,21.56,0,0.139,0.0,5.115,39.6,83.05,26,980.0
1999,1,18,12,30,100,952,976,100,952,976,0,22,23.12,0,0.139,0.0,5.163,39.6,83.01,26,980.0
1999,1,18,13,0,98,946,944,98,946,944,0,22,26.68,0,0.139,0.0,5.211,34.1,82.48,26,980.0
1999,1,18,13,30,96,936,893,96,936,893,0,22,31.57,0,0.139,0.0,5.255,34.1,82.45,26,980.0
1999,1,18,14,0,387,79,450,92,921,825,2,23,37.28,0,0.139,0.0,5.299,31.200000000000003,83.60000000000001,27,980.0
1999,1,18,14,30,160,1,161,88,900,742,3,23,43.47,0,0.139,0.0,5.328,31.200000000000003,83.58,26,980.0
1999,1,18,15,0,306,242,462,83,873,644,3,23,49.96,0,0.139,0.0,5.357,25.400000000000002,85.41,26,980.0
1999,1,18,15,30,194,503,471,77,833,535,8,23,56.65,0,0.139,0.0,5.364,25.400000000000002,85.42,26,980.0
1999,1,18,16,0,171,378,340,69,782,418,8,23,63.47,0,0.139,0.0,5.371,5.5,87.02,26,980.0
1999,1,18,16,30,80,612,286,60,701,295,8,23,70.38,0,0.139,0.0,5.37,5.5,92.33,25,980.0
1999,1,18,17,0,73,322,144,46,580,173,7,24,77.34,0,0.139,0.0,5.369,337.20000000000005,95.19,25,980.0
1999,1,18,17,30,32,208,52,28,361,63,7,24,84.34,4,0.139,0.1,5.368,337.20000000000005,100.0,24,980.0
1999,1,18,18,0,0,0,0,0,0,0,6,24,91.37,0,0.139,0.2,5.367,332.70000000000005,100.0,24,980.0
1999,1,18,18,30,0,0,0,0,0,0,6,23,98.39,0,0.139,0.2,5.3660000000000005,332.70000000000005,100.0,23,980.0
1999,1,18,19,0,0,0,0,0,0,0,6,23,105.4,1,0.139,0.30000000000000004,5.3660000000000005,334.0,100.0,23,980.0
1999,1,18,19,30,0,0,0,0,0,0,7,23,112.38,0,0.139,0.2,5.368,334.0,100.0,23,980.0
1999,1,18,20,0,0,0,0,0,0,0,7,23,119.32000000000001,0,0.139,0.2,5.371,336.8,100.0,23,980.0
1999,1,18,20,30,0,0,0,0,0,0,7,22,126.17,0,0.139,0.2,5.368,336.8,100.0,22,980.0
1999,1,18,21,0,0,0,0,0,0,0,7,22,132.91,0,0.139,0.2,5.365,340.5,100.0,22,980.0
1999,1,18,21,30,0,0,0,0,0,0,7,22,139.46,0,0.139,0.2,5.359,340.5,100.0,22,980.0
1999,1,18,22,0,0,0,0,0,0,0,7,22,145.70000000000002,0,0.139,0.2,5.354,344.8,100.0,22,980.0
1999,1,18,22,30,0,0,0,0,0,0,7,22,151.43,0,0.139,0.2,5.348,344.8,100.0,22,980.0
1999,1,18,23,0,0,0,0,0,0,0,7,22,156.27,0,0.139,0.2,5.3420000000000005,349.90000000000003,100.0,22,980.0
1999,1,18,23,30,0,0,0,0,0,0,7,21,159.58,0,0.139,0.2,5.332,349.90000000000003,100.0,22,980.0
1999,1,19,0,0,0,0,0,0,0,0,7,21,160.55,0,0.139,0.2,5.323,354.40000000000003,100.0,22,980.0
1999,1,19,0,30,0,0,0,0,0,0,6,21,158.85,0,0.139,0.2,5.3100000000000005,354.40000000000003,100.0,21,980.0
1999,1,19,1,0,0,0,0,0,0,0,8,21,155.03,0,0.139,0.30000000000000004,5.297,359.20000000000005,100.0,21,980.0
1999,1,19,1,30,0,0,0,0,0,0,8,21,149.89000000000001,0,0.139,0.30000000000000004,5.284,359.20000000000005,100.0,21,980.0
1999,1,19,2,0,0,0,0,0,0,0,8,21,143.98,0,0.139,0.30000000000000004,5.271,4.3,100.0,21,980.0
1999,1,19,2,30,0,0,0,0,0,0,8,21,137.64000000000001,0,0.139,0.30000000000000004,5.251,4.3,100.0,21,980.0
1999,1,19,3,0,0,0,0,0,0,0,7,21,131.02,0,0.139,0.30000000000000004,5.232,7.800000000000001,100.0,21,980.0
1999,1,19,3,30,0,0,0,0,0,0,7,21,124.25,0,0.139,0.30000000000000004,5.216,7.800000000000001,100.0,21,980.0
1999,1,19,4,0,0,0,0,0,0,0,7,21,117.36,0,0.139,0.30000000000000004,5.2010000000000005,11.8,100.0,21,980.0
1999,1,19,4,30,0,0,0,0,0,0,7,21,110.41,0,0.139,0.30000000000000004,5.1930000000000005,11.8,100.0,21,980.0
1999,1,19,5,0,0,0,0,0,0,0,7,21,103.41,0,0.139,0.30000000000000004,5.186,18.400000000000002,100.0,21,980.0
1999,1,19,5,30,0,0,0,0,0,0,7,21,96.39,0,0.139,0.2,5.186,18.400000000000002,100.0,21,980.0
1999,1,19,6,0,0,0,0,0,0,0,7,21,89.36,0,0.139,0.1,5.188,24.200000000000003,100.0,21,980.0
1999,1,19,6,30,22,0,22,37,400,90,8,22,82.34,0,0.139,0.0,5.198,24.200000000000003,100.0,22,980.0
1999,1,19,7,0,41,0,41,56,590,205,7,22,75.34,0,0.139,0.0,5.208,35.0,98.47,23,990.0
1999,1,19,7,30,156,164,216,68,703,328,7,22,68.39,0,0.139,0.0,5.224,35.0,92.75,24,990.0
1999,1,19,8,0,197,44,219,77,781,450,7,22,61.49,0,0.139,0.0,5.24,44.5,88.38,25,990.0
1999,1,19,8,30,255,62,291,84,833,566,7,22,54.69,0,0.139,0.0,5.259,44.5,88.37,25,990.0
1999,1,19,9,0,298,54,334,88,873,673,8,22,48.03,0,0.139,0.0,5.279,47.300000000000004,82.51,26,990.0
1999,1,19,9,30,345,59,389,93,900,767,7,22,41.59,0,0.139,0.0,5.297,47.300000000000004,82.49,26,980.0
1999,1,19,10,0,369,47,408,95,923,846,8,22,35.5,0,0.139,0.0,5.316,53.0,77.55,27,980.0
1999,1,19,10,30,455,202,631,97,937,909,7,22,29.96,0,0.139,0.0,5.337,53.0,77.51,27,980.0
1999,1,19,11,0,479,140,606,98,947,955,8,22,25.35,0,0.139,0.0,5.359,57.800000000000004,73.39,28,980.0
1999,1,19,11,30,491,242,715,99,952,981,7,22,22.25,0,0.139,0.0,5.388,57.800000000000004,73.35000000000001,28,980.0
1999,1,19,12,0,500,197,684,100,953,988,7,22,21.35,0,0.139,0.0,5.418,61.400000000000006,73.52,28,980.0
1999,1,19,12,30,493,197,675,100,950,975,7,22,22.900000000000002,0,0.139,0.0,5.448,61.400000000000006,73.48,28,980.0
1999,1,19,13,0,418,401,777,100,942,943,7,22,26.47,0,0.139,0.0,5.479,67.7,73.48,28,980.0
1999,1,19,13,30,448,161,586,98,931,893,8,22,31.39,0,0.139,0.0,5.498,67.7,73.45,28,980.0
1999,1,19,14,0,398,280,621,95,916,825,8,23,37.11,0,0.139,0.0,5.517,79.60000000000001,74.56,28,980.0
1999,1,19,14,30,290,476,637,91,894,742,8,23,43.31,0,0.139,0.0,5.525,79.60000000000001,79.02,27,980.0
1999,1,19,15,0,302,278,481,86,864,644,3,23,49.82,0,0.139,0.0,5.533,94.4,81.77,27,980.0
1999,1,19,15,30,81,824,535,81,824,535,0,23,56.53,0,0.139,0.0,5.527,94.4,86.72,27,980.0
1999,1,19,16,0,73,766,417,73,766,417,0,24,63.36,0,0.139,0.0,5.522,104.7,90.17,27,980.0
1999,1,19,16,30,64,684,294,64,684,294,1,24,70.28,0,0.139,0.0,5.509,104.7,90.19,26,980.0
1999,1,19,17,0,50,555,173,50,555,173,1,24,77.25,0,0.139,0.1,5.496,115.10000000000001,90.81,26,980.0
1999,1,19,17,30,29,334,63,29,334,63,3,24,84.26,4,0.139,0.1,5.486,115.10000000000001,96.38,25,980.0
1999,1,19,18,0,0,0,0,0,0,0,7,24,91.29,0,0.139,0.2,5.477,132.1,95.29,25,980.0
1999,1,19,18,30,0,0,0,0,0,0,7,24,98.32000000000001,0,0.139,0.2,5.478,132.1,100.0,24,980.0
1999,1,19,19,0,0,0,0,0,0,0,7,24,105.35000000000001,1,0.139,0.30000000000000004,5.48,143.3,100.0,24,980.0
1999,1,19,19,30,0,0,0,0,0,0,7,24,112.34,0,0.139,0.30000000000000004,5.492,143.3,100.0,24,980.0
1999,1,19,20,0,0,0,0,0,0,0,7,23,119.29,0,0.139,0.30000000000000004,5.505,152.70000000000002,98.84,24,980.0
1999,1,19,20,30,0,0,0,0,0,0,7,23,126.16,0,0.139,0.2,5.524,152.70000000000002,100.0,23,980.0
1999,1,19,21,0,0,0,0,0,0,0,7,23,132.91,0,0.139,0.2,5.5440000000000005,161.5,100.0,23,980.0
1999,1,19,21,30,0,0,0,0,0,0,7,23,139.48,0,0.139,0.2,5.564,161.5,100.0,23,980.0
1999,1,19,22,0,0,0,0,0,0,0,7,23,145.74,0,0.139,0.2,5.585,167.10000000000002,100.0,23,980.0
1999,1,19,22,30,0,0,0,0,0,0,8,23,151.51,0,0.139,0.1,5.607,167.10000000000002,100.0,23,980.0
1999,1,19,23,0,0,0,0,0,0,0,7,23,156.4,0,0.139,0.1,5.63,172.60000000000002,100.0,23,980.0
1999,1,19,23,30,0,0,0,0,0,0,7,22,159.76,0,0.139,0.1,5.6530000000000005,172.60000000000002,100.0,23,980.0
1999,1,20,0,0,0,0,0,0,0,0,7,22,160.76,0,0.139,0.1,5.676,178.4,100.0,23,980.0
1999,1,20,0,30,0,0,0,0,0,0,7,22,159.07,0,0.139,0.1,5.695,178.4,100.0,23,980.0
1999,1,20,1,0,0,0,0,0,0,0,7,22,155.24,0,0.139,0.1,5.715,182.5,100.0,23,980.0
1999,1,20,1,30,0,0,0,0,0,0,7,22,150.07,0,0.139,0.1,5.734,182.5,100.0,22,980.0
1999,1,20,2,0,0,0,0,0,0,0,7,22,144.14000000000001,0,0.139,0.1,5.7540000000000004,185.8,100.0,22,980.0
1999,1,20,2,30,0,0,0,0,0,0,7,22,137.78,0,0.139,0.1,5.773,185.8,100.0,22,980.0
1999,1,20,3,0,0,0,0,0,0,0,7,22,131.16,0,0.139,0.2,5.792,185.60000000000002,100.0,22,980.0
1999,1,20,3,30,0,0,0,0,0,0,7,22,124.37,0,0.139,0.2,5.808,185.60000000000002,100.0,22,980.0
1999,1,20,4,0,0,0,0,0,0,0,8,22,117.47,0,0.139,0.2,5.825,184.3,100.0,22,980.0
1999,1,20,4,30,0,0,0,0,0,0,7,22,110.51,0,0.139,0.2,5.8340000000000005,184.3,100.0,22,980.0
1999,1,20,5,0,0,0,0,0,0,0,7,22,103.5,0,0.139,0.2,5.843,184.5,100.0,22,980.0
1999,1,20,5,30,0,0,0,0,0,0,6,22,96.47,0,0.139,0.2,5.843,184.5,100.0,22,980.0
1999,1,20,6,0,0,0,0,0,0,0,8,22,89.43,0,0.139,0.2,5.845,184.70000000000002,100.0,23,980.0
1999,1,20,6,30,6,0,6,37,394,89,7,22,82.4,0,0.139,0.1,5.837,184.70000000000002,100.0,23,980.0
1999,1,20,7,0,10,0,10,55,589,203,7,23,75.39,0,0.139,0.0,5.83,171.8,100.0,23,990.0
1999,1,20,7,30,47,0,47,67,703,326,7,23,68.42,0,0.139,0.0,5.8100000000000005,171.8,100.0,23,990.0
1999,1,20,8,0,210,222,316,75,782,448,8,22,61.51,0,0.139,0.0,5.79,167.10000000000002,93.05,24,990.0
1999,1,20,8,30,271,194,383,82,834,564,8,22,54.7,0,0.139,0.0,5.759,167.10000000000002,93.04,24,990.0
1999,1,20,9,0,258,23,274,87,874,671,7,22,48.02,0,0.139,0.0,5.728,150.8,87.01,25,990.0
1999,1,20,9,30,222,9,229,91,901,766,7,22,41.56,0,0.139,0.0,5.696,150.8,86.98,25,990.0
1999,1,20,10,0,338,31,364,93,923,846,7,22,35.44,0,0.139,0.0,5.665,125.0,86.82000000000001,26,980.0
1999,1,20,10,30,150,1,152,96,938,909,6,22,29.86,0,0.139,0.0,5.644,125.0,86.78,26,980.0
1999,1,20,11,0,219,10,228,96,949,955,6,22,25.21,0,0.139,0.0,5.6240000000000006,119.7,81.54,26,980.0
1999,1,20,11,30,126,0,126,97,954,982,6,22,22.07,0,0.139,0.0,5.621,119.7,81.51,26,980.0
1999,1,20,12,0,116,0,116,98,955,989,7,22,21.14,0,0.139,0.0,5.618,123.5,76.52,27,980.0
1999,1,20,12,30,295,16,310,97,953,977,6,22,22.68,0,0.139,0.0,5.633,123.5,76.48,27,980.0
1999,1,20,13,0,198,8,206,97,945,945,6,22,26.26,0,0.139,0.0,5.648,150.0,76.74,27,980.0
1999,1,20,13,30,146,0,146,95,934,895,6,22,31.19,0,0.139,0.0,5.667,150.0,76.71000000000001,27,980.0
1999,1,20,14,0,140,0,140,93,918,827,6,22,36.94,0,0.139,0.0,5.688,180.3,78.26,27,980.0
1999,1,20,14,30,140,0,140,89,896,744,6,22,43.160000000000004,0,0.139,0.0,5.706,180.3,82.98,26,980.0
1999,1,20,15,0,119,0,119,85,867,646,6,23,49.69,0,0.139,0.0,5.7250000000000005,167.70000000000002,85.17,26,980.0
1999,1,20,15,30,85,0,85,79,827,537,6,23,56.4,0,0.139,0.0,5.74,167.70000000000002,85.17,26,980.0
1999,1,20,16,0,64,0,64,72,769,419,6,23,63.25,0,0.139,0.0,5.755,81.7,87.58,26,980.0
1999,1,20,16,30,103,0,103,63,688,296,6,23,70.18,0,0.139,0.0,5.7620000000000005,81.7,92.94,25,980.0
1999,1,20,17,0,85,56,98,50,558,174,6,23,77.16,0,0.139,0.1,5.7700000000000005,92.60000000000001,91.41,25,980.0
1999,1,20,17,30,34,14,36,30,339,64,6,23,84.18,4,0.139,0.1,5.772,92.60000000000001,97.05,24,980.0
1999,1,20,18,0,0,0,0,0,0,0,8,23,91.22,0,0.139,0.1,5.774,115.2,95.59,24,980.0
1999,1,20,18,30,0,0,0,0,0,0,8,23,98.26,0,0.139,0.1,5.769,115.2,95.62,24,980.0
1999,1,20,19,0,0,0,0,0,0,0,8,23,105.3,1,0.139,0.1,5.764,128.9,96.24000000000001,24,980.0
1999,1,20,19,30,0,0,0,0,0,0,8,23,112.3,0,0.139,0.1,5.753,128.9,100.0,23,980.0
1999,1,20,20,0,0,0,0,0,0,0,7,23,119.26,0,0.139,0.2,5.743,143.1,100.0,23,980.0
1999,1,20,20,30,0,0,0,0,0,0,7,23,126.14,0,0.139,0.2,5.726,143.1,100.0,23,980.0
1999,1,20,21,0,0,0,0,0,0,0,7,23,132.91,0,0.139,0.2,5.7090000000000005,149.4,100.0,23,980.0
1999,1,20,21,30,0,0,0,0,0,0,7,22,139.5,0,0.139,0.1,5.682,149.4,100.0,23,980.0
1999,1,20,22,0,0,0,0,0,0,0,8,22,145.79,0,0.139,0.1,5.655,154.10000000000002,100.0,23,980.0
1999,1,20,22,30,0,0,0,0,0,0,7,22,151.6,0,0.139,0.1,5.627,154.10000000000002,100.0,22,980.0
1999,1,20,23,0,0,0,0,0,0,0,7,22,156.53,0,0.139,0.1,5.6000000000000005,156.10000000000002,100.0,22,980.0
1999,1,20,23,30,0,0,0,0,0,0,7,22,159.94,0,0.139,0.1,5.57,156.10000000000002,100.0,22,980.0
1999,1,21,0,0,0,0,0,0,0,0,8,22,160.98,0,0.139,0.1,5.541,161.60000000000002,100.0,22,980.0
1999,1,21,0,30,0,0,0,0,0,0,7,22,159.3,0,0.139,0.1,5.5120000000000005,161.60000000000002,100.0,22,980.0
1999,1,21,1,0,0,0,0,0,0,0,7,22,155.45000000000002,0,0.139,0.1,5.484,169.0,100.0,22,980.0
1999,1,21,1,30,0,0,0,0,0,0,7,22,150.25,0,0.139,0.1,5.454,169.0,100.0,22,980.0
1999,1,21,2,0,0,0,0,0,0,0,7,22,144.31,0,0.139,0.2,5.425,174.20000000000002,100.0,22,980.0
1999,1,21,2,30,0,0,0,0,0,0,7,21,137.93,0,0.139,0.2,5.4,174.20000000000002,100.0,22,980.0
1999,1,21,3,0,0,0,0,0,0,0,3,21,131.29,0,0.139,0.30000000000000004,5.375,177.20000000000002,100.0,22,980.0
1999,1,21,3,30,0,0,0,0,0,0,7,21,124.48,0,0.139,0.4,5.359,177.20000000000002,100.0,22,980.0
1999,1,21,4,0,0,0,0,0,0,0,3,21,117.57000000000001,0,0.139,0.5,5.344,174.9,100.0,22,980.0
1999,1,21,4,30,0,0,0,0,0,0,1,21,110.60000000000001,0,0.139,0.5,5.337,174.9,100.0,22,980.0
1999,1,21,5,0,0,0,0,0,0,0,0,21,103.58,0,0.139,0.5,5.331,164.5,100.0,22,980.0
1999,1,21,5,30,0,0,0,0,0,0,0,21,96.54,0,0.139,0.4,5.33,164.5,100.0,22,980.0
1999,1,21,6,0,0,0,0,0,0,0,1,22,89.49,0,0.139,0.30000000000000004,5.329,155.3,100.0,22,980.0
1999,1,21,6,30,32,457,92,32,457,92,0,22,82.45,0,0.139,0.1,5.328,155.3,100.0,23,980.0
1999,1,21,7,0,60,0,60,46,646,209,3,22,75.43,0,0.139,0.0,5.328,123.9,99.42,24,980.0
1999,1,21,7,30,156,114,198,56,752,332,3,22,68.45,0,0.139,0.0,5.328,123.9,99.44,24,980.0
1999,1,21,8,0,187,27,200,62,825,455,3,23,61.53,0,0.139,0.0,5.328,111.4,95.8,25,980.0
1999,1,21,8,30,189,6,193,67,872,571,3,23,54.7,0,0.139,0.0,5.332,111.4,90.26,25,980.0
1999,1,21,9,0,327,183,450,70,908,678,3,23,48.01,0,0.139,0.0,5.336,110.10000000000001,86.53,26,980.0
1999,1,21,9,30,352,68,404,73,933,772,3,23,41.53,0,0.139,0.0,5.345,110.10000000000001,86.5,26,980.0
1999,1,21,10,0,396,74,456,74,953,851,3,23,35.38,0,0.139,0.0,5.354,119.10000000000001,81.22,27,980.0
1999,1,21,10,30,454,136,573,76,965,914,3,23,29.77,0,0.139,0.0,5.3740000000000006,119.10000000000001,81.18,27,980.0
1999,1,21,11,0,471,274,719,76,975,960,3,23,25.07,0,0.139,0.0,5.394,131.20000000000002,76.41,28,980.0
1999,1,21,11,30,498,187,673,77,979,986,3,23,21.88,0,0.139,0.0,5.423,131.20000000000002,76.36,28,980.0
1999,1,21,12,0,77,981,994,77,981,994,1,23,20.91,0,0.139,0.0,5.453,134.6,76.46000000000001,28,980.0
1999,1,21,12,30,488,254,723,77,978,982,3,23,22.45,0,0.139,0.0,5.481,134.6,76.43,28,980.0
1999,1,21,13,0,390,35,422,76,973,950,3,23,26.05,0,0.139,0.0,5.51,136.4,76.82000000000001,28,980.0
1999,1,21,13,30,362,43,399,75,963,900,3,23,31.0,1,0.139,0.0,5.537,136.4,76.79,28,980.0
1999,1,21,14,0,336,42,370,72,950,833,3,24,36.76,1,0.139,0.0,5.564,140.70000000000002,79.53,28,980.0
1999,1,21,14,30,69,930,750,69,930,750,0,24,43.01,1,0.139,0.0,5.5840000000000005,140.70000000000002,79.5,28,980.0
1999,1,21,15,0,66,904,653,66,904,653,0,24,49.550000000000004,1,0.139,0.0,5.605,145.5,82.31,28,980.0
1999,1,21,15,30,62,868,544,62,868,544,0,24,56.28,0,0.139,0.0,5.609,145.5,87.24,27,980.0
1999,1,21,16,0,56,819,426,56,819,426,0,25,63.14,1,0.139,0.0,5.613,127.4,89.4,27,980.0
1999,1,21,16,30,49,745,303,49,745,303,0,25,70.08,1,0.139,0.0,5.606,127.4,94.81,26,980.0
1999,1,21,17,0,40,629,181,40,629,181,0,25,77.07000000000001,1,0.139,0.1,5.599,131.70000000000002,97.48,26,980.0
1999,1,21,17,30,25,423,68,25,423,68,0,25,84.10000000000001,1,0.139,0.2,5.591,131.70000000000002,100.0,25,980.0
1999,1,21,18,0,0,0,0,0,0,0,0,24,91.15,1,0.139,0.30000000000000004,5.5840000000000005,127.2,99.44,25,980.0
1999,1,21,18,30,0,0,0,0,0,0,0,24,98.2,0,0.139,0.30000000000000004,5.58,127.2,100.0,25,980.0
1999,1,21,19,0,0,0,0,0,0,0,0,24,105.25,1,0.139,0.4,5.577,117.9,100.0,25,980.0
1999,1,21,19,30,0,0,0,0,0,0,0,24,112.26,1,0.139,0.4,5.58,117.9,100.0,24,980.0
1999,1,21,20,0,0,0,0,0,0,0,0,24,119.23,1,0.139,0.4,5.5840000000000005,113.30000000000001,100.0,24,980.0
1999,1,21,20,30,0,0,0,0,0,0,0,23,126.13000000000001,1,0.139,0.4,5.5920000000000005,113.30000000000001,100.0,24,980.0
1999,1,21,21,0,0,0,0,0,0,0,0,23,132.92000000000002,1,0.139,0.4,5.6000000000000005,112.80000000000001,100.0,24,980.0
1999,1,21,21,30,0,0,0,0,0,0,0,23,139.53,0,0.139,0.30000000000000004,5.606,112.80000000000001,100.0,23,980.0
1999,1,21,22,0,0,0,0,0,0,0,0,23,145.85,1,0.139,0.30000000000000004,5.612,117.0,100.0,23,980.0
1999,1,21,22,30,0,0,0,0,0,0,0,23,151.68,1,0.139,0.30000000000000004,5.612,117.0,100.0,23,980.0
1999,1,21,23,0,0,0,0,0,0,0,0,23,156.66,1,0.139,0.30000000000000004,5.613,121.2,100.0,23,980.0
1999,1,21,23,30,0,0,0,0,0,0,0,22,160.13,1,0.139,0.2,5.602,121.2,100.0,23,980.0
1999,1,22,0,0,0,0,0,0,0,0,0,22,161.21,1,0.139,0.2,5.591,124.7,100.0,23,980.0
1999,1,22,0,30,0,0,0,0,0,0,0,22,159.53,0,0.139,0.1,5.574,124.7,100.0,22,980.0
1999,1,22,1,0,0,0,0,0,0,0,0,22,155.66,1,0.139,0.1,5.557,128.0,100.0,22,980.0
1999,1,22,1,30,0,0,0,0,0,0,1,22,150.44,0,0.139,0.0,5.532,128.0,100.0,22,980.0
1999,1,22,2,0,0,0,0,0,0,0,3,22,144.47,0,0.139,0.0,5.508,129.0,100.0,22,980.0
1999,1,22,2,30,0,0,0,0,0,0,3,22,138.07,0,0.139,0.0,5.4830000000000005,129.0,100.0,22,980.0
1999,1,22,3,0,0,0,0,0,0,0,4,22,131.41,0,0.139,0.0,5.4590000000000005,129.9,100.0,22,980.0
1999,1,22,3,30,0,0,0,0,0,0,4,22,124.60000000000001,0,0.139,0.0,5.433,129.9,100.0,22,980.0
1999,1,22,4,0,0,0,0,0,0,0,4,22,117.68,0,0.139,0.0,5.409,128.8,100.0,22,980.0
1999,1,22,4,30,0,0,0,0,0,0,1,22,110.69,0,0.139,0.0,5.384,128.8,100.0,22,980.0
1999,1,22,5,0,0,0,0,0,0,0,1,22,103.66,0,0.139,0.0,5.36,126.60000000000001,100.0,22,980.0
1999,1,22,5,30,0,0,0,0,0,0,3,22,96.61,0,0.139,0.0,5.338,126.60000000000001,100.0,22,980.0
1999,1,22,6,0,0,0,0,0,0,0,3,22,89.55,0,0.139,0.0,5.316,124.4,100.0,22,980.0
1999,1,22,6,30,31,0,31,29,481,92,3,22,82.5,0,0.139,0.0,5.298,124.4,100.0,22,980.0
1999,1,22,7,0,89,3,90,43,662,209,3,23,75.47,0,0.139,0.0,5.281,118.9,100.0,23,980.0
1999,1,22,7,30,154,175,219,51,766,332,3,23,68.48,0,0.139,0.0,5.275,118.9,100.0,23,980.0
1999,1,22,8,0,193,36,210,56,835,455,4,24,61.54,0,0.139,0.0,5.2700000000000005,115.30000000000001,100.0,24,980.0
1999,1,22,8,30,61,881,571,61,881,571,0,24,54.7,0,0.139,0.0,5.282,115.30000000000001,100.0,24,980.0
1999,1,22,9,0,64,915,677,64,915,677,0,24,47.99,0,0.139,0.0,5.2940000000000005,111.7,98.36,25,980.0
1999,1,22,9,30,67,940,771,67,940,771,0,24,41.49,0,0.139,0.0,5.322,111.7,98.35000000000001,26,980.0
1999,1,22,10,0,69,958,851,69,958,851,0,24,35.31,0,0.139,0.0,5.351,107.0,89.51,27,980.0
1999,1,22,10,30,70,970,914,70,970,914,1,24,29.66,0,0.139,0.0,5.385,107.0,89.48,27,980.0
1999,1,22,11,0,72,978,959,72,978,959,0,23,24.92,0,0.139,0.0,5.42,101.80000000000001,82.59,28,980.0
1999,1,22,11,30,73,983,986,73,983,986,0,23,21.69,0,0.139,0.0,5.454,101.80000000000001,82.57000000000001,28,980.0
1999,1,22,12,0,74,983,994,74,983,994,0,23,20.68,0,0.139,0.0,5.488,98.2,78.17,28,980.0
1999,1,22,12,30,496,155,640,74,981,982,3,23,22.21,0,0.139,0.0,5.518,98.2,78.13,28,980.0
1999,1,22,13,0,472,121,581,74,974,951,3,23,25.830000000000002,0,0.139,0.0,5.549,95.2,78.46000000000001,28,980.0
1999,1,22,13,30,73,965,902,73,965,902,0,23,30.810000000000002,0,0.139,0.0,5.569,95.2,78.42,28,980.0
1999,1,22,14,0,71,950,835,71,950,835,1,24,36.59,0,0.139,0.0,5.59,97.5,79.60000000000001,28,980.0
1999,1,22,14,30,354,289,567,69,931,752,3,24,42.86,0,0.139,0.0,5.599,97.5,84.35000000000001,28,980.0
1999,1,22,15,0,66,905,655,66,905,655,0,24,49.410000000000004,0,0.139,0.0,5.609,103.0,87.2,28,980.0
1999,1,22,15,30,62,869,546,62,869,546,0,24,56.160000000000004,0,0.139,0.0,5.622,103.0,87.2,27,980.0
1999,1,22,16,0,57,818,428,57,818,428,0,25,63.03,0,0.139,0.0,5.6370000000000005,96.2,89.96000000000001,27,980.0
1999,1,22,16,30,50,744,305,50,744,305,7,25,69.98,4,0.139,0.0,5.649,96.2,95.41,26,980.0
1999,1,22,17,0,5,0,5,40,628,182,4,25,76.98,0,0.139,0.1,5.662,90.7,96.99000000000001,26,980.0
1999,1,22,17,30,2,0,2,25,422,69,8,25,84.02,4,0.139,0.2,5.657,90.7,100.0,26,980.0
1999,1,22,18,0,0,0,0,0,0,0,8,24,91.08,0,0.139,0.30000000000000004,5.6530000000000005,94.4,99.46000000000001,26,980.0
1999,1,22,18,30,0,0,0,0,0,0,8,24,98.15,0,0.139,0.30000000000000004,5.643,94.4,99.49000000000001,25,980.0
1999,1,22,19,0,0,0,0,0,0,0,8,24,105.2,1,0.139,0.4,5.633,95.60000000000001,97.85000000000001,25,980.0
1999,1,22,19,30,0,0,0,0,0,0,8,24,112.23,0,0.139,0.4,5.618,95.60000000000001,100.0,24,980.0
1999,1,22,20,0,0,0,0,0,0,0,8,24,119.21000000000001,0,0.139,0.5,5.604,102.5,100.0,24,980.0
1999,1,22,20,30,0,0,0,0,0,0,8,24,126.13000000000001,0,0.139,0.5,5.59,102.5,100.0,24,980.0
1999,1,22,21,0,0,0,0,0,0,0,8,24,132.93,0,0.139,0.5,5.577,110.60000000000001,100.0,24,980.0
1999,1,22,21,30,0,0,0,0,0,0,8,23,139.56,0,0.139,0.4,5.569,110.60000000000001,100.0,23,980.0
1999,1,22,22,0,0,0,0,0,0,0,8,23,145.91,0,0.139,0.4,5.562,119.2,100.0,23,980.0
1999,1,22,22,30,0,0,0,0,0,0,7,23,151.78,0,0.139,0.4,5.561,119.2,100.0,23,980.0
1999,1,22,23,0,0,0,0,0,0,0,8,23,156.8,0,0.139,0.5,5.561,127.0,100.0,23,980.0
1999,1,22,23,30,0,0,0,0,0,0,8,23,160.32,0,0.139,0.5,5.561,127.0,100.0,23,980.0
1999,1,23,0,0,0,0,0,0,0,0,7,23,161.44,0,0.139,0.5,5.563,135.5,100.0,23,980.0
1999,1,23,0,30,0,0,0,0,0,0,7,23,159.77,0,0.139,0.5,5.565,135.5,100.0,23,980.0
1999,1,23,1,0,0,0,0,0,0,0,8,23,155.87,0,0.139,0.6000000000000001,5.5680000000000005,147.5,100.0,23,980.0
1999,1,23,1,30,0,0,0,0,0,0,8,23,150.63,0,0.139,0.5,5.572,147.5,100.0,23,980.0
1999,1,23,2,0,0,0,0,0,0,0,8,23,144.63,0,0.139,0.5,5.577,167.70000000000002,100.0,23,980.0
1999,1,23,2,30,0,0,0,0,0,0,8,23,138.21,0,0.139,0.5,5.58,167.70000000000002,100.0,23,980.0
1999,1,23,3,0,0,0,0,0,0,0,8,23,131.54,0,0.139,0.6000000000000001,5.585,187.0,100.0,23,980.0
1999,1,23,3,30,0,0,0,0,0,0,4,22,124.71000000000001,0,0.139,0.6000000000000001,5.589,187.0,100.0,23,980.0
1999,1,23,4,0,0,0,0,0,0,0,4,22,117.78,0,0.139,0.6000000000000001,5.593,188.5,100.0,23,980.0
1999,1,23,4,30,0,0,0,0,0,0,8,22,110.78,0,0.139,0.5,5.5920000000000005,188.5,100.0,22,980.0
1999,1,23,5,0,0,0,0,0,0,0,7,22,103.74000000000001,0,0.139,0.5,5.591,182.3,100.0,22,980.0
1999,1,23,5,30,0,0,0,0,0,0,0,22,96.68,0,0.139,0.30000000000000004,5.595,182.3,100.0,22,980.0
1999,1,23,6,0,0,0,0,0,0,0,7,22,89.61,0,0.139,0.2,5.6000000000000005,177.60000000000002,100.0,23,980.0
1999,1,23,6,30,30,474,91,30,474,91,0,23,82.55,0,0.139,0.1,5.614,177.60000000000002,100.0,23,980.0
1999,1,23,7,0,94,28,101,43,654,207,3,24,75.51,0,0.139,0.0,5.6290000000000004,165.70000000000002,100.0,24,980.0
1999,1,23,7,30,121,0,121,52,759,331,3,24,68.5,0,0.139,0.0,5.648,165.70000000000002,100.0,24,980.0
1999,1,23,8,0,173,13,180,57,831,453,3,25,61.56,0,0.139,0.0,5.667,151.6,100.0,25,980.0
1999,1,23,8,30,196,9,202,62,877,569,4,25,54.7,0,0.139,0.0,5.6930000000000005,151.6,100.0,25,980.0
1999,1,23,9,0,219,10,226,64,912,675,4,25,47.97,0,0.139,0.0,5.719,143.6,100.0,25,980.0
1999,1,23,9,30,345,58,389,67,937,770,4,25,41.44,0,0.139,0.0,5.75,143.6,100.0,25,980.0
1999,1,23,10,0,413,106,500,68,955,849,4,24,35.24,0,0.139,0.0,5.782,137.0,93.87,26,980.0
1999,1,23,10,30,385,39,419,70,968,912,4,24,29.560000000000002,0,0.139,0.0,5.8,137.0,93.83,26,980.0
1999,1,23,11,0,364,26,388,71,977,958,4,24,24.77,0,0.139,0.0,5.8180000000000005,133.4,91.02,27,980.0
1999,1,23,11,30,481,94,569,71,981,985,4,24,21.490000000000002,0,0.139,0.0,5.827,133.4,90.96000000000001,27,980.0
1999,1,23,12,0,484,305,770,71,983,993,3,24,20.45,0,0.139,0.0,5.837,135.4,85.12,27,980.0
1999,1,23,12,30,71,981,981,71,981,981,0,24,21.98,0,0.139,0.0,5.832,135.4,85.06,27,980.0
1999,1,23,13,0,196,8,203,71,975,951,7,24,25.61,0,0.139,0.0,5.828,136.3,85.32000000000001,27,980.0
1999,1,23,13,30,365,33,393,70,966,901,4,24,30.61,0,0.139,0.0,5.815,136.3,85.28,27,980.0
1999,1,23,14,0,366,49,406,68,952,835,8,24,36.42,0,0.139,0.0,5.803,133.0,85.58,27,980.0
1999,1,23,14,30,326,46,360,66,934,752,8,24,42.7,0,0.139,0.0,5.793,133.0,90.73,27,980.0
1999,1,23,15,0,268,33,290,63,907,655,8,24,49.28,0,0.139,0.0,5.783,125.60000000000001,92.33,27,980.0
1999,1,23,15,30,238,48,266,59,872,547,8,24,56.04,0,0.139,0.0,5.7780000000000005,125.60000000000001,92.34,26,980.0
1999,1,23,16,0,194,66,225,55,822,429,8,25,62.92,0,0.139,0.0,5.773,107.4,95.01,26,980.0
1999,1,23,16,30,127,332,242,48,750,306,8,25,69.88,0,0.139,0.0,5.779,107.4,100.0,25,980.0
1999,1,23,17,0,69,407,161,39,634,183,7,25,76.9,0,0.139,0.1,5.785,108.0,100.0,25,980.0
1999,1,23,17,30,30,303,62,25,430,70,7,24,83.95,4,0.139,0.1,5.798,108.0,100.0,25,980.0
1999,1,23,18,0,0,0,0,0,0,0,7,24,91.02,0,0.139,0.2,5.811,119.7,100.0,25,980.0
1999,1,23,18,30,0,0,0,0,0,0,7,24,98.09,0,0.139,0.2,5.823,119.7,100.0,24,980.0
1999,1,23,19,0,0,0,0,0,0,0,7,24,105.16,1,0.139,0.2,5.836,115.0,100.0,24,980.0
1999,1,23,19,30,0,0,0,0,0,0,8,24,112.2,0,0.139,0.2,5.838,115.0,100.0,24,980.0
1999,1,23,20,0,0,0,0,0,0,0,8,24,119.19,0,0.139,0.2,5.841,116.10000000000001,100.0,24,980.0
1999,1,23,20,30,0,0,0,0,0,0,8,23,126.12,0,0.139,0.2,5.833,116.10000000000001,100.0,24,980.0
1999,1,23,21,0,0,0,0,0,0,0,4,23,132.94,0,0.139,0.2,5.825,122.80000000000001,100.0,24,980.0
1999,1,23,21,30,0,0,0,0,0,0,8,23,139.59,0,0.139,0.2,5.808,122.80000000000001,100.0,23,980.0
1999,1,23,22,0,0,0,0,0,0,0,4,23,145.97,0,0.139,0.2,5.792,137.70000000000002,100.0,23,980.0
1999,1,23,22,30,0,0,0,0,0,0,4,23,151.88,0,0.139,0.2,5.7700000000000005,137.70000000000002,100.0,23,980.0
1999,1,23,23,0,0,0,0,0,0,0,4,23,156.95000000000002,0,0.139,0.2,5.7490000000000006,151.8,100.0,23,980.0
1999,1,23,23,30,0,0,0,0,0,0,4,23,160.52,0,0.139,0.2,5.728,151.8,100.0,23,980.0
1999,1,24,0,0,0,0,0,0,0,0,4,23,161.68,0,0.139,0.30000000000000004,5.708,164.60000000000002,100.0,23,980.0
1999,1,24,0,30,0,0,0,0,0,0,4,23,160.0,0,0.139,0.30000000000000004,5.6930000000000005,164.60000000000002,100.0,23,980.0
1999,1,24,1,0,0,0,0,0,0,0,4,23,156.09,0,0.139,0.4,5.679,183.0,100.0,23,980.0
1999,1,24,1,30,0,0,0,0,0,0,4,23,150.81,0,0.139,0.4,5.6770000000000005,183.0,100.0,23,980.0
1999,1,24,2,0,0,0,0,0,0,0,4,23,144.8,0,0.139,0.4,5.675,199.3,100.0,23,980.0
1999,1,24,2,30,0,0,0,0,0,0,4,22,138.36,0,0.139,0.4,5.681,199.3,100.0,23,980.0
1999,1,24,3,0,0,0,0,0,0,0,4,22,131.66,0,0.139,0.4,5.688,212.5,100.0,23,980.0
1999,1,24,3,30,0,0,0,0,0,0,4,22,124.82000000000001,0,0.139,0.4,5.683,212.5,100.0,23,980.0
1999,1,24,4,0,0,0,0,0,0,0,4,22,117.87,0,0.139,0.4,5.679,211.5,100.0,23,980.0
1999,1,24,4,30,0,0,0,0,0,0,7,22,110.86,0,0.139,0.4,5.6610000000000005,211.5,100.0,22,980.0
1999,1,24,5,0,0,0,0,0,0,0,7,22,103.82000000000001,0,0.139,0.4,5.644,201.5,100.0,22,980.0
1999,1,24,5,30,0,0,0,0,0,0,8,22,96.74000000000001,0,0.139,0.30000000000000004,5.628,201.5,100.0,22,980.0
1999,1,24,6,0,0,0,0,0,0,0,4,22,89.66,0,0.139,0.2,5.613,195.9,100.0,23,980.0
1999,1,24,6,30,29,473,90,28,486,91,4,22,82.59,4,0.139,0.1,5.61,195.9,100.0,23,980.0
1999,1,24,7,0,56,593,204,40,667,207,8,23,75.54,0,0.139,0.0,5.607,187.5,100.0,24,980.0
1999,1,24,7,30,126,413,277,48,770,330,8,23,68.52,0,0.139,0.0,5.618,187.5,100.0,24,980.0
1999,1,24,8,0,53,837,452,53,837,452,1,24,61.56,0,0.139,0.0,5.63,157.4,100.0,25,980.0
1999,1,24,8,30,248,49,277,58,883,568,3,24,54.69,0,0.139,0.0,5.656,157.4,100.0,25,980.0
1999,1,24,9,0,286,41,314,61,915,675,3,24,47.94,0,0.139,0.0,5.683,129.4,99.15,25,980.0
1999,1,24,9,30,357,75,414,64,940,769,3,24,41.39,0,0.139,0.0,5.702,129.4,99.12,25,980.0
1999,1,24,10,0,423,167,560,66,957,849,3,23,35.160000000000004,0,0.139,0.0,5.723,135.20000000000002,88.26,26,980.0
1999,1,24,10,30,441,92,521,68,970,913,3,23,29.44,0,0.139,0.0,5.7330000000000005,135.20000000000002,88.22,26,980.0
1999,1,24,11,0,70,978,959,70,978,959,0,23,24.61,0,0.139,0.0,5.743,113.4,82.69,27,980.0
1999,1,24,11,30,399,32,429,71,982,986,3,23,21.28,0,0.139,0.0,5.7540000000000004,113.4,82.64,27,980.0
1999,1,24,12,0,488,97,580,72,983,995,2,23,20.21,0,0.139,0.0,5.766,101.30000000000001,83.0,27,980.0
1999,1,24,12,30,71,981,983,71,981,983,1,23,21.73,0,0.139,0.0,5.779,101.30000000000001,82.95,27,980.0
1999,1,24,13,0,475,248,699,71,976,953,3,24,25.39,0,0.139,0.0,5.7940000000000005,96.9,84.03,27,980.0
1999,1,24,13,30,432,313,702,69,966,903,3,24,30.42,0,0.139,0.0,5.811,96.9,84.0,27,980.0
1999,1,24,14,0,341,383,650,69,952,837,8,24,36.25,4,0.139,0.0,5.83,58.6,86.91,27,980.0
1999,1,24,14,30,281,22,297,66,933,754,4,24,42.550000000000004,0,0.139,0.0,5.843,58.6,86.89,27,980.0
1999,1,24,15,0,316,123,397,65,905,657,4,25,49.15,0,0.139,0.0,5.856,34.4,89.59,27,980.0
1999,1,24,15,30,262,157,351,61,870,549,3,25,55.92,0,0.139,0.0,5.8660000000000005,34.4,95.0,26,980.0
1999,1,24,16,0,57,819,431,57,819,431,0,25,62.82,0,0.139,0.0,5.876,25.0,95.99000000000001,26,980.0
1999,1,24,16,30,123,5,125,50,746,308,8,25,69.79,0,0.139,0.0,5.89,25.0,100.0,26,980.0
1999,1,24,17,0,75,0,75,41,629,184,7,25,76.82000000000001,3,0.139,0.1,5.905,30.6,100.0,26,980.0
1999,1,24,17,30,29,0,29,26,425,71,7,25,83.88,4,0.139,0.1,5.926,30.6,100.0,25,980.0
1999,1,24,18,0,0,0,0,0,0,0,7,25,90.96000000000001,0,0.139,0.1,5.947,1.8,100.0,25,980.0
1999,1,24,18,30,0,0,0,0,0,0,7,24,98.04,0,0.139,0.1,5.956,1.8,100.0,24,980.0
1999,1,24,19,0,0,0,0,0,0,0,7,24,105.12,1,0.139,0.2,5.966,359.70000000000005,100.0,24,980.0
1999,1,24,19,30,0,0,0,0,0,0,8,24,112.17,0,0.139,0.1,5.962,359.70000000000005,100.0,24,980.0
1999,1,24,20,0,0,0,0,0,0,0,8,24,119.18,0,0.139,0.1,5.9590000000000005,0.8,100.0,24,980.0
1999,1,24,20,30,0,0,0,0,0,0,7,23,126.12,0,0.139,0.1,5.952,0.8,100.0,24,980.0
1999,1,24,21,0,0,0,0,0,0,0,7,23,132.96,0,0.139,0.1,5.946,359.0,100.0,24,980.0
1999,1,24,21,30,0,0,0,0,0,0,0,23,139.63,0,0.139,0.1,5.928,359.0,100.0,23,980.0
1999,1,24,22,0,0,0,0,0,0,0,1,23,146.03,0,0.139,0.2,5.9110000000000005,358.1,100.0,23,980.0
1999,1,24,22,30,0,0,0,0,0,0,7,23,151.98,0,0.139,0.2,5.883,358.1,100.0,23,980.0
1999,1,24,23,0,0,0,0,0,0,0,7,23,157.1,0,0.139,0.2,5.855,357.5,100.0,23,980.0
1999,1,24,23,30,0,0,0,0,0,0,7,23,160.72,0,0.139,0.2,5.823,357.5,100.0,23,980.0
1999,1,25,0,0,0,0,0,0,0,0,7,23,161.92000000000002,0,0.139,0.2,5.792,359.1,100.0,23,980.0
1999,1,25,0,30,0,0,0,0,0,0,8,22,160.25,0,0.139,0.2,5.757000000000001,359.1,100.0,23,980.0
1999,1,25,1,0,0,0,0,0,0,0,8,22,156.3,0,0.139,0.2,5.722,3.5,100.0,23,980.0
1999,1,25,1,30,0,0,0,0,0,0,7,22,151.0,0,0.139,0.2,5.69,3.5,100.0,22,980.0
1999,1,25,2,0,0,0,0,0,0,0,1,22,144.96,0,0.139,0.30000000000000004,5.659,8.6,100.0,22,980.0
1999,1,25,2,30,0,0,0,0,0,0,7,22,138.5,0,0.139,0.30000000000000004,5.638,8.6,100.0,22,980.0
1999,1,25,3,0,0,0,0,0,0,0,4,22,131.79,0,0.139,0.30000000000000004,5.618,8.4,100.0,22,980.0
1999,1,25,3,30,0,0,0,0,0,0,4,22,124.93,0,0.139,0.30000000000000004,5.602,8.4,100.0,22,980.0
1999,1,25,4,0,0,0,0,0,0,0,8,22,117.97,0,0.139,0.4,5.586,9.0,100.0,22,980.0
1999,1,25,4,30,0,0,0,0,0,0,8,22,110.95,0,0.139,0.4,5.573,9.0,100.0,22,980.0
1999,1,25,5,0,0,0,0,0,0,0,4,22,103.89,0,0.139,0.4,5.561,12.8,100.0,22,980.0
1999,1,25,5,30,0,0,0,0,0,0,8,22,96.81,0,0.139,0.30000000000000004,5.553,12.8,100.0,22,980.0
1999,1,25,6,0,0,0,0,0,0,0,8,22,89.71000000000001,0,0.139,0.2,5.546,16.900000000000002,100.0,22,980.0
1999,1,25,6,30,3,0,3,29,479,90,4,22,82.63,0,0.139,0.1,5.543,16.900000000000002,100.0,22,980.0
1999,1,25,7,0,25,0,25,42,660,206,4,23,75.57000000000001,0,0.139,0.0,5.54,32.300000000000004,100.0,23,980.0
1999,1,25,7,30,141,26,151,50,765,330,8,23,68.54,0,0.139,0.0,5.539,32.300000000000004,100.0,23,980.0
1999,1,25,8,0,208,82,248,55,835,452,8,24,61.57,0,0.139,0.0,5.539,34.9,100.0,24,980.0
1999,1,25,8,30,212,16,222,59,881,569,8,24,54.68,0,0.139,0.0,5.547,34.9,100.0,24,980.0
1999,1,25,9,0,273,30,293,61,916,675,8,24,47.910000000000004,0,0.139,0.0,5.556,45.900000000000006,99.14,25,980.0
1999,1,25,9,30,323,38,352,64,940,770,8,24,41.34,0,0.139,0.0,5.577,45.900000000000006,99.12,25,980.0
1999,1,25,10,0,374,50,415,65,959,849,8,24,35.08,0,0.139,0.0,5.6000000000000005,47.1,96.19,25,980.0
1999,1,25,10,30,317,19,334,66,971,913,8,24,29.330000000000002,0,0.139,0.0,5.6240000000000006,47.1,96.16,25,980.0
1999,1,25,11,0,291,15,306,67,980,959,4,23,24.45,0,0.139,0.0,5.648,40.400000000000006,87.17,26,980.0
1999,1,25,11,30,366,24,389,68,984,987,4,23,21.07,0,0.139,0.0,5.673,40.400000000000006,87.12,26,980.0
1999,1,25,12,0,326,18,343,68,985,995,4,23,19.96,0,0.139,0.0,5.698,35.4,85.91,27,980.0
1999,1,25,12,30,404,35,437,68,983,983,8,23,21.490000000000002,0,0.139,0.0,5.723,35.4,85.88,27,980.0
1999,1,25,13,0,365,26,389,67,978,953,8,23,25.17,0,0.139,0.0,5.7490000000000006,32.7,81.38,27,980.0
1999,1,25,13,30,430,81,500,66,969,903,7,23,30.22,0,0.139,0.0,5.768,32.7,81.34,27,980.0
1999,1,25,14,0,286,17,300,64,956,836,4,23,36.08,0,0.139,0.0,5.787,36.5,82.8,27,980.0
1999,1,25,14,30,327,46,361,61,937,754,8,23,42.4,0,0.139,0.0,5.795,36.5,87.79,26,980.0
1999,1,25,15,0,310,90,369,59,912,657,8,24,49.01,0,0.139,0.0,5.805,43.900000000000006,90.65,26,980.0
1999,1,25,15,30,255,86,304,55,877,548,7,24,55.800000000000004,0,0.139,0.0,5.814,43.900000000000006,90.66,26,980.0
1999,1,25,16,0,192,53,216,51,828,431,7,24,62.71,0,0.139,0.0,5.823,53.2,94.02,26,980.0
1999,1,25,16,30,137,263,228,45,757,308,8,24,69.7,0,0.139,0.0,5.828,53.2,99.77,25,980.0
1999,1,25,17,0,58,0,58,38,642,185,7,25,76.74,0,0.139,0.1,5.833,54.300000000000004,100.0,25,980.0
1999,1,25,17,30,23,0,23,25,442,72,7,24,83.81,4,0.139,0.2,5.825,54.300000000000004,100.0,24,980.0
1999,1,25,18,0,0,0,0,0,0,0,7,24,90.9,0,0.139,0.30000000000000004,5.817,51.7,100.0,24,980.0
1999,1,25,18,30,0,0,0,0,0,0,7,23,98.0,0,0.139,0.2,5.797,51.7,100.0,24,980.0
1999,1,25,19,0,0,0,0,0,0,0,7,23,105.08,1,0.139,0.2,5.7780000000000005,52.300000000000004,100.0,24,980.0
1999,1,25,19,30,0,0,0,0,0,0,4,23,112.15,0,0.139,0.1,5.76,52.300000000000004,100.0,23,980.0
1999,1,25,20,0,0,0,0,0,0,0,4,23,119.17,0,0.139,0.1,5.743,57.400000000000006,100.0,23,980.0
1999,1,25,20,30,0,0,0,0,0,0,7,23,126.12,0,0.139,0.1,5.736,57.400000000000006,100.0,23,980.0
1999,1,25,21,0,0,0,0,0,0,0,7,23,132.98,0,0.139,0.1,5.729,74.2,100.0,23,980.0
1999,1,25,21,30,0,0,0,0,0,0,7,23,139.67000000000002,0,0.139,0.1,5.7250000000000005,74.2,100.0,23,980.0
1999,1,25,22,0,0,0,0,0,0,0,8,23,146.1,0,0.139,0.1,5.722,90.60000000000001,100.0,23,980.0
1999,1,25,22,30,0,0,0,0,0,0,8,22,152.09,0,0.139,0.1,5.714,90.60000000000001,100.0,23,980.0
1999,1,25,23,0,0,0,0,0,0,0,8,22,157.25,0,0.139,0.1,5.706,97.2,100.0,23,980.0
1999,1,25,23,30,0,0,0,0,0,0,8,22,160.93,0,0.139,0.1,5.695,97.2,100.0,22,980.0
1999,1,26,0,0,0,0,0,0,0,0,4,22,162.17000000000002,0,0.139,0.1,5.684,96.80000000000001,100.0,22,980.0
1999,1,26,0,30,0,0,0,0,0,0,8,22,160.49,0,0.139,0.1,5.671,96.80000000000001,100.0,22,980.0
1999,1,26,1,0,0,0,0,0,0,0,8,22,156.52,0,0.139,0.1,5.659,92.5,100.0,22,980.0
1999,1,26,1,30,0,0,0,0,0,0,4,22,151.19,0,0.139,0.1,5.647,92.5,100.0,22,980.0
1999,1,26,2,0,0,0,0,0,0,0,7,22,145.12,0,0.139,0.1,5.635,88.9,100.0,22,980.0
1999,1,26,2,30,0,0,0,0,0,0,8,22,138.64000000000001,0,0.139,0.1,5.62,88.9,100.0,22,980.0
1999,1,26,3,0,0,0,0,0,0,0,8,22,131.91,0,0.139,0.1,5.605,87.7,100.0,22,980.0
1999,1,26,3,30,0,0,0,0,0,0,7,22,125.03,0,0.139,0.1,5.582,87.7,100.0,22,980.0
1999,1,26,4,0,0,0,0,0,0,0,4,22,118.06,0,0.139,0.1,5.559,89.7,100.0,22,980.0
1999,1,26,4,30,0,0,0,0,0,0,8,21,111.03,0,0.139,0.1,5.539,89.7,100.0,22,980.0
1999,1,26,5,0,0,0,0,0,0,0,4,21,103.96000000000001,0,0.139,0.1,5.519,89.9,100.0,22,980.0
1999,1,26,5,30,0,0,0,0,0,0,4,21,96.86,0,0.139,0.1,5.502,89.9,100.0,22,980.0
1999,1,26,6,0,0,0,0,0,0,0,4,22,89.76,0,0.139,0.1,5.486,85.60000000000001,100.0,22,980.0
1999,1,26,6,30,25,0,25,29,473,89,4,22,82.67,0,0.139,0.0,5.4750000000000005,85.60000000000001,100.0,22,980.0
1999,1,26,7,0,61,0,61,43,655,206,4,23,75.59,0,0.139,0.0,5.464,80.4,100.0,23,980.0
1999,1,26,7,30,85,0,85,52,761,330,4,23,68.55,0,0.139,0.0,5.45,80.4,100.0,23,980.0
1999,1,26,8,0,145,0,145,57,831,453,4,24,61.57,0,0.139,0.0,5.437,93.80000000000001,100.0,24,980.0
1999,1,26,8,30,231,29,248,62,878,570,4,24,54.660000000000004,0,0.139,0.0,5.438,93.80000000000001,100.0,24,980.0
1999,1,26,9,0,308,67,353,66,912,678,4,24,47.88,0,0.139,0.0,5.44,95.0,100.0,24,980.0
1999,1,26,9,30,347,59,392,69,937,773,4,24,41.29,0,0.139,0.0,5.458,95.0,100.0,24,980.0
1999,1,26,10,0,375,70,433,72,954,854,8,24,35.0,4,0.139,0.0,5.477,87.0,95.74000000000001,25,980.0
1999,1,26,10,30,456,132,572,74,967,918,4,24,29.21,0,0.139,0.0,5.496,87.0,95.71000000000001,25,980.0
1999,1,26,11,0,484,221,685,76,975,965,3,23,24.28,0,0.139,0.0,5.516,76.2,87.4,26,980.0
1999,1,26,11,30,445,278,705,76,980,992,8,23,20.85,4,0.139,0.0,5.5360000000000005,76.2,87.35000000000001,26,980.0
1999,1,26,12,0,504,141,637,77,981,1001,8,23,19.71,0,0.139,0.0,5.557,73.8,80.75,27,980.0
1999,1,26,12,30,370,25,394,76,979,989,8,23,21.240000000000002,0,0.139,0.0,5.565,73.8,80.71000000000001,27,980.0
1999,1,26,13,0,389,33,419,76,973,959,8,23,24.94,0,0.139,0.0,5.574,86.0,80.28,27,980.0
1999,1,26,13,30,431,80,500,75,964,910,7,23,30.03,0,0.139,0.0,5.577,86.0,80.24,27,980.0
1999,1,26,14,0,413,238,606,73,950,843,8,23,35.910000000000004,0,0.139,0.0,5.581,114.2,81.83,27,980.0
1999,1,26,14,30,373,158,490,71,930,760,7,23,42.26,0,0.139,0.0,5.582,114.2,86.76,27,980.0
1999,1,26,15,0,299,325,513,68,904,662,7,24,48.88,0,0.139,0.0,5.5840000000000005,135.5,91.7,27,980.0
1999,1,26,15,30,262,120,330,64,868,553,6,24,55.69,0,0.139,0.0,5.5840000000000005,135.5,91.69,26,980.0
1999,1,26,16,0,153,2,155,59,817,435,6,24,62.61,0,0.139,0.1,5.585,139.0,93.46000000000001,26,980.0
1999,1,26,16,30,119,0,119,52,744,311,6,24,69.61,0,0.139,0.1,5.585,139.0,99.17,25,980.0
1999,1,26,17,0,88,50,100,42,628,187,6,24,76.66,0,0.139,0.1,5.585,163.70000000000002,99.49000000000001,25,980.0
1999,1,26,17,30,37,17,39,27,425,73,8,24,83.75,4,0.139,0.1,5.581,163.70000000000002,100.0,24,980.0
1999,1,26,18,0,0,0,0,0,0,0,8,24,90.84,0,0.139,0.2,5.578,165.0,100.0,24,980.0
1999,1,26,18,30,0,0,0,0,0,0,7,23,97.95,0,0.139,0.2,5.572,165.0,100.0,24,980.0
1999,1,26,19,0,0,0,0,0,0,0,7,23,105.05,1,0.139,0.2,5.566,157.0,100.0,24,980.0
1999,1,26,19,30,0,0,0,0,0,0,7,23,112.12,0,0.139,0.1,5.548,157.0,100.0,23,980.0
1999,1,26,20,0,0,0,0,0,0,0,7,23,119.16,0,0.139,0.1,5.53,152.8,100.0,23,980.0
1999,1,26,20,30,0,0,0,0,0,0,7,23,126.13000000000001,0,0.139,0.1,5.498,152.8,100.0,23,980.0
1999,1,26,21,0,0,0,0,0,0,0,7,23,133.0,0,0.139,0.1,5.466,150.4,100.0,23,980.0
1999,1,26,21,30,0,0,0,0,0,0,4,23,139.72,0,0.139,0.1,5.416,150.4,100.0,23,980.0
1999,1,26,22,0,0,0,0,0,0,0,7,23,146.18,0,0.139,0.1,5.3660000000000005,147.0,100.0,23,980.0
1999,1,26,22,30,0,0,0,0,0,0,7,22,152.20000000000002,0,0.139,0.1,5.321,147.0,100.0,23,980.0
1999,1,26,23,0,0,0,0,0,0,0,8,22,157.41,0,0.139,0.1,5.276,149.20000000000002,100.0,23,980.0
1999,1,26,23,30,0,0,0,0,0,0,8,22,161.15,0,0.139,0.1,5.2540000000000004,149.20000000000002,100.0,22,980.0
1999,1,27,0,0,0,0,0,0,0,0,8,22,162.42000000000002,0,0.139,0.1,5.232,161.10000000000002,100.0,22,980.0
1999,1,27,0,30,0,0,0,0,0,0,8,22,160.74,0,0.139,0.1,5.229,161.10000000000002,100.0,22,980.0
1999,1,27,1,0,0,0,0,0,0,0,8,22,156.74,0,0.139,0.2,5.226,166.8,100.0,22,980.0
1999,1,27,1,30,0,0,0,0,0,0,8,22,151.38,0,0.139,0.2,5.23,166.8,100.0,22,980.0
1999,1,27,2,0,0,0,0,0,0,0,7,22,145.28,0,0.139,0.2,5.235,169.4,100.0,22,980.0
1999,1,27,2,30,0,0,0,0,0,0,7,22,138.77,0,0.139,0.2,5.251,169.4,100.0,22,980.0
1999,1,27,3,0,0,0,0,0,0,0,7,22,132.03,0,0.139,0.2,5.267,172.60000000000002,100.0,22,980.0
1999,1,27,3,30,0,0,0,0,0,0,7,22,125.14,0,0.139,0.2,5.304,172.60000000000002,100.0,22,980.0
1999,1,27,4,0,0,0,0,0,0,0,7,22,118.15,0,0.139,0.30000000000000004,5.341,177.0,100.0,22,980.0
1999,1,27,4,30,0,0,0,0,0,0,7,21,111.11,0,0.139,0.2,5.386,177.0,100.0,22,980.0
1999,1,27,5,0,0,0,0,0,0,0,3,21,104.02,0,0.139,0.2,5.432,183.4,100.0,22,980.0
1999,1,27,5,30,0,0,0,0,0,0,7,21,96.92,0,0.139,0.1,5.462,183.4,100.0,22,980.0
1999,1,27,6,0,0,0,0,0,0,0,4,22,89.81,0,0.139,0.1,5.493,189.4,100.0,22,980.0
1999,1,27,6,30,39,333,81,30,466,89,8,22,82.7,0,0.139,0.0,5.497,189.4,100.0,22,980.0
1999,1,27,7,0,95,42,106,44,651,205,3,23,75.62,0,0.139,0.0,5.502,201.8,100.0,23,980.0
1999,1,27,7,30,125,0,125,53,758,330,3,23,68.56,0,0.139,0.0,5.488,201.8,100.0,23,980.0
1999,1,27,8,0,214,143,282,60,827,453,3,23,61.56,0,0.139,0.0,5.4750000000000005,202.60000000000002,100.0,24,980.0
1999,1,27,8,30,272,145,356,65,874,571,3,23,54.64,0,0.139,0.0,5.4430000000000005,202.60000000000002,100.0,24,980.0
1999,1,27,9,0,292,46,323,68,909,679,3,24,47.84,0,0.139,0.0,5.4110000000000005,188.60000000000002,100.0,24,980.0
1999,1,27,9,30,284,21,300,71,935,775,3,24,41.230000000000004,0,0.139,0.0,5.369,188.60000000000002,95.11,25,980.0
1999,1,27,10,0,269,14,281,74,953,856,4,23,34.910000000000004,0,0.139,0.0,5.328,165.20000000000002,86.5,26,980.0
1999,1,27,10,30,458,137,578,76,967,921,3,23,29.080000000000002,0,0.139,0.0,5.299,165.20000000000002,86.46000000000001,26,980.0
1999,1,27,11,0,482,235,697,77,975,968,3,23,24.11,0,0.139,0.0,5.271,165.20000000000002,79.64,27,980.0
1999,1,27,11,30,78,980,996,78,980,996,0,23,20.63,0,0.139,0.0,5.2620000000000005,165.20000000000002,79.59,27,980.0
1999,1,27,12,0,79,982,1005,79,982,1005,0,23,19.46,0,0.139,0.0,5.253,185.70000000000002,79.15,28,980.0
1999,1,27,12,30,78,980,994,78,980,994,0,23,20.98,0,0.139,0.0,5.26,185.70000000000002,79.11,28,980.0
1999,1,27,13,0,78,974,963,78,974,963,0,23,24.71,0,0.139,0.0,5.267,198.70000000000002,74.52,28,980.0
1999,1,27,13,30,433,81,504,76,965,914,3,23,29.830000000000002,0,0.139,0.0,5.2860000000000005,198.70000000000002,74.47,28,980.0
1999,1,27,14,0,343,34,371,75,951,847,4,23,35.74,0,0.139,0.0,5.305,194.70000000000002,74.86,28,980.0
1999,1,27,14,30,348,335,597,72,932,763,3,23,42.11,0,0.139,0.0,5.3260000000000005,194.70000000000002,79.33,28,980.0
1999,1,27,15,0,295,348,525,69,905,666,3,23,48.76,0,0.139,0.0,5.348,166.3,82.09,28,980.0
1999,1,27,15,30,10,0,10,64,870,556,7,23,55.58,0,0.139,0.0,5.375,166.3,82.08,27,980.0
1999,1,27,16,0,120,0,120,59,820,437,6,24,62.52,0,0.139,0.0,5.402,144.3,86.64,27,980.0
1999,1,27,16,30,112,0,112,52,747,313,6,24,69.53,0,0.139,0.0,5.428,144.3,91.89,26,980.0
1999,1,27,17,0,91,103,114,42,633,189,6,25,76.59,0,0.139,0.1,5.454,194.70000000000002,94.3,26,980.0
1999,1,27,17,30,38,65,45,27,432,74,6,25,83.68,4,0.139,0.1,5.465,194.70000000000002,100.0,25,980.0
1999,1,27,18,0,0,0,0,0,0,0,6,24,90.79,0,0.139,0.2,5.478,242.0,97.32000000000001,25,980.0
1999,1,27,18,30,0,0,0,0,0,0,6,24,97.91,0,0.139,0.1,5.474,242.0,97.34,25,980.0
1999,1,27,19,0,0,0,0,0,0,0,6,24,105.02,1,0.139,0.1,5.471,230.60000000000002,96.77,25,980.0
1999,1,27,19,30,0,0,0,0,0,0,6,24,112.11,0,0.139,0.1,5.458,230.60000000000002,96.78,25,980.0
1999,1,27,20,0,0,0,0,0,0,0,6,23,119.15,0,0.139,0.2,5.445,132.0,93.51,25,980.0
1999,1,27,20,30,0,0,0,0,0,0,6,23,126.14,0,0.139,0.30000000000000004,5.433,132.0,99.26,24,980.0
1999,1,27,21,0,0,0,0,0,0,0,6,23,133.03,0,0.139,0.4,5.421,129.0,97.62,24,980.0
1999,1,27,21,30,0,0,0,0,0,0,6,23,139.77,0,0.139,0.4,5.415,129.0,97.62,24,980.0
1999,1,27,22,0,0,0,0,0,0,0,8,23,146.26,0,0.139,0.4,5.41,147.20000000000002,97.17,24,980.0
1999,1,27,22,30,0,0,0,0,0,0,8,23,152.31,0,0.139,0.4,5.4190000000000005,147.20000000000002,100.0,23,980.0
1999,1,27,23,0,0,0,0,0,0,0,8,23,157.58,0,0.139,0.4,5.429,177.10000000000002,100.0,23,980.0
1999,1,27,23,30,0,0,0,0,0,0,7,22,161.37,0,0.139,0.30000000000000004,5.445,177.10000000000002,100.0,23,980.0
1999,1,28,0,0,0,0,0,0,0,0,7,22,162.68,0,0.139,0.30000000000000004,5.462,196.8,100.0,23,980.0
1999,1,28,0,30,0,0,0,0,0,0,7,22,161.0,0,0.139,0.2,5.496,196.8,100.0,22,980.0
1999,1,28,1,0,0,0,0,0,0,0,4,22,156.96,0,0.139,0.2,5.53,203.0,100.0,22,980.0
1999,1,28,1,30,0,0,0,0,0,0,4,22,151.57,0,0.139,0.1,5.595,203.0,100.0,22,980.0
1999,1,28,2,0,0,0,0,0,0,0,4,22,145.44,0,0.139,0.0,5.66,190.0,100.0,22,980.0
1999,1,28,2,30,0,0,0,0,0,0,4,22,138.91,0,0.139,0.0,5.7410000000000005,190.0,100.0,22,980.0
1999,1,28,3,0,0,0,0,0,0,0,8,22,132.14000000000001,0,0.139,0.0,5.822,184.9,100.0,22,980.0
1999,1,28,3,30,0,0,0,0,0,0,7,22,125.24000000000001,0,0.139,0.0,5.883,184.9,100.0,22,980.0
1999,1,28,4,0,0,0,0,0,0,0,8,22,118.24000000000001,0,0.139,0.0,5.944,188.70000000000002,100.0,22,980.0
1999,1,28,4,30,0,0,0,0,0,0,7,22,111.18,0,0.139,0.0,5.955,188.70000000000002,100.0,22,980.0
1999,1,28,5,0,0,0,0,0,0,0,7,22,104.09,0,0.139,0.0,5.966,200.20000000000002,100.0,22,980.0
1999,1,28,5,30,0,0,0,0,0,0,7,22,96.97,0,0.139,0.0,5.953,200.20000000000002,100.0,22,980.0
1999,1,28,6,0,0,0,0,0,0,0,7,22,89.85000000000001,0,0.139,0.0,5.941,209.60000000000002,100.0,22,980.0
1999,1,28,6,30,15,0,15,29,464,88,3,22,82.73,0,0.139,0.0,5.939,209.60000000000002,100.0,22,980.0
1999,1,28,7,0,6,0,6,43,648,204,3,23,75.64,0,0.139,0.0,5.938,213.5,100.0,23,980.0
1999,1,28,7,30,12,0,12,53,755,329,4,23,68.57000000000001,0,0.139,0.0,5.9670000000000005,213.5,100.0,23,980.0
1999,1,28,8,0,18,0,18,60,824,452,4,24,61.56,0,0.139,0.0,5.997,191.9,100.0,24,980.0
1999,1,28,8,30,180,3,183,65,871,569,3,24,54.620000000000005,0,0.139,0.0,6.054,191.9,100.0,24,980.0
1999,1,28,9,0,243,16,254,69,905,677,7,24,47.800000000000004,0,0.139,0.0,6.111,176.8,100.0,24,980.0
1999,1,28,9,30,378,212,538,72,929,772,7,24,41.160000000000004,0,0.139,0.0,6.162,176.8,100.0,24,980.0
1999,1,28,10,0,335,28,359,75,947,853,8,24,34.81,0,0.139,0.0,6.214,181.8,98.72,25,980.0
1999,1,28,10,30,462,174,615,77,960,917,4,24,28.95,0,0.139,0.0,6.243,181.8,98.68,25,980.0
1999,1,28,11,0,474,102,568,78,969,964,8,24,23.93,0,0.139,0.0,6.273,171.3,98.72,25,980.0
1999,1,28,11,30,498,126,616,79,974,992,8,24,20.400000000000002,0,0.139,0.0,6.287,171.3,98.67,25,980.0
1999,1,28,12,0,508,158,658,81,973,1001,8,24,19.19,0,0.139,0.0,6.3020000000000005,161.8,98.59,26,980.0
1999,1,28,12,30,429,44,471,81,971,990,8,24,20.72,0,0.139,0.0,6.309,161.8,98.54,26,980.0
1999,1,28,13,0,82,963,959,82,963,959,0,24,24.48,0,0.139,0.0,6.317,149.0,99.07000000000001,26,980.0
1999,1,28,13,30,448,262,677,81,954,910,7,24,29.63,0,0.139,0.0,6.3260000000000005,149.0,99.03,25,980.0
1999,1,28,14,0,80,938,843,80,938,843,1,25,35.57,0,0.139,0.0,6.335,139.4,100.0,25,980.0
1999,1,28,14,30,344,357,609,77,918,760,8,25,41.96,0,0.139,0.0,6.344,139.4,100.0,25,980.0
1999,1,28,15,0,317,240,476,75,890,663,7,25,48.63,0,0.139,0.0,6.354,135.6,100.0,25,980.0
1999,1,28,15,30,264,124,335,70,853,554,7,25,55.47,0,0.139,0.0,6.354,135.6,100.0,25,980.0
1999,1,28,16,0,206,182,290,63,804,436,8,25,62.42,0,0.139,0.0,6.355,126.4,100.0,25,980.0
1999,1,28,16,30,141,246,227,55,730,312,8,25,69.44,0,0.139,0.0,6.339,126.4,100.0,25,980.0
1999,1,28,17,0,84,226,137,44,615,188,7,25,76.52,3,0.139,0.0,6.323,45.800000000000004,100.0,25,980.0
1999,1,28,17,30,37,149,54,28,412,74,7,24,83.62,4,0.139,0.0,6.277,45.800000000000004,100.0,24,980.0
1999,1,28,18,0,0,0,0,0,0,0,3,24,90.74,0,0.139,0.1,6.231,59.2,100.0,24,980.0
1999,1,28,18,30,0,0,0,0,0,0,4,24,97.87,0,0.139,0.1,6.157,59.2,100.0,24,980.0
1999,1,28,19,0,0,0,0,0,0,0,4,24,104.99000000000001,1,0.139,0.1,6.0840000000000005,63.1,100.0,24,980.0
1999,1,28,19,30,0,0,0,0,0,0,3,24,112.09,0,0.139,0.0,5.982,63.1,100.0,24,980.0
1999,1,28,20,0,0,0,0,0,0,0,3,24,119.15,0,0.139,0.0,5.881,68.0,100.0,24,980.0
1999,1,28,20,30,0,0,0,0,0,0,1,23,126.15,0,0.139,0.0,5.7780000000000005,68.0,100.0,23,980.0
1999,1,28,21,0,0,0,0,0,0,0,3,23,133.06,0,0.139,0.0,5.676,71.0,100.0,23,980.0
1999,1,28,21,30,0,0,0,0,0,0,4,23,139.82,0,0.139,0.0,5.6000000000000005,71.0,100.0,23,980.0
1999,1,28,22,0,0,0,0,0,0,0,4,23,146.34,0,0.139,0.0,5.524,69.10000000000001,100.0,23,980.0
1999,1,28,22,30,0,0,0,0,0,0,8,23,152.43,0,0.139,0.0,5.47,69.10000000000001,100.0,23,980.0
1999,1,28,23,0,0,0,0,0,0,0,7,23,157.75,0,0.139,0.0,5.417,67.2,100.0,23,980.0
1999,1,28,23,30,0,0,0,0,0,0,6,22,161.6,0,0.139,0.0,5.372,67.2,100.0,23,980.0
1999,1,29,0,0,0,0,0,0,0,0,7,22,162.95000000000002,0,0.139,0.0,5.328,64.9,100.0,23,980.0
1999,1,29,0,30,0,0,0,0,0,0,6,22,161.26,0,0.139,0.0,5.28,64.9,100.0,22,980.0
1999,1,29,1,0,0,0,0,0,0,0,8,22,157.19,0,0.139,0.0,5.2330000000000005,68.9,100.0,22,980.0
1999,1,29,1,30,0,0,0,0,0,0,8,22,151.75,0,0.139,0.0,5.183,68.9,100.0,22,980.0
1999,1,29,2,0,0,0,0,0,0,0,8,22,145.59,0,0.139,0.1,5.133,62.7,100.0,22,980.0
1999,1,29,2,30,0,0,0,0,0,0,8,22,139.04,0,0.139,0.1,5.086,62.7,100.0,22,980.0
1999,1,29,3,0,0,0,0,0,0,0,8,22,132.26,0,0.139,0.2,5.039,56.7,100.0,22,980.0
1999,1,29,3,30,0,0,0,0,0,0,8,21,125.34,0,0.139,0.2,5.009,56.7,100.0,21,980.0
1999,1,29,4,0,0,0,0,0,0,0,8,21,118.32000000000001,0,0.139,0.2,4.98,52.400000000000006,100.0,21,980.0
1999,1,29,4,30,0,0,0,0,0,0,8,21,111.25,0,0.139,0.1,4.971,52.400000000000006,100.0,21,980.0
1999,1,29,5,0,0,0,0,0,0,0,8,21,104.15,0,0.139,0.1,4.963,49.5,100.0,21,980.0
1999,1,29,5,30,0,0,0,0,0,0,4,21,97.02,0,0.139,0.0,4.971,49.5,100.0,21,980.0
1999,1,29,6,0,0,0,0,0,0,0,4,22,89.89,0,0.139,0.0,4.979,49.2,100.0,22,980.0
1999,1,29,6,30,8,0,8,29,467,88,8,22,82.76,4,0.139,0.0,5.009,49.2,100.0,22,980.0
1999,1,29,7,0,19,0,19,44,653,206,4,23,75.65,0,0.139,0.0,5.039,52.6,100.0,23,980.0
1999,1,29,7,30,127,2,128,53,760,331,4,23,68.58,0,0.139,0.0,5.0920000000000005,52.6,100.0,24,980.0
1999,1,29,8,0,181,398,371,58,831,455,8,24,61.550000000000004,0,0.139,0.0,5.146,53.0,100.0,25,980.0
1999,1,29,8,30,253,320,439,63,878,572,8,24,54.6,0,0.139,0.0,5.214,53.0,95.53,25,980.0
1999,1,29,9,0,282,357,522,67,911,680,7,23,47.76,4,0.139,0.0,5.283,51.1,85.76,26,980.0
1999,1,29,9,30,299,26,319,71,936,776,3,23,41.1,0,0.139,0.0,5.344,51.1,85.72,27,980.0
1999,1,29,10,0,426,178,572,75,952,858,3,23,34.72,0,0.139,0.0,5.406,44.7,79.0,28,980.0
1999,1,29,10,30,443,89,521,77,965,922,3,23,28.82,0,0.139,0.0,5.465,44.7,78.97,28,980.0
1999,1,29,11,0,467,88,548,80,971,969,3,23,23.75,0,0.139,0.0,5.526,47.0,74.53,28,980.0
1999,1,29,11,30,482,313,776,81,975,997,8,23,20.17,0,0.139,0.0,5.573,47.0,74.48,28,980.0
1999,1,29,12,0,428,465,868,84,975,1006,8,23,18.93,0,0.139,0.0,5.62,55.2,75.44,28,980.0
1999,1,29,12,30,469,73,538,83,973,995,3,23,20.46,0,0.139,0.0,5.647,55.2,75.4,28,980.0
1999,1,29,13,0,414,427,804,84,965,964,8,23,24.25,0,0.139,0.0,5.675,69.9,77.36,28,980.0
1999,1,29,13,30,459,175,611,82,955,915,7,23,29.43,0,0.139,0.0,5.689,69.9,77.33,28,980.0
1999,1,29,14,0,412,263,627,82,939,848,8,24,35.4,0,0.139,0.0,5.704,92.2,79.78,28,980.0
1999,1,29,14,30,301,28,323,79,920,764,4,24,41.82,0,0.139,0.0,5.718,92.2,84.55,28,980.0
1999,1,29,15,0,322,137,413,77,890,666,3,24,48.51,0,0.139,0.0,5.732,107.60000000000001,87.09,28,980.0
1999,1,29,15,30,72,853,557,72,853,557,0,24,55.36,0,0.139,0.0,5.753,107.60000000000001,87.09,27,980.0
1999,1,29,16,0,83,0,83,67,798,437,8,25,62.33,0,0.139,0.0,5.774,114.30000000000001,89.2,27,980.0
1999,1,29,16,30,75,0,75,58,722,313,6,25,69.36,0,0.139,0.0,5.803,114.30000000000001,94.62,26,980.0
1999,1,29,17,0,39,0,39,48,597,188,6,25,76.45,0,0.139,0.0,5.832,114.4,96.72,26,980.0
1999,1,29,17,30,15,0,15,30,390,74,6,25,83.57000000000001,4,0.139,0.0,5.86,114.4,100.0,25,980.0
1999,1,29,18,0,0,0,0,0,0,0,6,25,90.7,0,0.139,0.1,5.889,111.4,100.0,25,980.0
1999,1,29,18,30,0,0,0,0,0,0,6,25,97.84,0,0.139,0.1,5.914,111.4,100.0,25,980.0
1999,1,29,19,0,0,0,0,0,0,0,6,25,104.97,1,0.139,0.1,5.94,102.4,100.0,25,980.0
1999,1,29,19,30,0,0,0,0,0,0,6,24,112.08,0,0.139,0.1,5.946,102.4,100.0,25,980.0
1999,1,29,20,0,0,0,0,0,0,0,6,24,119.15,0,0.139,0.1,5.952,83.4,100.0,25,980.0
1999,1,29,20,30,0,0,0,0,0,0,6,24,126.17,0,0.139,0.1,5.944,83.4,100.0,24,980.0
1999,1,29,21,0,0,0,0,0,0,0,6,24,133.1,0,0.139,0.1,5.937,74.2,100.0,24,980.0
1999,1,29,21,30,0,0,0,0,0,0,8,24,139.88,0,0.139,0.1,5.934,74.2,100.0,24,980.0
1999,1,29,22,0,0,0,0,0,0,0,8,24,146.42000000000002,0,0.139,0.1,5.931,67.7,100.0,24,980.0
1999,1,29,22,30,0,0,0,0,0,0,8,24,152.55,0,0.139,0.0,5.932,67.7,100.0,24,980.0
1999,1,29,23,0,0,0,0,0,0,0,8,24,157.92000000000002,0,0.139,0.0,5.934,60.5,100.0,24,980.0
1999,1,29,23,30,0,0,0,0,0,0,7,23,161.83,0,0.139,0.0,5.931,60.5,100.0,24,980.0
1999,1,30,0,0,0,0,0,0,0,0,8,23,163.22,0,0.139,0.0,5.929,57.800000000000004,100.0,24,980.0
1999,1,30,0,30,0,0,0,0,0,0,4,23,161.52,0,0.139,0.0,5.907,57.800000000000004,100.0,23,980.0
1999,1,30,1,0,0,0,0,0,0,0,4,23,157.41,0,0.139,0.0,5.886,53.6,100.0,23,980.0
1999,1,30,1,30,0,0,0,0,0,0,7,23,151.94,0,0.139,0.0,5.8500000000000005,53.6,100.0,23,980.0
1999,1,30,2,0,0,0,0,0,0,0,8,23,145.75,0,0.139,0.0,5.815,45.800000000000004,100.0,23,980.0
1999,1,30,2,30,0,0,0,0,0,0,4,23,139.17000000000002,0,0.139,0.0,5.766,45.800000000000004,100.0,23,980.0
1999,1,30,3,0,0,0,0,0,0,0,4,23,132.37,0,0.139,0.0,5.718,43.900000000000006,100.0,23,980.0
1999,1,30,3,30,0,0,0,0,0,0,4,23,125.43,0,0.139,0.0,5.663,43.900000000000006,100.0,23,980.0
1999,1,30,4,0,0,0,0,0,0,0,8,22,118.41,0,0.139,0.0,5.609,48.2,99.96000000000001,23,980.0
1999,1,30,4,30,0,0,0,0,0,0,8,22,111.32000000000001,0,0.139,0.0,5.548,48.2,100.0,23,980.0
1999,1,30,5,0,0,0,0,0,0,0,4,22,104.21000000000001,0,0.139,0.0,5.488,55.0,100.0,23,980.0
1999,1,30,5,30,0,0,0,0,0,0,4,22,97.07000000000001,0,0.139,0.0,5.433,55.0,100.0,23,980.0
1999,1,30,6,0,0,0,0,0,0,0,4,22,89.92,0,0.139,0.0,5.378,57.1,99.74000000000001,23,980.0
1999,1,30,6,30,43,190,67,32,434,86,8,22,82.79,0,0.139,0.0,5.336,57.1,99.77,23,980.0
1999,1,30,7,0,47,632,203,47,632,203,1,23,75.67,0,0.139,0.0,5.295,62.400000000000006,94.69,24,980.0
1999,1,30,7,30,57,742,329,57,742,329,0,23,68.58,0,0.139,0.0,5.283,62.400000000000006,89.23,25,980.0
1999,1,30,8,0,64,817,453,64,817,453,0,23,61.53,0,0.139,0.0,5.272,67.8,84.55,26,980.0
1999,1,30,8,30,70,865,572,70,865,572,0,23,54.57,0,0.139,0.0,5.29,67.8,84.55,26,980.0
1999,1,30,9,0,74,901,681,74,901,681,0,23,47.71,0,0.139,0.0,5.308,71.10000000000001,79.49,27,980.0
1999,1,30,9,30,78,926,777,78,926,777,0,23,41.03,0,0.139,0.0,5.336,71.10000000000001,79.47,27,980.0
1999,1,30,10,0,81,945,859,81,945,859,0,23,34.62,0,0.139,0.0,5.364,73.2,74.36,28,980.0
1999,1,30,10,30,83,958,924,83,958,924,0,23,28.68,0,0.139,0.0,5.376,73.2,74.34,28,980.0
1999,1,30,11,0,85,967,971,85,967,971,0,22,23.56,0,0.139,0.0,5.389,76.7,74.14,29,980.0
1999,1,30,11,30,86,972,1000,86,972,1000,0,22,19.93,0,0.139,0.0,5.386,76.7,74.10000000000001,29,980.0
1999,1,30,12,0,86,973,1009,86,973,1009,0,23,18.650000000000002,0,0.139,0.0,5.383,81.10000000000001,70.13,29,980.0
1999,1,30,12,30,451,56,505,86,972,998,3,22,20.2,0,0.139,0.0,5.367,81.10000000000001,70.09,29,980.0
1999,1,30,13,0,84,967,968,84,967,968,0,23,24.02,0,0.139,0.0,5.351,85.10000000000001,70.55,29,980.0
1999,1,30,13,30,83,958,919,83,958,919,0,23,29.240000000000002,0,0.139,0.0,5.328,85.10000000000001,70.53,29,980.0
1999,1,30,14,0,400,80,466,79,946,852,3,23,35.24,0,0.139,0.0,5.306,90.5,71.82000000000001,29,980.0
1999,1,30,14,30,76,927,769,76,927,769,0,23,41.68,0,0.139,0.0,5.288,90.5,76.08,29,980.0
1999,1,30,15,0,251,20,265,72,902,671,3,23,48.39,0,0.139,0.0,5.2700000000000005,101.2,78.60000000000001,29,980.0
1999,1,30,15,30,67,866,561,67,866,561,1,23,55.26,0,0.139,0.0,5.2540000000000004,101.2,78.59,28,980.0
1999,1,30,16,0,196,55,222,62,815,442,7,24,62.24,0,0.139,0.0,5.239,108.80000000000001,82.08,28,980.0
1999,1,30,16,30,120,0,120,55,742,317,6,24,69.29,0,0.139,0.0,5.22,108.80000000000001,87.01,27,980.0
1999,1,30,17,0,92,105,117,44,626,192,6,24,76.39,0,0.139,0.1,5.202,112.0,88.06,27,980.0
1999,1,30,17,30,39,65,46,28,424,76,6,24,83.51,4,0.139,0.1,5.188,112.0,93.41,26,980.0
1999,1,30,18,0,0,0,0,0,0,0,6,24,90.65,0,0.139,0.2,5.175,125.0,93.27,26,980.0
1999,1,30,18,30,0,0,0,0,0,0,8,24,97.81,0,0.139,0.2,5.162,125.0,98.99000000000001,25,980.0
1999,1,30,19,0,0,0,0,0,0,0,8,24,104.95,1,0.139,0.30000000000000004,5.149,123.60000000000001,98.02,25,980.0
1999,1,30,19,30,0,0,0,0,0,0,7,24,112.07000000000001,0,0.139,0.30000000000000004,5.13,123.60000000000001,100.0,25,980.0
1999,1,30,20,0,0,0,0,0,0,0,7,24,119.16,0,0.139,0.30000000000000004,5.111,118.30000000000001,100.0,25,980.0
1999,1,30,20,30,0,0,0,0,0,0,8,24,126.19,0,0.139,0.30000000000000004,5.09,118.30000000000001,100.0,24,980.0
1999,1,30,21,0,0,0,0,0,0,0,7,24,133.13,0,0.139,0.30000000000000004,5.07,113.0,100.0,24,980.0
1999,1,30,21,30,0,0,0,0,0,0,7,23,139.94,0,0.139,0.2,5.048,113.0,100.0,24,980.0
1999,1,30,22,0,0,0,0,0,0,0,7,23,146.51,0,0.139,0.2,5.0280000000000005,107.30000000000001,100.0,24,980.0
1999,1,30,22,30,0,0,0,0,0,0,7,23,152.68,0,0.139,0.2,5.013,107.30000000000001,100.0,23,980.0
1999,1,30,23,0,0,0,0,0,0,0,7,23,158.1,0,0.139,0.2,4.999,104.4,100.0,23,980.0
1999,1,30,23,30,0,0,0,0,0,0,7,23,162.06,0,0.139,0.2,4.997,104.4,100.0,23,980.0
1999,1,31,0,0,0,0,0,0,0,0,7,23,163.49,0,0.139,0.2,4.997,106.30000000000001,100.0,23,980.0
1999,1,31,0,30,0,0,0,0,0,0,7,23,161.78,0,0.139,0.2,5.0040000000000004,106.30000000000001,100.0,23,980.0
1999,1,31,1,0,0,0,0,0,0,0,7,23,157.63,0,0.139,0.30000000000000004,5.011,110.60000000000001,100.0,23,980.0
1999,1,31,1,30,0,0,0,0,0,0,7,23,152.12,0,0.139,0.4,5.018,110.60000000000001,100.0,23,980.0
1999,1,31,2,0,0,0,0,0,0,0,7,23,145.9,0,0.139,0.5,5.025,114.10000000000001,100.0,23,980.0
1999,1,31,2,30,0,0,0,0,0,0,7,23,139.3,0,0.139,0.5,5.034,114.10000000000001,100.0,23,980.0
1999,1,31,3,0,0,0,0,0,0,0,7,23,132.48,0,0.139,0.5,5.043,119.4,100.0,23,980.0
1999,1,31,3,30,0,0,0,0,0,0,3,22,125.53,0,0.139,0.5,5.055,119.4,100.0,23,980.0
1999,1,31,4,0,0,0,0,0,0,0,3,22,118.48,0,0.139,0.6000000000000001,5.0680000000000005,125.7,100.0,23,980.0
1999,1,31,4,30,0,0,0,0,0,0,3,22,111.39,0,0.139,0.6000000000000001,5.082,125.7,100.0,22,980.0
1999,1,31,5,0,0,0,0,0,0,0,3,22,104.26,0,0.139,0.6000000000000001,5.097,128.5,100.0,22,980.0
1999,1,31,5,30,0,0,0,0,0,0,3,22,97.11,0,0.139,0.4,5.112,128.5,100.0,22,980.0
1999,1,31,6,0,0,0,0,0,0,0,7,22,89.95,0,0.139,0.30000000000000004,5.127,130.0,100.0,23,980.0
1999,1,31,6,30,44,90,55,30,459,87,3,23,82.81,4,0.139,0.1,5.1450000000000005,130.0,100.0,24,980.0
1999,1,31,7,0,97,129,129,44,651,205,3,23,75.68,0,0.139,0.0,5.163,124.10000000000001,91.5,25,980.0
1999,1,31,7,30,155,135,204,53,759,330,3,23,68.57000000000001,0,0.139,0.0,5.182,124.10000000000001,91.51,25,980.0
1999,1,31,8,0,210,218,314,59,830,455,3,23,61.52,0,0.139,0.0,5.2010000000000005,91.80000000000001,85.12,26,980.0
1999,1,31,8,30,64,877,573,64,877,573,0,23,54.53,0,0.139,0.0,5.218,91.80000000000001,85.12,27,980.0
1999,1,31,9,0,68,912,682,68,912,682,0,23,47.660000000000004,0,0.139,0.0,5.236,66.60000000000001,80.67,28,980.0
1999,1,31,9,30,71,936,778,71,936,778,0,23,40.95,0,0.139,0.0,5.265,66.60000000000001,80.64,28,980.0
1999,1,31,10,0,73,954,860,73,954,860,0,23,34.51,0,0.139,0.0,5.2940000000000005,47.400000000000006,76.39,28,980.0
1999,1,31,10,30,75,967,925,75,967,925,1,23,28.54,0,0.139,0.0,5.3340000000000005,47.400000000000006,76.36,28,980.0
1999,1,31,11,0,77,975,973,77,975,973,0,23,23.37,0,0.139,0.0,5.3740000000000006,44.7,72.35000000000001,29,980.0
1999,1,31,11,30,78,980,1001,78,980,1001,0,23,19.68,0,0.139,0.0,5.417,44.7,72.32000000000001,29,980.0
1999,1,31,12,0,79,980,1010,79,980,1010,0,23,18.38,0,0.139,0.0,5.462,48.800000000000004,72.63,29,980.0
1999,1,31,12,30,506,175,671,79,978,999,3,23,19.93,0,0.139,0.0,5.51,48.800000000000004,72.59,29,980.0
1999,1,31,13,0,78,972,968,78,972,968,0,24,23.78,0,0.139,0.0,5.558,62.0,75.05,29,980.0
1999,1,31,13,30,77,963,919,77,963,919,0,24,29.04,0,0.139,0.0,5.599,62.0,75.02,29,980.0
1999,1,31,14,0,75,949,852,75,949,852,0,24,35.07,0,0.139,0.0,5.64,218.20000000000002,76.99,29,980.0
1999,1,31,14,30,72,930,769,72,930,769,0,24,41.54,0,0.139,0.0,5.662,218.20000000000002,81.55,28,980.0
1999,1,31,15,0,70,903,671,70,903,671,0,25,48.27,0,0.139,0.0,5.6850000000000005,182.10000000000002,84.43,28,980.0
1999,1,31,15,30,65,867,561,65,867,561,1,25,55.160000000000004,0,0.139,0.0,5.686,182.10000000000002,89.5,28,980.0
1999,1,31,16,0,188,336,346,60,817,442,8,25,62.15,0,0.139,0.1,5.689,35.300000000000004,90.26,28,980.0
1999,1,31,16,30,53,745,318,53,745,318,1,25,69.21000000000001,0,0.139,0.1,5.675,35.300000000000004,90.27,27,980.0
1999,1,31,17,0,43,632,193,43,632,193,1,25,76.32000000000001,0,0.139,0.1,5.662,6.4,89.07000000000001,27,980.0
1999,1,31,17,30,28,432,77,28,432,77,7,25,83.46000000000001,4,0.139,0.1,5.643,6.4,94.47,26,980.0
1999,1,31,18,0,0,0,0,0,0,0,7,25,90.61,0,0.139,0.1,5.6240000000000006,4.5,94.54,26,980.0
1999,1,31,18,30,0,0,0,0,0,0,3,25,97.78,0,0.139,0.1,5.601,4.5,100.0,25,980.0
1999,1,31,19,0,0,0,0,0,0,0,3,24,104.93,1,0.139,0.1,5.579,28.3,99.67,25,980.0
1999,1,31,19,30,0,0,0,0,0,0,7,24,112.07000000000001,0,0.139,0.1,5.558,28.3,99.7,25,980.0
1999,1,31,20,0,0,0,0,0,0,0,7,24,119.17,0,0.139,0.2,5.539,28.700000000000003,98.42,25,980.0
1999,1,31,20,30,0,0,0,0,0,0,6,24,126.21000000000001,0,0.139,0.2,5.515,28.700000000000003,100.0,25,980.0
1999,1,31,21,0,0,0,0,0,0,0,7,24,133.17000000000002,0,0.139,0.30000000000000004,5.492,27.900000000000002,100.0,25,980.0
1999,1,31,21,30,0,0,0,0,0,0,7,24,140.0,0,0.139,0.30000000000000004,5.469,27.900000000000002,100.0,24,980.0
1999,1,31,22,0,0,0,0,0,0,0,7,24,146.6,0,0.139,0.30000000000000004,5.447,34.9,100.0,24,980.0
1999,1,31,22,30,0,0,0,0,0,0,8,23,152.81,0,0.139,0.2,5.434,34.9,100.0,24,980.0
1999,1,31,23,0,0,0,0,0,0,0,8,23,158.28,0,0.139,0.2,5.421,39.0,100.0,24,980.0
1999,1,31,23,30,0,0,0,0,0,0,7,23,162.3,0,0.139,0.2,5.42,39.0,100.0,23,980.0
1999,2,1,0,0,0,0,0,0,0,0,7,23,163.77,0,0.139,0.2,5.4190000000000005,43.0,100.0,23,980.0
1999,2,1,0,30,0,0,0,0,0,0,7,23,162.05,0,0.139,0.2,5.423,43.0,100.0,23,980.0
1999,2,1,1,0,0,0,0,0,0,0,4,23,157.86,0,0.139,0.30000000000000004,5.428,44.800000000000004,100.0,23,980.0
1999,2,1,1,30,0,0,0,0,0,0,4,23,152.31,0,0.139,0.30000000000000004,5.434,44.800000000000004,100.0,23,980.0
1999,2,1,2,0,0,0,0,0,0,0,4,23,146.06,0,0.139,0.4,5.441,44.800000000000004,100.0,23,980.0
1999,2,1,2,30,0,0,0,0,0,0,4,23,139.43,0,0.139,0.4,5.454,44.800000000000004,100.0,23,980.0
1999,2,1,3,0,0,0,0,0,0,0,7,23,132.59,0,0.139,0.5,5.468,43.1,100.0,23,980.0
1999,2,1,3,30,0,0,0,0,0,0,7,23,125.62,0,0.139,0.5,5.49,43.1,100.0,23,980.0
1999,2,1,4,0,0,0,0,0,0,0,4,23,118.56,0,0.139,0.5,5.513,44.5,100.0,23,980.0
1999,2,1,4,30,0,0,0,0,0,0,4,22,111.45,0,0.139,0.5,5.53,44.5,100.0,23,980.0
1999,2,1,5,0,0,0,0,0,0,0,4,22,104.31,0,0.139,0.5,5.548,51.7,100.0,23,980.0
1999,2,1,5,30,0,0,0,0,0,0,4,22,97.15,0,0.139,0.4,5.545,51.7,100.0,23,980.0
1999,2,1,6,0,0,0,0,0,0,0,3,23,89.98,0,0.139,0.30000000000000004,5.543,52.6,100.0,23,980.0
1999,2,1,6,30,44,39,49,31,434,85,3,23,82.83,0,0.139,0.1,5.525,52.6,100.0,23,980.0
1999,2,1,7,0,47,628,203,47,628,203,0,24,75.68,0,0.139,0.0,5.507,47.900000000000006,100.0,24,980.0
1999,2,1,7,30,58,739,328,58,739,328,0,24,68.57000000000001,0,0.139,0.0,5.469,47.900000000000006,95.60000000000001,25,980.0
1999,2,1,8,0,63,818,454,63,818,454,0,24,61.5,0,0.139,0.0,5.432,47.400000000000006,90.66,26,980.0
1999,2,1,8,30,69,867,572,69,867,572,1,24,54.5,0,0.139,0.0,5.389,47.400000000000006,90.65,26,980.0
1999,2,1,9,0,312,309,520,72,905,682,3,23,47.6,0,0.139,0.0,5.346,41.400000000000006,82.83,27,980.0
1999,2,1,9,30,366,295,589,75,930,779,3,23,40.87,0,0.139,0.0,5.313,41.400000000000006,82.8,27,980.0
1999,2,1,10,0,406,314,665,77,951,862,3,23,34.410000000000004,0,0.139,0.0,5.28,37.800000000000004,80.92,28,980.0
1999,2,1,10,30,462,214,651,79,964,927,3,23,28.39,0,0.139,0.0,5.2620000000000005,37.800000000000004,80.88,28,980.0
1999,2,1,11,0,399,35,432,80,974,975,3,23,23.18,0,0.139,0.0,5.244,38.2,75.21000000000001,28,980.0
1999,2,1,11,30,403,44,445,80,979,1004,8,23,19.43,4,0.139,0.0,5.247,38.2,75.17,28,980.0
1999,2,1,12,0,436,430,846,82,980,1013,7,23,18.09,0,0.139,0.0,5.252,39.7,74.7,28,980.0
1999,2,1,12,30,81,978,1002,81,978,1002,1,23,19.66,0,0.139,0.0,5.277,39.7,74.66,28,980.0
1999,2,1,13,0,304,16,319,82,971,972,8,23,23.55,0,0.139,0.0,5.303,41.0,74.72,29,980.0
1999,2,1,13,30,280,15,293,80,961,923,8,23,28.84,0,0.139,0.0,5.3340000000000005,41.0,74.69,29,980.0
1999,2,1,14,0,421,227,607,79,946,855,7,23,34.910000000000004,0,0.139,0.0,5.3660000000000005,38.7,75.66,29,980.0
1999,2,1,14,30,325,41,356,76,927,772,6,23,41.4,0,0.139,0.0,5.383,38.7,75.64,28,980.0
1999,2,1,15,0,278,432,566,73,901,674,8,23,48.15,0,0.139,0.0,5.4,41.0,77.83,28,980.0
1999,2,1,15,30,269,172,368,68,865,564,7,23,55.06,0,0.139,0.0,5.401,41.0,82.5,28,980.0
1999,2,1,16,0,200,267,325,61,817,444,7,24,62.07,0,0.139,0.0,5.402,63.300000000000004,85.78,28,980.0
1999,2,1,16,30,129,361,258,54,745,319,7,24,69.14,0,0.139,0.0,5.401,63.300000000000004,90.98,27,980.0
1999,2,1,17,0,79,339,160,44,633,194,7,25,76.26,0,0.139,0.1,5.401,68.5,94.71000000000001,27,980.0
1999,2,1,17,30,35,249,64,28,433,78,7,25,83.41,4,0.139,0.2,5.397,68.5,100.0,26,980.0
1999,2,1,18,0,0,0,0,0,0,0,7,24,90.58,0,0.139,0.30000000000000004,5.393,67.7,98.7,25,980.0
1999,2,1,18,30,0,0,0,0,0,0,7,24,97.75,0,0.139,0.30000000000000004,5.377,67.7,98.74000000000001,25,980.0
1999,2,1,19,0,0,0,0,0,0,0,7,24,104.92,1,0.14100000000000001,0.30000000000000004,5.362,68.5,97.01,25,980.0
1999,2,1,19,30,0,0,0,0,0,0,7,24,112.06,0,0.14100000000000001,0.30000000000000004,5.33,68.5,100.0,24,980.0
1999,2,1,20,0,0,0,0,0,0,0,7,24,119.18,0,0.14100000000000001,0.30000000000000004,5.299,72.10000000000001,100.0,24,980.0
1999,2,1,20,30,0,0,0,0,0,0,7,24,126.24000000000001,0,0.14100000000000001,0.2,5.263,72.10000000000001,100.0,24,980.0
1999,2,1,21,0,0,0,0,0,0,0,7,24,133.22,0,0.14100000000000001,0.2,5.227,74.4,100.0,24,980.0
1999,2,1,21,30,0,0,0,0,0,0,3,23,140.07,0,0.14100000000000001,0.2,5.2010000000000005,74.4,100.0,23,980.0
1999,2,1,22,0,0,0,0,0,0,0,7,23,146.70000000000002,0,0.14100000000000001,0.2,5.175,73.60000000000001,100.0,23,980.0
1999,2,1,22,30,0,0,0,0,0,0,7,23,152.94,0,0.14100000000000001,0.2,5.16,73.60000000000001,100.0,23,980.0
1999,2,1,23,0,0,0,0,0,0,0,7,23,158.46,0,0.14100000000000001,0.2,5.146,69.5,100.0,23,980.0
1999,2,1,23,30,0,0,0,0,0,0,7,23,162.55,0,0.14100000000000001,0.2,5.142,69.5,100.0,23,980.0
1999,2,2,0,0,0,0,0,0,0,0,7,23,164.06,0,0.14100000000000001,0.2,5.139,63.2,100.0,23,980.0
1999,2,2,0,30,0,0,0,0,0,0,7,23,162.32,0,0.14100000000000001,0.2,5.141,63.2,100.0,23,980.0
1999,2,2,1,0,0,0,0,0,0,0,8,23,158.08,0,0.14100000000000001,0.30000000000000004,5.1450000000000005,55.800000000000004,100.0,23,980.0
1999,2,2,1,30,0,0,0,0,0,0,7,22,152.49,0,0.14100000000000001,0.30000000000000004,5.1450000000000005,55.800000000000004,100.0,23,980.0
1999,2,2,2,0,0,0,0,0,0,0,7,22,146.21,0,0.14100000000000001,0.30000000000000004,5.146,46.2,100.0,23,980.0
1999,2,2,2,30,0,0,0,0,0,0,7,22,139.55,0,0.14100000000000001,0.30000000000000004,5.141,46.2,100.0,22,980.0
1999,2,2,3,0,0,0,0,0,0,0,7,22,132.69,0,0.14100000000000001,0.4,5.136,39.0,100.0,22,980.0
1999,2,2,3,30,0,0,0,0,0,0,7,22,125.7,0,0.14100000000000001,0.30000000000000004,5.119,39.0,100.0,22,980.0
1999,2,2,4,0,0,0,0,0,0,0,7,22,118.63,0,0.14100000000000001,0.30000000000000004,5.103,33.5,100.0,22,980.0
1999,2,2,4,30,0,0,0,0,0,0,7,21,111.51,0,0.14100000000000001,0.2,5.083,33.5,100.0,22,980.0
1999,2,2,5,0,0,0,0,0,0,0,7,21,104.36,0,0.14100000000000001,0.2,5.063,29.1,100.0,22,980.0
1999,2,2,5,30,0,0,0,0,0,0,0,21,97.19,0,0.14100000000000001,0.1,5.05,29.1,100.0,22,980.0
1999,2,2,6,0,0,0,0,0,0,0,1,22,90.01,0,0.14100000000000001,0.0,5.037,23.200000000000003,100.0,22,980.0
1999,2,2,6,30,31,440,86,31,440,86,0,22,82.84,0,0.14100000000000001,0.0,5.034,23.200000000000003,100.0,22,980.0
1999,2,2,7,0,47,631,203,47,631,203,0,23,75.69,0,0.14100000000000001,0.0,5.031,16.400000000000002,100.0,23,980.0
1999,2,2,7,30,58,743,330,58,743,330,0,23,68.56,0,0.14100000000000001,0.0,5.034,16.400000000000002,97.27,24,980.0
1999,2,2,8,0,65,817,455,65,817,455,0,23,61.47,0,0.14100000000000001,0.0,5.038,20.1,92.79,25,980.0
1999,2,2,8,30,71,866,574,71,866,574,0,23,54.46,0,0.14100000000000001,0.0,5.048,20.1,92.78,25,980.0
1999,2,2,9,0,75,902,684,75,902,684,0,23,47.550000000000004,0,0.14100000000000001,0.0,5.0600000000000005,26.0,84.68,26,980.0
1999,2,2,9,30,78,928,781,78,928,781,0,23,40.79,0,0.14100000000000001,0.0,5.078,26.0,84.67,26,980.0
1999,2,2,10,0,388,381,703,82,946,864,3,22,34.300000000000004,0,0.14100000000000001,0.0,5.097,26.6,78.42,27,980.0
1999,2,2,10,30,395,426,771,84,959,930,7,22,28.240000000000002,0,0.14100000000000001,0.0,5.122,26.6,78.39,27,980.0
1999,2,2,11,0,409,454,827,86,967,977,8,22,22.98,0,0.14100000000000001,0.0,5.148,30.1,73.51,28,980.0
1999,2,2,11,30,453,386,818,87,972,1006,8,22,19.18,0,0.14100000000000001,0.0,5.179,30.1,73.47,28,980.0
1999,2,2,12,0,421,37,456,88,973,1015,3,22,17.81,0,0.14100000000000001,0.0,5.211,38.400000000000006,73.53,29,980.0
1999,2,2,12,30,261,13,274,88,971,1004,3,22,19.38,0,0.14100000000000001,0.0,5.246,38.400000000000006,73.5,29,980.0
1999,2,2,13,0,477,103,572,87,965,974,7,22,23.31,0,0.14100000000000001,0.0,5.281,54.7,70.03,29,980.0
1999,2,2,13,30,459,227,659,86,955,924,7,22,28.650000000000002,0,0.14100000000000001,0.0,5.3100000000000005,54.7,74.17,29,980.0
1999,2,2,14,0,417,254,627,83,941,857,8,23,34.75,0,0.14100000000000001,0.0,5.34,85.7,75.9,29,980.0
1999,2,2,14,30,374,115,461,80,921,773,8,23,41.27,0,0.14100000000000001,0.0,5.363,85.7,75.88,28,980.0
1999,2,2,15,0,291,46,322,76,895,675,6,23,48.04,0,0.14100000000000001,0.0,5.386,119.80000000000001,77.77,28,980.0
1999,2,2,15,30,35,0,35,71,858,564,6,23,54.96,0,0.14100000000000001,0.0,5.3950000000000005,119.80000000000001,82.44,28,980.0
1999,2,2,16,0,28,0,28,65,808,445,6,24,61.980000000000004,0,0.14100000000000001,0.0,5.405,121.80000000000001,84.89,28,980.0
1999,2,2,16,30,64,0,64,57,734,319,6,24,69.07000000000001,0,0.14100000000000001,0.0,5.393,121.80000000000001,90.04,27,980.0
1999,2,2,17,0,7,0,7,47,617,194,6,24,76.21000000000001,0,0.14100000000000001,0.0,5.382,79.80000000000001,91.42,27,980.0
1999,2,2,17,30,2,0,2,30,414,78,6,24,83.37,4,0.14100000000000001,0.0,5.344,79.80000000000001,97.0,26,980.0
1999,2,2,18,0,0,0,0,0,0,0,6,24,90.54,0,0.14100000000000001,0.1,5.307,125.0,98.55,26,980.0
1999,2,2,18,30,0,0,0,0,0,0,7,24,97.73,0,0.14100000000000001,0.1,5.252,125.0,98.58,25,980.0
1999,2,2,19,0,0,0,0,0,0,0,7,24,104.9,1,0.14100000000000001,0.2,5.198,132.5,98.17,25,980.0
1999,2,2,19,30,0,0,0,0,0,0,7,24,112.06,0,0.14100000000000001,0.1,5.155,132.5,98.21000000000001,25,980.0
1999,2,2,20,0,0,0,0,0,0,0,8,24,119.19,0,0.14100000000000001,0.1,5.113,134.20000000000002,97.63,25,980.0
1999,2,2,20,30,0,0,0,0,0,0,7,24,126.27,0,0.14100000000000001,0.1,5.088,134.20000000000002,97.65,25,980.0
1999,2,2,21,0,0,0,0,0,0,0,7,24,133.27,0,0.14100000000000001,0.1,5.064,131.9,94.98,25,980.0
1999,2,2,21,30,0,0,0,0,0,0,7,24,140.14000000000001,0,0.14100000000000001,0.1,5.067,131.9,100.0,24,980.0
1999,2,2,22,0,0,0,0,0,0,0,7,23,146.79,0,0.14100000000000001,0.2,5.07,132.6,99.78,24,980.0
1999,2,2,22,30,0,0,0,0,0,0,7,23,153.08,0,0.14100000000000001,0.2,5.088,132.6,99.77,24,980.0
1999,2,2,23,0,0,0,0,0,0,0,7,23,158.65,0,0.14100000000000001,0.2,5.107,136.3,98.83,24,980.0
1999,2,2,23,30,0,0,0,0,0,0,7,23,162.8,0,0.14100000000000001,0.2,5.125,136.3,98.8,24,980.0
1999,2,3,0,0,0,0,0,0,0,0,7,23,164.35,0,0.14100000000000001,0.2,5.143,145.9,98.13,24,980.0
1999,2,3,0,30,0,0,0,0,0,0,7,23,162.59,0,0.14100000000000001,0.2,5.144,145.9,100.0,24,980.0
1999,2,3,1,0,0,0,0,0,0,0,7,23,158.31,0,0.14100000000000001,0.2,5.146,154.9,100.0,24,980.0
1999,2,3,1,30,0,0,0,0,0,0,7,23,152.67000000000002,0,0.14100000000000001,0.2,5.13,154.9,100.0,23,980.0
1999,2,3,2,0,0,0,0,0,0,0,7,23,146.35,0,0.14100000000000001,0.30000000000000004,5.114,162.60000000000002,100.0,23,980.0
1999,2,3,2,30,0,0,0,0,0,0,7,22,139.68,0,0.14100000000000001,0.30000000000000004,5.09,162.60000000000002,100.0,23,980.0
1999,2,3,3,0,0,0,0,0,0,0,7,22,132.79,0,0.14100000000000001,0.30000000000000004,5.066,163.20000000000002,100.0,23,980.0
1999,2,3,3,30,0,0,0,0,0,0,7,22,125.79,0,0.14100000000000001,0.30000000000000004,5.0520000000000005,163.20000000000002,100.0,22,980.0
1999,2,3,4,0,0,0,0,0,0,0,7,22,118.7,0,0.14100000000000001,0.30000000000000004,5.038,168.10000000000002,100.0,22,980.0
1999,2,3,4,30,0,0,0,0,0,0,7,22,111.57000000000001,0,0.14100000000000001,0.2,5.046,168.10000000000002,100.0,22,980.0
1999,2,3,5,0,0,0,0,0,0,0,7,22,104.4,0,0.14100000000000001,0.2,5.055,177.60000000000002,100.0,22,980.0
1999,2,3,5,30,0,0,0,0,0,0,7,22,97.22,0,0.14100000000000001,0.1,5.085,177.60000000000002,100.0,22,980.0
1999,2,3,6,0,0,0,0,0,0,0,7,22,90.03,0,0.14100000000000001,0.1,5.1160000000000005,186.8,100.0,22,980.0
1999,2,3,6,30,43,15,45,32,425,85,3,22,82.85000000000001,0,0.14100000000000001,0.0,5.163,186.8,100.0,22,980.0
1999,2,3,7,0,94,48,107,49,617,202,8,22,75.69,4,0.14100000000000001,0.0,5.21,194.10000000000002,99.27,23,980.0
1999,2,3,7,30,137,18,144,60,730,328,4,22,68.54,0,0.14100000000000001,0.0,5.264,194.10000000000002,99.31,23,980.0
1999,2,3,8,0,214,124,273,69,801,452,4,23,61.45,0,0.14100000000000001,0.0,5.319,178.8,94.69,24,980.0
1999,2,3,8,30,271,213,395,76,851,571,7,23,54.42,0,0.14100000000000001,0.0,5.3660000000000005,178.8,94.7,24,980.0
1999,2,3,9,0,322,259,498,83,884,680,7,22,47.49,0,0.14100000000000001,0.0,5.413,157.70000000000002,88.16,25,980.0
1999,2,3,9,30,347,292,569,87,911,778,8,22,40.71,4,0.14100000000000001,0.0,5.4430000000000005,157.70000000000002,88.14,25,980.0
1999,2,3,10,0,428,160,561,93,926,859,3,22,34.18,0,0.14100000000000001,0.0,5.474,121.0,82.19,26,980.0
1999,2,3,10,30,400,417,768,96,940,925,8,22,28.09,0,0.14100000000000001,0.0,5.498,121.0,82.16,26,980.0
1999,2,3,11,0,417,431,815,100,945,972,7,22,22.78,0,0.14100000000000001,0.0,5.522,97.9,81.32000000000001,27,980.0
1999,2,3,11,30,332,536,839,101,951,1001,7,22,18.92,4,0.14100000000000001,0.0,5.5360000000000005,97.9,81.27,27,980.0
1999,2,3,12,0,514,160,667,104,950,1010,8,22,17.51,0,0.14100000000000001,0.0,5.551,101.60000000000001,76.57000000000001,27,980.0
1999,2,3,12,30,508,190,688,104,948,999,8,22,19.1,0,0.14100000000000001,0.0,5.551,101.60000000000001,76.53,27,980.0
1999,2,3,13,0,467,319,760,105,938,968,7,22,23.080000000000002,0,0.14100000000000001,0.0,5.551,115.30000000000001,77.28,27,980.0
1999,2,3,13,30,456,252,678,103,928,919,8,22,28.46,0,0.14100000000000001,0.0,5.534,115.30000000000001,77.25,27,980.0
1999,2,3,14,0,407,306,659,102,910,851,7,22,34.59,0,0.14100000000000001,0.0,5.517,124.7,78.54,27,980.0
1999,2,3,14,30,380,175,513,98,888,768,8,22,41.13,0,0.14100000000000001,0.0,5.489,124.7,83.27,26,980.0
1999,2,3,15,0,223,11,230,95,855,668,6,23,47.92,0,0.14100000000000001,0.0,5.462,134.5,84.62,26,980.0
1999,2,3,15,30,159,0,159,89,815,558,6,23,54.870000000000005,0,0.14100000000000001,0.0,5.423,134.5,84.62,26,980.0
1999,2,3,16,0,102,0,102,82,756,438,6,23,61.9,0,0.14100000000000001,0.0,5.386,140.1,86.24,26,980.0
1999,2,3,16,30,104,0,104,71,675,313,6,23,69.01,0,0.14100000000000001,0.0,5.353,140.1,91.51,25,980.0
1999,2,3,17,0,62,0,62,56,551,188,6,23,76.15,4,0.14100000000000001,0.0,5.32,155.20000000000002,93.26,25,980.0
1999,2,3,17,30,24,0,24,35,341,74,6,23,83.33,4,0.14100000000000001,0.0,5.2940000000000005,155.20000000000002,99.01,24,980.0
1999,2,3,18,0,0,0,0,0,0,0,6,24,90.51,0,0.14100000000000001,0.1,5.269,158.4,100.0,24,980.0
1999,2,3,18,30,0,0,0,0,0,0,7,23,97.71000000000001,0,0.14100000000000001,0.1,5.245,158.4,100.0,24,980.0
1999,2,3,19,0,0,0,0,0,0,0,7,23,104.9,1,0.14100000000000001,0.1,5.222,158.9,100.0,24,980.0
1999,2,3,19,30,0,0,0,0,0,0,7,23,112.07000000000001,0,0.14100000000000001,0.1,5.202,158.9,100.0,23,980.0
1999,2,3,20,0,0,0,0,0,0,0,8,23,119.21000000000001,0,0.14100000000000001,0.1,5.182,159.9,100.0,23,980.0
1999,2,3,20,30,0,0,0,0,0,0,7,23,126.3,0,0.14100000000000001,0.0,5.17,159.9,100.0,23,980.0
1999,2,3,21,0,0,0,0,0,0,0,8,23,133.32,0,0.14100000000000001,0.0,5.158,166.0,100.0,23,980.0
1999,2,3,21,30,0,0,0,0,0,0,8,23,140.21,0,0.14100000000000001,0.0,5.149,166.0,100.0,23,980.0
1999,2,3,22,0,0,0,0,0,0,0,8,23,146.89000000000001,0,0.14100000000000001,0.0,5.141,175.3,100.0,23,980.0
1999,2,3,22,30,0,0,0,0,0,0,4,22,153.22,0,0.14100000000000001,0.0,5.135,175.3,100.0,22,980.0
1999,2,3,23,0,0,0,0,0,0,0,4,22,158.84,0,0.14100000000000001,0.0,5.13,187.5,100.0,22,980.0
1999,2,3,23,30,0,0,0,0,0,0,4,22,163.05,0,0.14100000000000001,0.0,5.122,187.5,100.0,22,980.0
1999,2,4,0,0,0,0,0,0,0,0,8,22,164.64000000000001,0,0.14100000000000001,0.0,5.1160000000000005,199.5,100.0,22,980.0
1999,2,4,0,30,0,0,0,0,0,0,7,22,162.86,0,0.14100000000000001,0.0,5.099,199.5,100.0,22,980.0
1999,2,4,1,0,0,0,0,0,0,0,8,22,158.53,0,0.14100000000000001,0.0,5.083,206.4,100.0,22,980.0
1999,2,4,1,30,0,0,0,0,0,0,7,22,152.85,0,0.14100000000000001,0.0,5.055,206.4,100.0,22,980.0
1999,2,4,2,0,0,0,0,0,0,0,7,22,146.5,0,0.14100000000000001,0.0,5.027,211.0,100.0,22,980.0
1999,2,4,2,30,0,0,0,0,0,0,7,22,139.79,0,0.14100000000000001,0.0,5.001,211.0,100.0,22,980.0
1999,2,4,3,0,0,0,0,0,0,0,4,22,132.89000000000001,0,0.14100000000000001,0.0,4.976,216.5,100.0,22,980.0
1999,2,4,3,30,0,0,0,0,0,0,3,21,125.87,0,0.14100000000000001,0.0,4.952,216.5,100.0,22,980.0
1999,2,4,4,0,0,0,0,0,0,0,0,21,118.77,0,0.14100000000000001,0.1,4.928,218.20000000000002,100.0,22,980.0
1999,2,4,4,30,0,0,0,0,0,0,7,21,111.62,0,0.14100000000000001,0.1,4.915,218.20000000000002,100.0,21,980.0
1999,2,4,5,0,0,0,0,0,0,0,7,21,104.45,1,0.14100000000000001,0.1,4.902,219.60000000000002,100.0,21,980.0
1999,2,4,5,30,0,0,0,0,0,0,0,21,97.25,0,0.14100000000000001,0.1,4.905,219.60000000000002,100.0,21,980.0
1999,2,4,6,0,0,0,0,0,0,0,0,22,90.05,0,0.14100000000000001,0.1,4.909,220.9,100.0,22,980.0
1999,2,4,6,30,31,444,86,31,444,86,0,22,82.86,0,0.14100000000000001,0.0,4.928,220.9,100.0,23,980.0
1999,2,4,7,0,46,640,204,46,640,204,0,22,75.68,0,0.14100000000000001,0.0,4.948,213.20000000000002,97.63,24,980.0
1999,2,4,7,30,56,750,331,56,750,331,0,22,68.53,0,0.14100000000000001,0.0,4.976,213.20000000000002,91.97,24,980.0
1999,2,4,8,0,214,162,292,64,820,456,3,22,61.42,0,0.14100000000000001,0.0,5.0040000000000004,210.0,87.42,25,980.0
1999,2,4,8,30,69,869,576,69,869,576,0,22,54.370000000000005,0,0.14100000000000001,0.0,5.032,210.0,87.41,26,980.0
1999,2,4,9,0,74,903,686,74,903,686,0,22,47.42,0,0.14100000000000001,0.0,5.062,216.8,82.32000000000001,27,980.0
1999,2,4,9,30,78,929,783,78,929,783,0,22,40.62,0,0.14100000000000001,0.0,5.085,216.8,82.3,27,980.0
1999,2,4,10,0,81,947,866,81,947,866,0,22,34.07,0,0.14100000000000001,0.0,5.1080000000000005,216.9,77.24,28,980.0
1999,2,4,10,30,83,961,932,83,961,932,1,22,27.93,0,0.14100000000000001,0.0,5.128,216.9,77.2,28,980.0
1999,2,4,11,0,84,970,980,84,970,980,0,22,22.57,0,0.14100000000000001,0.0,5.149,160.60000000000002,72.97,28,980.0
1999,2,4,11,30,465,366,813,85,975,1009,3,22,18.66,0,0.14100000000000001,0.0,5.168,160.60000000000002,72.93,28,980.0
1999,2,4,12,0,515,166,675,85,978,1019,2,22,17.22,0,0.14100000000000001,0.0,5.188,70.10000000000001,73.68,29,980.0
1999,2,4,12,30,478,76,550,84,976,1008,3,22,18.82,0,0.14100000000000001,0.0,5.205,70.10000000000001,73.63,29,980.0
1999,2,4,13,0,491,155,634,82,971,978,3,23,22.84,0,0.14100000000000001,0.0,5.222,80.4,70.24,29,980.0
1999,2,4,13,30,439,326,726,81,962,928,3,23,28.26,0,0.14100000000000001,0.0,5.239,80.4,74.39,29,980.0
1999,2,4,14,0,378,397,706,78,949,861,8,23,34.43,0,0.14100000000000001,0.0,5.256,136.3,75.47,29,980.0
1999,2,4,14,30,372,104,451,75,930,777,8,23,41.0,0,0.14100000000000001,0.0,5.266,136.3,75.45,28,980.0
1999,2,4,15,0,304,62,346,71,905,679,6,23,47.82,0,0.14100000000000001,0.0,5.277,115.0,76.53,28,980.0
1999,2,4,15,30,229,28,246,66,870,569,6,23,54.77,0,0.14100000000000001,0.0,5.28,115.0,81.12,27,980.0
1999,2,4,16,0,137,0,137,60,822,449,6,23,61.83,0,0.14100000000000001,0.0,5.284,104.5,82.89,27,980.0
1999,2,4,16,30,72,0,72,53,751,323,6,23,68.95,0,0.14100000000000001,0.0,5.279,104.5,87.91,26,980.0
1999,2,4,17,0,71,0,71,44,638,197,6,24,76.10000000000001,0,0.14100000000000001,0.0,5.274,145.4,92.16,26,980.0
1999,2,4,17,30,29,0,29,28,440,80,6,24,83.29,4,0.14100000000000001,0.1,5.274,145.4,92.19,26,980.0
1999,2,4,18,0,0,0,0,0,0,0,6,24,90.48,0,0.14100000000000001,0.2,5.275,196.60000000000002,92.98,26,980.0
1999,2,4,18,30,0,0,0,0,0,0,6,24,97.69,0,0.14100000000000001,0.2,5.2780000000000005,196.60000000000002,98.69,25,980.0
1999,2,4,19,0,0,0,0,0,0,0,6,24,104.89,1,0.14100000000000001,0.30000000000000004,5.282,193.8,96.66,25,980.0
1999,2,4,19,30,0,0,0,0,0,0,6,24,112.07000000000001,0,0.14100000000000001,0.30000000000000004,5.282,193.8,96.7,25,980.0
1999,2,4,20,0,0,0,0,0,0,0,7,24,119.23,0,0.14100000000000001,0.30000000000000004,5.283,179.20000000000002,95.7,25,980.0
1999,2,4,20,30,0,0,0,0,0,0,7,24,126.33,0,0.14100000000000001,0.30000000000000004,5.277,179.20000000000002,100.0,24,980.0
1999,2,4,21,0,0,0,0,0,0,0,7,24,133.37,0,0.14100000000000001,0.4,5.271,165.9,100.0,24,980.0
1999,2,4,21,30,0,0,0,0,0,0,7,24,140.28,0,0.14100000000000001,0.4,5.263,165.9,100.0,24,980.0
1999,2,4,22,0,0,0,0,0,0,0,7,24,147.0,0,0.14100000000000001,0.4,5.255,160.5,100.0,24,980.0
1999,2,4,22,30,0,0,0,0,0,0,7,23,153.36,0,0.14100000000000001,0.4,5.247,160.5,100.0,23,980.0
1999,2,4,23,0,0,0,0,0,0,0,7,23,159.04,0,0.14100000000000001,0.4,5.239,162.60000000000002,100.0,23,980.0
1999,2,4,23,30,0,0,0,0,0,0,8,23,163.31,0,0.14100000000000001,0.30000000000000004,5.234,162.60000000000002,100.0,23,980.0
1999,2,5,0,0,0,0,0,0,0,0,8,23,164.94,0,0.14100000000000001,0.30000000000000004,5.229,167.0,100.0,23,980.0
1999,2,5,0,30,0,0,0,0,0,0,8,22,163.14000000000001,0,0.14100000000000001,0.30000000000000004,5.227,167.0,100.0,23,980.0
1999,2,5,1,0,0,0,0,0,0,0,4,22,158.76,0,0.14100000000000001,0.30000000000000004,5.2250000000000005,169.70000000000002,100.0,23,980.0
1999,2,5,1,30,0,0,0,0,0,0,7,22,153.03,0,0.14100000000000001,0.2,5.224,169.70000000000002,100.0,22,980.0
1999,2,5,2,0,0,0,0,0,0,0,7,22,146.64000000000001,0,0.14100000000000001,0.2,5.223,172.70000000000002,100.0,22,980.0
1999,2,5,2,30,0,0,0,0,0,0,7,22,139.91,0,0.14100000000000001,0.2,5.223,172.70000000000002,100.0,22,980.0
1999,2,5,3,0,0,0,0,0,0,0,7,22,132.99,0,0.14100000000000001,0.2,5.223,177.8,100.0,22,980.0
1999,2,5,3,30,0,0,0,0,0,0,8,22,125.94,0,0.14100000000000001,0.1,5.224,177.8,100.0,22,980.0
1999,2,5,4,0,0,0,0,0,0,0,4,22,118.83,0,0.14100000000000001,0.1,5.226,182.20000000000002,100.0,22,980.0
1999,2,5,4,30,0,0,0,0,0,0,4,22,111.67,0,0.14100000000000001,0.1,5.228,182.20000000000002,100.0,22,980.0
1999,2,5,5,0,0,0,0,0,0,0,4,22,104.48,0,0.14100000000000001,0.1,5.231,185.4,100.0,22,980.0
1999,2,5,5,30,0,0,0,0,0,0,8,22,97.28,0,0.14100000000000001,0.1,5.243,185.4,100.0,22,980.0
1999,2,5,6,0,0,0,0,0,0,0,4,22,90.07000000000001,0,0.14100000000000001,0.1,5.255,184.8,100.0,22,980.0
1999,2,5,6,30,44,48,50,30,444,86,8,22,82.87,0,0.14100000000000001,0.0,5.282,184.8,100.0,22,980.0
1999,2,5,7,0,87,300,161,46,637,204,8,23,75.68,0,0.14100000000000001,0.0,5.3100000000000005,166.0,100.0,23,980.0
1999,2,5,7,30,112,0,112,56,747,330,4,23,68.51,0,0.14100000000000001,0.0,5.346,166.0,100.0,23,980.0
1999,2,5,8,0,86,0,86,62,822,456,4,24,61.39,0,0.14100000000000001,0.0,5.384,145.6,100.0,24,980.0
1999,2,5,8,30,213,16,222,67,870,575,4,24,54.32,0,0.14100000000000001,0.0,5.4270000000000005,145.6,100.0,25,980.0
1999,2,5,9,0,137,0,137,70,906,685,4,24,47.35,0,0.14100000000000001,0.0,5.47,138.0,95.17,26,980.0
1999,2,5,9,30,171,3,173,74,931,782,4,24,40.53,0,0.14100000000000001,0.0,5.4990000000000006,138.0,89.67,26,980.0
1999,2,5,10,0,207,8,214,76,950,864,4,23,33.95,0,0.14100000000000001,0.0,5.529,128.3,81.26,27,980.0
1999,2,5,10,30,319,19,336,78,963,931,4,23,27.77,0,0.14100000000000001,0.0,5.5440000000000005,128.3,81.22,27,980.0
1999,2,5,11,0,206,9,215,80,971,979,4,23,22.36,0,0.14100000000000001,0.0,5.559,121.0,79.23,28,980.0
1999,2,5,11,30,506,133,633,81,977,1008,4,23,18.39,0,0.14100000000000001,0.0,5.57,121.0,79.18,28,980.0
1999,2,5,12,0,81,978,1017,81,978,1017,0,23,16.92,0,0.14100000000000001,0.0,5.581,117.9,74.43,28,980.0
1999,2,5,12,30,81,976,1007,81,976,1007,0,23,18.54,0,0.14100000000000001,0.0,5.595,117.9,74.39,28,980.0
1999,2,5,13,0,80,971,976,80,971,976,1,23,22.61,0,0.14100000000000001,0.0,5.609,114.10000000000001,75.87,28,980.0
1999,2,5,13,30,434,343,737,78,962,927,3,23,28.07,0,0.14100000000000001,0.0,5.623,114.10000000000001,80.39,28,980.0
1999,2,5,14,0,427,206,597,76,948,860,3,23,34.27,0,0.14100000000000001,0.0,5.638,111.10000000000001,81.56,28,980.0
1999,2,5,14,30,382,158,502,74,929,777,4,23,40.88,0,0.14100000000000001,0.0,5.647,111.10000000000001,81.54,27,980.0
1999,2,5,15,0,325,116,404,70,903,679,4,23,47.71,0,0.14100000000000001,0.0,5.657,109.9,83.10000000000001,27,980.0
1999,2,5,15,30,232,31,250,66,868,568,4,23,54.69,0,0.14100000000000001,0.0,5.647,109.9,88.13,27,980.0
1999,2,5,16,0,194,322,346,61,819,449,7,24,61.76,0,0.14100000000000001,0.0,5.6370000000000005,106.30000000000001,89.95,27,980.0
1999,2,5,16,30,136,21,144,53,748,323,8,24,68.89,0,0.14100000000000001,0.0,5.613,106.30000000000001,95.45,26,980.0
1999,2,5,17,0,93,55,106,44,635,197,4,24,76.06,0,0.14100000000000001,0.0,5.59,100.30000000000001,96.69,26,980.0
1999,2,5,17,30,40,24,43,28,438,80,7,24,83.25,4,0.14100000000000001,0.0,5.571,100.30000000000001,100.0,25,980.0
1999,2,5,18,0,0,0,0,0,0,0,7,24,90.46000000000001,0,0.14100000000000001,0.0,5.553,90.9,100.0,25,980.0
1999,2,5,18,30,0,0,0,0,0,0,7,24,97.68,0,0.14100000000000001,0.0,5.548,90.9,100.0,24,980.0
1999,2,5,19,0,0,0,0,0,0,0,7,24,104.89,1,0.14100000000000001,0.0,5.543,88.0,100.0,24,980.0
1999,2,5,19,30,0,0,0,0,0,0,7,23,112.08,0,0.14100000000000001,0.0,5.534,88.0,100.0,24,980.0
1999,2,5,20,0,0,0,0,0,0,0,7,23,119.25,0,0.14100000000000001,0.0,5.525,79.60000000000001,100.0,24,980.0
1999,2,5,20,30,0,0,0,0,0,0,3,23,126.37,0,0.14100000000000001,0.0,5.5040000000000004,79.60000000000001,100.0,23,980.0
1999,2,5,21,0,0,0,0,0,0,0,7,23,133.42000000000002,0,0.14100000000000001,0.0,5.484,74.60000000000001,100.0,23,980.0
1999,2,5,21,30,0,0,0,0,0,0,7,23,140.36,0,0.14100000000000001,0.0,5.454,74.60000000000001,100.0,23,980.0
1999,2,5,22,0,0,0,0,0,0,0,7,23,147.1,0,0.14100000000000001,0.0,5.425,72.7,100.0,23,980.0
1999,2,5,22,30,0,0,0,0,0,0,7,23,153.5,0,0.14100000000000001,0.0,5.413,72.7,100.0,23,980.0
1999,2,5,23,0,0,0,0,0,0,0,7,23,159.23,0,0.14100000000000001,0.0,5.401,74.7,100.0,23,980.0
1999,2,5,23,30,0,0,0,0,0,0,7,22,163.58,0,0.14100000000000001,0.1,5.425,74.7,100.0,23,980.0
1999,2,6,0,0,0,0,0,0,0,0,7,22,165.25,0,0.14100000000000001,0.2,5.449,86.2,100.0,23,980.0
1999,2,6,0,30,0,0,0,0,0,0,7,22,163.42000000000002,0,0.14100000000000001,0.1,5.477,86.2,100.0,23,980.0
1999,2,6,1,0,0,0,0,0,0,0,7,22,158.98,0,0.14100000000000001,0.1,5.506,76.5,100.0,23,980.0
1999,2,6,1,30,0,0,0,0,0,0,3,22,153.20000000000002,0,0.14100000000000001,0.1,5.507,76.5,100.0,23,980.0
1999,2,6,2,0,0,0,0,0,0,0,3,22,146.78,0,0.14100000000000001,0.1,5.509,15.3,100.0,23,980.0
1999,2,6,2,30,0,0,0,0,0,0,3,22,140.02,0,0.14100000000000001,0.1,5.498,15.3,100.0,22,980.0
1999,2,6,3,0,0,0,0,0,0,0,4,22,133.08,0,0.14100000000000001,0.2,5.487,6.2,100.0,22,980.0
1999,2,6,3,30,0,0,0,0,0,0,4,22,126.02,0,0.14100000000000001,0.2,5.4590000000000005,6.2,100.0,22,980.0
1999,2,6,4,0,0,0,0,0,0,0,4,22,118.89,0,0.14100000000000001,0.2,5.431,354.90000000000003,100.0,22,980.0
1999,2,6,4,30,0,0,0,0,0,0,3,22,111.72,0,0.14100000000000001,0.2,5.4,354.90000000000003,100.0,22,980.0
1999,2,6,5,0,0,0,0,0,0,0,3,22,104.52,0,0.14100000000000001,0.2,5.369,354.20000000000005,100.0,22,980.0
1999,2,6,5,30,0,0,0,0,0,0,3,22,97.3,0,0.14100000000000001,0.1,5.346,354.20000000000005,100.0,22,980.0
1999,2,6,6,0,0,0,0,0,0,0,4,22,90.08,0,0.14100000000000001,0.1,5.324,5.6000000000000005,100.0,22,980.0
1999,2,6,6,30,24,0,24,29,459,86,4,22,82.87,0,0.14100000000000001,0.0,5.3180000000000005,5.6000000000000005,100.0,22,980.0
1999,2,6,7,0,52,0,52,44,649,204,4,22,75.67,0,0.14100000000000001,0.0,5.313,78.10000000000001,100.0,23,980.0
1999,2,6,7,30,148,51,167,53,757,331,3,22,68.49,0,0.14100000000000001,0.0,5.313,78.10000000000001,99.48,23,980.0
1999,2,6,8,0,183,22,194,60,827,456,3,22,61.35,0,0.14100000000000001,0.0,5.314,117.10000000000001,93.85000000000001,24,980.0
1999,2,6,8,30,218,18,229,65,875,576,4,22,54.27,0,0.14100000000000001,0.0,5.3100000000000005,117.10000000000001,88.41,25,980.0
1999,2,6,9,0,331,204,469,68,911,686,3,22,47.28,0,0.14100000000000001,0.0,5.306,107.0,80.91,26,980.0
1999,2,6,9,30,360,71,415,71,936,784,3,22,40.44,0,0.14100000000000001,0.0,5.307,107.0,80.89,27,980.0
1999,2,6,10,0,397,354,692,73,955,866,3,22,33.82,0,0.14100000000000001,0.0,5.309,96.30000000000001,75.42,28,980.0
1999,2,6,10,30,448,302,716,75,968,933,3,22,27.61,0,0.14100000000000001,0.0,5.314,96.30000000000001,75.37,28,980.0
1999,2,6,11,0,76,976,981,76,976,981,1,22,22.150000000000002,0,0.14100000000000001,0.0,5.321,95.10000000000001,71.13,29,980.0
1999,2,6,11,30,483,329,797,77,981,1010,8,22,18.12,0,0.14100000000000001,0.0,5.337,95.10000000000001,71.08,29,980.0
1999,2,6,12,0,441,44,483,78,982,1020,4,22,16.61,0,0.14100000000000001,0.0,5.353,102.80000000000001,67.43,29,980.0
1999,2,6,12,30,370,24,393,78,980,1009,4,22,18.26,0,0.14100000000000001,0.0,5.38,102.80000000000001,67.38,29,980.0
1999,2,6,13,0,382,29,409,79,973,979,4,22,22.37,0,0.14100000000000001,0.0,5.408,115.9,68.07000000000001,29,980.0
1999,2,6,13,30,226,10,235,78,964,930,4,22,27.89,0,0.14100000000000001,0.0,5.44,115.9,68.03,29,980.0
1999,2,6,14,0,360,38,393,78,948,863,8,22,34.12,0,0.14100000000000001,0.0,5.472,125.5,69.28,29,980.0
1999,2,6,14,30,376,111,460,75,929,779,7,22,40.75,0,0.14100000000000001,0.0,5.5,125.5,73.38,28,980.0
1999,2,6,15,0,281,35,305,72,901,680,8,23,47.61,0,0.14100000000000001,0.0,5.5280000000000005,128.3,76.48,28,980.0
1999,2,6,15,30,269,217,395,68,866,570,8,23,54.6,0,0.14100000000000001,0.0,5.547,128.3,81.07000000000001,28,980.0
1999,2,6,16,0,212,120,269,63,815,449,8,23,61.690000000000005,0,0.14100000000000001,0.0,5.566,137.9,83.36,28,980.0
1999,2,6,16,30,144,44,160,55,743,324,4,23,68.83,0,0.14100000000000001,0.0,5.577,137.9,83.38,27,980.0
1999,2,6,17,0,94,150,130,45,628,197,8,24,76.01,0,0.14100000000000001,0.1,5.59,151.3,85.41,27,980.0
1999,2,6,17,30,41,103,53,29,430,80,4,24,83.22,4,0.14100000000000001,0.1,5.588,151.3,90.60000000000001,26,980.0
1999,2,6,18,0,0,0,0,0,0,0,4,24,90.44,0,0.14100000000000001,0.1,5.586,193.9,91.71000000000001,26,980.0
1999,2,6,18,30,0,0,0,0,0,0,4,24,97.67,0,0.14100000000000001,0.1,5.573,193.9,97.33,26,980.0
1999,2,6,19,0,0,0,0,0,0,0,4,24,104.89,1,0.14100000000000001,0.1,5.561,208.4,95.63,26,980.0
1999,2,6,19,30,0,0,0,0,0,0,8,24,112.10000000000001,0,0.14100000000000001,0.1,5.54,208.4,95.65,25,980.0
1999,2,6,20,0,0,0,0,0,0,0,7,23,119.28,0,0.14100000000000001,0.1,5.5200000000000005,204.8,93.93,25,980.0
1999,2,6,20,30,0,0,0,0,0,0,7,23,126.41,0,0.14100000000000001,0.1,5.5,204.8,99.71000000000001,24,980.0
1999,2,6,21,0,0,0,0,0,0,0,7,23,133.48,0,0.14100000000000001,0.1,5.481,201.60000000000002,98.08,24,980.0
1999,2,6,21,30,0,0,0,0,0,0,7,23,140.44,1,0.14100000000000001,0.1,5.495,201.60000000000002,98.08,24,980.0
1999,2,6,22,0,0,0,0,0,0,0,7,23,147.21,1,0.14100000000000001,0.2,5.509,196.4,98.01,24,980.0
1999,2,6,22,30,0,0,0,0,0,0,7,23,153.65,1,0.14100000000000001,0.2,5.5520000000000005,196.4,98.0,24,980.0
1999,2,6,23,0,0,0,0,0,0,0,7,23,159.43,1,0.14100000000000001,0.2,5.596,165.20000000000002,97.2,24,980.0
1999,2,6,23,30,0,0,0,0,0,0,3,23,163.84,1,0.14100000000000001,0.2,5.632,165.20000000000002,100.0,24,980.0
1999,2,7,0,0,0,0,0,0,0,0,3,23,165.56,1,0.14100000000000001,0.30000000000000004,5.668,105.2,100.0,24,980.0
1999,2,7,0,30,0,0,0,0,0,0,3,23,163.69,1,0.14100000000000001,0.30000000000000004,5.654,105.2,100.0,23,980.0
1999,2,7,1,0,0,0,0,0,0,0,3,23,159.20000000000002,0,0.14100000000000001,0.30000000000000004,5.64,77.10000000000001,100.0,23,980.0
1999,2,7,1,30,0,0,0,0,0,0,4,23,153.37,0,0.14100000000000001,0.30000000000000004,5.625,77.10000000000001,100.0,23,980.0
1999,2,7,2,0,0,0,0,0,0,0,4,23,146.91,0,0.14100000000000001,0.30000000000000004,5.611,53.6,100.0,23,980.0
1999,2,7,2,30,0,0,0,0,0,0,4,23,140.13,0,0.14100000000000001,0.30000000000000004,5.606,53.6,100.0,23,980.0
1999,2,7,3,0,0,0,0,0,0,0,4,23,133.16,0,0.14100000000000001,0.30000000000000004,5.601,35.9,100.0,23,980.0
1999,2,7,3,30,0,0,0,0,0,0,4,22,126.09,0,0.14100000000000001,0.30000000000000004,5.588,35.9,100.0,23,980.0
1999,2,7,4,0,0,0,0,0,0,0,4,22,118.95,0,0.14100000000000001,0.30000000000000004,5.575,27.3,100.0,23,980.0
1999,2,7,4,30,0,0,0,0,0,0,4,22,111.76,0,0.14100000000000001,0.30000000000000004,5.5680000000000005,27.3,100.0,22,980.0
1999,2,7,5,0,0,0,0,0,0,0,7,22,104.55,0,0.14100000000000001,0.4,5.561,26.1,100.0,22,980.0
1999,2,7,5,30,0,0,0,0,0,0,4,22,97.32000000000001,0,0.14100000000000001,0.30000000000000004,5.564,26.1,100.0,22,980.0
1999,2,7,6,0,0,0,0,0,0,0,7,22,90.09,0,0.14100000000000001,0.30000000000000004,5.567,35.2,100.0,23,980.0
1999,2,7,6,30,3,0,3,31,430,85,4,22,82.87,0,0.14100000000000001,0.1,5.57,35.2,100.0,23,980.0
1999,2,7,7,0,84,0,84,48,623,202,3,23,75.65,0,0.14100000000000001,0.0,5.573,49.6,100.0,23,980.0
1999,2,7,7,30,141,27,152,59,736,329,3,23,68.46000000000001,0,0.14100000000000001,0.0,5.571,49.6,100.0,23,980.0
1999,2,7,8,0,175,13,181,66,810,455,8,24,61.31,0,0.14100000000000001,0.0,5.569,58.900000000000006,100.0,24,980.0
1999,2,7,8,30,267,87,318,72,860,575,4,24,54.22,0,0.14100000000000001,0.0,5.569,58.900000000000006,100.0,24,980.0
1999,2,7,9,0,217,9,223,76,896,685,3,24,47.21,0,0.14100000000000001,0.0,5.569,49.2,96.12,25,980.0
1999,2,7,9,30,297,24,316,80,922,783,3,24,40.34,0,0.14100000000000001,0.0,5.572,49.2,96.10000000000001,25,980.0
1999,2,7,10,0,83,941,866,83,941,866,0,24,33.7,0,0.14100000000000001,0.0,5.575,46.300000000000004,96.18,26,980.0
1999,2,7,10,30,85,954,933,85,954,933,1,24,27.45,0,0.14100000000000001,0.0,5.565,46.300000000000004,96.15,26,980.0
1999,2,7,11,0,87,963,981,87,963,981,0,24,21.93,0,0.14100000000000001,0.0,5.556,46.1,89.84,26,980.0
1999,2,7,11,30,88,969,1011,88,969,1011,0,24,17.84,0,0.14100000000000001,0.0,5.532,46.1,89.79,26,980.0
1999,2,7,12,0,87,972,1021,87,972,1021,0,24,16.3,0,0.14100000000000001,0.0,5.51,53.6,89.53,26,980.0
1999,2,7,12,30,281,15,295,87,970,1010,3,24,17.97,0,0.14100000000000001,0.0,5.4910000000000005,53.6,89.48,26,980.0
1999,2,7,13,0,493,149,632,85,966,980,3,24,22.14,0,0.14100000000000001,0.0,5.472,59.5,90.21000000000001,27,980.0
1999,2,7,13,30,83,957,931,83,957,931,1,24,27.7,0,0.14100000000000001,0.0,5.463,59.5,90.16,27,980.0
1999,2,7,14,0,406,79,472,81,944,864,6,24,33.97,0,0.14100000000000001,0.0,5.454,64.10000000000001,90.88,27,980.0
1999,2,7,14,30,373,99,448,78,925,780,6,24,40.63,0,0.14100000000000001,0.0,5.458,64.10000000000001,90.86,26,980.0
1999,2,7,15,0,329,198,464,74,899,682,8,24,47.51,0,0.14100000000000001,0.0,5.462,72.4,92.39,26,980.0
1999,2,7,15,30,254,315,438,69,864,571,8,24,54.52,0,0.14100000000000001,0.0,5.468,72.4,92.4,26,980.0
1999,2,7,16,0,212,182,298,63,814,451,6,25,61.620000000000005,0,0.14100000000000001,0.0,5.4750000000000005,89.5,94.64,26,980.0
1999,2,7,16,30,131,364,263,56,742,325,8,25,68.78,0,0.14100000000000001,0.0,5.472,89.5,100.0,25,980.0
1999,2,7,17,0,94,145,130,46,628,198,4,25,75.97,0,0.14100000000000001,0.1,5.47,102.9,100.0,25,980.0
1999,2,7,17,30,41,98,53,30,429,80,7,24,83.19,4,0.14100000000000001,0.1,5.45,102.9,100.0,24,980.0
1999,2,7,18,0,0,0,0,0,0,0,7,24,90.42,0,0.14100000000000001,0.2,5.431,91.0,100.0,24,980.0
1999,2,7,18,30,0,0,0,0,0,0,7,23,97.66,0,0.14100000000000001,0.1,5.401,91.0,100.0,24,980.0
1999,2,7,19,0,0,0,0,0,0,0,7,23,104.89,1,0.14100000000000001,0.1,5.372,83.0,100.0,24,980.0
1999,2,7,19,30,0,0,0,0,0,0,7,23,112.11,0,0.14100000000000001,0.1,5.3500000000000005,83.0,100.0,23,980.0
1999,2,7,20,0,0,0,0,0,0,0,7,23,119.3,0,0.14100000000000001,0.1,5.329,77.5,100.0,23,980.0
1999,2,7,20,30,0,0,0,0,0,0,8,23,126.46000000000001,0,0.14100000000000001,0.0,5.3180000000000005,77.5,100.0,23,980.0
1999,2,7,21,0,0,0,0,0,0,0,7,23,133.54,0,0.14100000000000001,0.0,5.307,75.60000000000001,100.0,23,980.0
1999,2,7,21,30,0,0,0,0,0,0,7,23,140.52,0,0.14100000000000001,0.0,5.309,75.60000000000001,100.0,23,980.0
1999,2,7,22,0,0,0,0,0,0,0,7,23,147.32,0,0.14100000000000001,0.0,5.312,81.0,100.0,23,980.0
1999,2,7,22,30,0,0,0,0,0,0,7,23,153.8,0,0.14100000000000001,0.0,5.323,81.0,100.0,23,980.0
1999,2,7,23,0,0,0,0,0,0,0,7,23,159.64000000000001,0,0.14100000000000001,0.0,5.3340000000000005,86.30000000000001,100.0,23,980.0
1999,2,7,23,30,0,0,0,0,0,0,8,22,164.12,0,0.14100000000000001,0.0,5.336,86.30000000000001,100.0,22,980.0
1999,2,8,0,0,0,0,0,0,0,0,7,22,165.87,0,0.14100000000000001,0.0,5.339,88.80000000000001,100.0,22,980.0
1999,2,8,0,30,0,0,0,0,0,0,6,22,163.98,0,0.14100000000000001,0.0,5.321,88.80000000000001,100.0,22,980.0
1999,2,8,1,0,0,0,0,0,0,0,6,22,159.42000000000002,0,0.14100000000000001,0.0,5.304,89.60000000000001,100.0,22,980.0
1999,2,8,1,30,0,0,0,0,0,0,6,22,153.54,0,0.14100000000000001,0.0,5.269,89.60000000000001,100.0,22,980.0
1999,2,8,2,0,0,0,0,0,0,0,6,22,147.05,0,0.14100000000000001,0.1,5.234,101.9,100.0,22,980.0
1999,2,8,2,30,0,0,0,0,0,0,6,22,140.24,0,0.14100000000000001,0.1,5.195,101.9,100.0,22,980.0
1999,2,8,3,0,0,0,0,0,0,0,6,22,133.25,0,0.14100000000000001,0.2,5.156,105.60000000000001,100.0,22,980.0
1999,2,8,3,30,0,0,0,0,0,0,6,21,126.16,0,0.14100000000000001,0.2,5.135,105.60000000000001,100.0,22,980.0
1999,2,8,4,0,0,0,0,0,0,0,6,21,119.0,0,0.14100000000000001,0.30000000000000004,5.114,102.9,100.0,22,980.0
1999,2,8,4,30,0,0,0,0,0,0,6,21,111.8,0,0.14100000000000001,0.2,5.124,102.9,100.0,21,980.0
1999,2,8,5,0,0,0,0,0,0,0,6,21,104.58,0,0.14100000000000001,0.1,5.134,93.4,100.0,21,980.0
1999,2,8,5,30,0,0,0,0,0,0,6,21,97.34,0,0.14100000000000001,0.0,5.163,93.4,100.0,21,980.0
1999,2,8,6,0,0,0,0,0,0,0,6,22,90.10000000000001,0,0.14100000000000001,0.0,5.192,83.0,100.0,22,990.0
1999,2,8,6,30,17,0,17,31,443,86,6,22,82.86,0,0.14100000000000001,0.0,5.219,83.0,100.0,22,990.0
1999,2,8,7,0,57,0,57,46,637,204,6,23,75.64,0,0.14100000000000001,0.0,5.247,83.0,100.0,23,990.0
1999,2,8,7,30,153,83,184,56,748,331,7,23,68.43,0,0.14100000000000001,0.0,5.263,83.0,100.0,23,990.0
1999,2,8,8,0,215,127,276,63,821,457,7,24,61.27,0,0.14100000000000001,0.0,5.28,91.10000000000001,100.0,24,990.0
1999,2,8,8,30,225,23,239,68,869,577,8,24,54.160000000000004,0,0.14100000000000001,0.0,5.296,91.10000000000001,100.0,24,990.0
1999,2,8,9,0,195,5,199,72,905,688,8,24,47.13,0,0.14100000000000001,0.0,5.313,99.4,98.3,25,990.0
1999,2,8,9,30,276,18,289,75,931,786,8,24,40.24,0,0.14100000000000001,0.0,5.3260000000000005,99.4,98.28,25,990.0
1999,2,8,10,0,412,85,484,77,950,869,7,24,33.57,0,0.14100000000000001,0.0,5.34,102.2,88.82000000000001,26,990.0
1999,2,8,10,30,295,16,310,79,963,936,7,24,27.28,0,0.14100000000000001,0.0,5.34,102.2,88.78,26,990.0
1999,2,8,11,0,384,29,411,81,972,984,8,23,21.71,0,0.14100000000000001,0.0,5.34,91.9,80.08,27,990.0
1999,2,8,11,30,312,17,328,81,977,1014,8,23,17.56,0,0.14100000000000001,0.0,5.336,91.9,80.04,27,980.0
1999,2,8,12,0,380,25,404,82,979,1023,8,23,15.98,0,0.14100000000000001,0.0,5.332,83.80000000000001,79.53,27,980.0
1999,2,8,12,30,284,15,298,81,978,1013,7,23,17.68,0,0.14100000000000001,0.0,5.324,83.80000000000001,79.49,27,980.0
1999,2,8,13,0,465,76,536,80,973,983,8,23,21.91,0,0.14100000000000001,0.0,5.316,85.0,79.52,28,980.0
1999,2,8,13,30,410,49,454,78,964,934,8,23,27.51,0,0.14100000000000001,0.0,5.303,85.0,79.48,28,980.0
1999,2,8,14,0,186,6,192,75,952,867,8,23,33.83,0,0.14100000000000001,0.0,5.291,88.60000000000001,80.96000000000001,28,980.0
1999,2,8,14,30,337,46,372,73,933,783,8,23,40.51,0,0.14100000000000001,0.0,5.2780000000000005,88.60000000000001,80.93,27,980.0
1999,2,8,15,0,287,39,314,68,910,684,6,23,47.410000000000004,0,0.14100000000000001,0.0,5.265,87.30000000000001,82.51,27,980.0
1999,2,8,15,30,273,165,370,64,875,573,6,23,54.44,0,0.14100000000000001,0.0,5.2540000000000004,87.30000000000001,82.51,27,980.0
1999,2,8,16,0,211,100,259,59,827,453,6,24,61.56,0,0.14100000000000001,0.0,5.243,89.4,84.74,27,980.0
1999,2,8,16,30,146,245,235,52,757,327,6,24,68.73,0,0.14100000000000001,0.0,5.242,89.4,89.88,26,980.0
1999,2,8,17,0,3,0,3,43,645,200,8,24,75.93,0,0.14100000000000001,0.1,5.2410000000000005,68.5,92.72,26,980.0
1999,2,8,17,30,1,0,1,28,450,82,7,24,83.16,4,0.14100000000000001,0.2,5.239,68.5,98.4,25,980.0
1999,2,8,18,0,0,0,0,0,0,0,6,24,90.4,0,0.14100000000000001,0.30000000000000004,5.237,59.1,96.38,25,980.0
1999,2,8,18,30,0,0,0,0,0,0,8,24,97.65,0,0.14100000000000001,0.30000000000000004,5.235,59.1,100.0,25,980.0
1999,2,8,19,0,0,0,0,0,0,0,8,24,104.9,1,0.14100000000000001,0.30000000000000004,5.234,58.400000000000006,100.0,25,980.0
1999,2,8,19,30,0,0,0,0,0,0,7,24,112.13,0,0.14100000000000001,0.30000000000000004,5.24,58.400000000000006,100.0,24,980.0
1999,2,8,20,0,0,0,0,0,0,0,7,23,119.34,0,0.14100000000000001,0.4,5.246,59.7,98.56,24,980.0
1999,2,8,20,30,0,0,0,0,0,0,7,23,126.5,0,0.14100000000000001,0.4,5.252,59.7,98.58,24,980.0
1999,2,8,21,0,0,0,0,0,0,0,7,23,133.6,0,0.14100000000000001,0.4,5.258,59.7,97.38,24,980.0
1999,2,8,21,30,0,0,0,0,0,0,7,23,140.61,0,0.14100000000000001,0.4,5.256,59.7,100.0,24,980.0
1999,2,8,22,0,0,0,0,0,0,0,7,23,147.43,0,0.14100000000000001,0.4,5.255,58.2,100.0,24,980.0
1999,2,8,22,30,0,0,0,0,0,0,7,23,153.95000000000002,0,0.14100000000000001,0.4,5.252,58.2,100.0,23,980.0
1999,2,8,23,0,0,0,0,0,0,0,7,23,159.84,0,0.14100000000000001,0.4,5.249,57.5,100.0,23,980.0
1999,2,8,23,30,0,0,0,0,0,0,7,23,164.39000000000001,0,0.14100000000000001,0.4,5.252,57.5,100.0,23,980.0
1999,2,9,0,0,0,0,0,0,0,0,8,22,166.19,0,0.14100000000000001,0.4,5.255,69.8,99.84,23,980.0
1999,2,9,0,30,0,0,0,0,0,0,7,22,164.26,0,0.14100000000000001,0.30000000000000004,5.255,69.8,99.82000000000001,23,980.0
1999,2,9,1,0,0,0,0,0,0,0,4,22,159.64000000000001,0,0.14100000000000001,0.30000000000000004,5.255,133.4,99.71000000000001,23,980.0
1999,2,9,1,30,0,0,0,0,0,0,3,22,153.71,0,0.14100000000000001,0.30000000000000004,5.238,133.4,99.7,23,980.0
1999,2,9,2,0,0,0,0,0,0,0,0,22,147.18,0,0.14100000000000001,0.4,5.221,183.8,99.15,23,980.0
1999,2,9,2,30,0,0,0,0,0,0,3,22,140.34,0,0.14100000000000001,0.4,5.198,183.8,100.0,22,980.0
1999,2,9,3,0,0,0,0,0,0,0,3,22,133.33,0,0.14100000000000001,0.4,5.175,200.8,100.0,22,980.0
1999,2,9,3,30,0,0,0,0,0,0,0,22,126.22,0,0.14100000000000001,0.4,5.1610000000000005,200.8,100.0,22,980.0
1999,2,9,4,0,0,0,0,0,0,0,0,22,119.05,0,0.14100000000000001,0.4,5.148,208.60000000000002,100.0,22,980.0
1999,2,9,4,30,0,0,0,0,0,0,1,21,111.84,0,0.14100000000000001,0.4,5.1450000000000005,208.60000000000002,100.0,22,980.0
1999,2,9,5,0,0,0,0,0,0,0,0,21,104.60000000000001,0,0.14100000000000001,0.4,5.143,212.70000000000002,100.0,22,980.0
1999,2,9,5,30,0,0,0,0,0,0,1,21,97.36,0,0.14100000000000001,0.2,5.154,212.70000000000002,100.0,22,980.0
1999,2,9,6,0,0,0,0,0,0,0,3,22,90.10000000000001,0,0.14100000000000001,0.1,5.165,211.3,100.0,22,980.0
1999,2,9,6,30,26,0,26,33,413,84,3,22,82.85000000000001,4,0.14100000000000001,0.0,5.19,211.3,98.45,23,980.0
1999,2,9,7,0,63,0,63,50,611,202,3,23,75.62,0,0.14100000000000001,0.0,5.216,198.4,96.58,24,990.0
1999,2,9,7,30,135,14,141,62,725,329,3,23,68.4,0,0.14100000000000001,0.0,5.258,198.4,96.60000000000001,24,990.0
1999,2,9,8,0,186,25,198,70,802,456,4,23,61.22,0,0.14100000000000001,0.0,5.3,181.8,93.18,25,990.0
1999,2,9,8,30,247,44,273,76,852,576,3,23,54.1,0,0.14100000000000001,0.0,5.348,181.8,93.17,25,990.0
1999,2,9,9,0,323,92,387,80,889,687,4,23,47.06,0,0.14100000000000001,0.0,5.396,178.9,87.96000000000001,26,990.0
1999,2,9,9,30,286,20,302,84,916,785,3,23,40.14,0,0.14100000000000001,0.0,5.44,178.9,87.94,26,990.0
1999,2,9,10,0,280,15,293,87,935,868,3,23,33.44,0,0.14100000000000001,0.0,5.485,173.4,87.49,26,990.0
1999,2,9,10,30,260,13,272,90,949,935,4,23,27.11,0,0.14100000000000001,0.0,5.5200000000000005,173.4,87.46000000000001,26,980.0
1999,2,9,11,0,494,226,704,91,959,983,8,23,21.48,0,0.14100000000000001,0.0,5.556,172.60000000000002,82.29,27,980.0
1999,2,9,11,30,202,9,211,92,964,1013,6,23,17.27,0,0.14100000000000001,0.0,5.593,172.60000000000002,82.25,27,980.0
1999,2,9,12,0,170,5,176,92,966,1022,6,23,15.66,0,0.14100000000000001,0.0,5.632,175.9,83.0,27,980.0
1999,2,9,12,30,327,18,345,91,964,1012,6,23,17.39,0,0.14100000000000001,0.0,5.674,175.9,82.95,27,980.0
1999,2,9,13,0,476,305,760,90,959,981,7,24,21.67,0,0.14100000000000001,0.0,5.7170000000000005,180.0,85.11,27,980.0
1999,2,9,13,30,439,338,740,88,949,932,7,24,27.330000000000002,0,0.14100000000000001,0.0,5.75,180.0,85.07000000000001,27,980.0
1999,2,9,14,0,355,450,730,85,936,864,7,24,33.68,0,0.14100000000000001,0.0,5.783,175.9,88.13,27,980.0
1999,2,9,14,30,82,916,780,82,916,780,0,24,40.4,0,0.14100000000000001,0.0,5.806,175.9,93.44,26,980.0
1999,2,9,15,0,78,890,682,78,890,682,0,25,47.32,0,0.14100000000000001,0.0,5.83,159.5,95.78,26,980.0
1999,2,9,15,30,273,133,351,73,853,571,4,25,54.370000000000005,0,0.14100000000000001,0.0,5.844,159.5,95.78,26,980.0
1999,2,9,16,0,212,183,300,67,803,450,8,25,61.5,0,0.14100000000000001,0.0,5.859,143.1,97.16,26,980.0
1999,2,9,16,30,151,198,222,59,730,324,7,25,68.68,0,0.14100000000000001,0.0,5.856,143.1,100.0,25,980.0
1999,2,9,17,0,83,323,162,47,618,198,8,25,75.9,0,0.14100000000000001,0.0,5.853,137.1,100.0,25,980.0
1999,2,9,17,30,38,232,66,30,418,80,7,24,83.14,4,0.14100000000000001,0.0,5.825,137.1,100.0,25,980.0
1999,2,9,18,0,0,0,0,0,0,0,6,24,90.39,0,0.14100000000000001,0.0,5.798,133.0,100.0,25,980.0
1999,2,9,18,30,0,0,0,0,0,0,6,24,97.65,0,0.14100000000000001,0.0,5.756,133.0,100.0,24,980.0
1999,2,9,19,0,0,0,0,0,0,0,6,24,104.91,1,0.14200000000000002,0.0,5.714,132.1,100.0,24,980.0
1999,2,9,19,30,0,0,0,0,0,0,6,24,112.15,0,0.14200000000000002,0.0,5.671,132.1,100.0,24,980.0
1999,2,9,20,0,0,0,0,0,0,0,6,24,119.37,0,0.14200000000000002,0.0,5.628,137.70000000000002,100.0,24,980.0
1999,2,9,20,30,0,0,0,0,0,0,6,23,126.55,0,0.14200000000000002,0.0,5.591,137.70000000000002,100.0,24,980.0
1999,2,9,21,0,0,0,0,0,0,0,6,23,133.67000000000002,0,0.14200000000000002,0.1,5.554,152.20000000000002,100.0,24,980.0
1999,2,9,21,30,0,0,0,0,0,0,6,23,140.69,0,0.14200000000000002,0.1,5.532,152.20000000000002,100.0,23,980.0
1999,2,9,22,0,0,0,0,0,0,0,8,23,147.55,0,0.14200000000000002,0.2,5.5120000000000005,161.3,100.0,23,980.0
1999,2,9,22,30,0,0,0,0,0,0,8,23,154.1,0,0.14200000000000002,0.30000000000000004,5.5040000000000004,161.3,100.0,23,980.0
1999,2,9,23,0,0,0,0,0,0,0,6,23,160.05,0,0.14200000000000002,0.4,5.496,167.60000000000002,100.0,23,980.0
1999,2,9,23,30,0,0,0,0,0,0,6,23,164.67000000000002,0,0.14200000000000002,0.4,5.494,167.60000000000002,100.0,23,980.0
1999,2,10,0,0,0,0,0,0,0,0,6,23,166.51,0,0.14200000000000002,0.4,5.493,173.5,100.0,23,980.0
1999,2,10,0,30,0,0,0,0,0,0,7,23,164.54,0,0.14200000000000002,0.4,5.497,173.5,100.0,23,980.0
1999,2,10,1,0,0,0,0,0,0,0,8,23,159.85,0,0.14200000000000002,0.4,5.501,179.70000000000002,100.0,23,980.0
1999,2,10,1,30,0,0,0,0,0,0,8,22,153.87,1,0.14200000000000002,0.4,5.5,179.70000000000002,100.0,22,980.0
1999,2,10,2,0,0,0,0,0,0,0,8,22,147.3,1,0.14200000000000002,0.4,5.5,181.5,100.0,22,980.0
1999,2,10,2,30,0,0,0,0,0,0,8,22,140.44,1,0.14200000000000002,0.30000000000000004,5.501,181.5,100.0,22,980.0
1999,2,10,3,0,0,0,0,0,0,0,8,22,133.41,1,0.14200000000000002,0.2,5.503,175.10000000000002,100.0,22,980.0
1999,2,10,3,30,0,0,0,0,0,0,8,22,126.28,1,0.14200000000000002,0.1,5.508,175.10000000000002,100.0,22,980.0
1999,2,10,4,0,0,0,0,0,0,0,8,22,119.10000000000001,1,0.14200000000000002,0.1,5.513,170.20000000000002,100.0,22,980.0
1999,2,10,4,30,0,0,0,0,0,0,8,22,111.87,1,0.14200000000000002,0.0,5.513,170.20000000000002,100.0,22,980.0
1999,2,10,5,0,0,0,0,0,0,0,8,22,104.63,1,0.14200000000000002,0.0,5.514,170.70000000000002,100.0,22,980.0
1999,2,10,5,30,0,0,0,0,0,0,8,22,97.37,1,0.14200000000000002,0.0,5.502,170.70000000000002,100.0,22,980.0
1999,2,10,6,0,0,0,0,0,0,0,8,22,90.10000000000001,1,0.14200000000000002,0.0,5.49,170.8,100.0,22,980.0
1999,2,10,6,30,43,24,46,30,452,86,8,22,82.84,1,0.14200000000000002,0.0,5.48,170.8,100.0,22,980.0
1999,2,10,7,0,95,57,109,44,646,205,8,23,75.60000000000001,1,0.14200000000000002,0.0,5.47,175.70000000000002,100.0,23,980.0
1999,2,10,7,30,150,73,177,54,754,332,8,23,68.37,1,0.14200000000000002,0.0,5.478,175.70000000000002,100.0,23,980.0
1999,2,10,8,0,206,80,245,60,825,458,8,24,61.18,1,0.14200000000000002,0.0,5.486,190.3,100.0,24,990.0
1999,2,10,8,30,265,76,309,65,873,578,8,24,54.04,0,0.14200000000000002,0.0,5.5,190.3,100.0,24,990.0
1999,2,10,9,0,327,249,497,69,907,689,7,24,46.980000000000004,0,0.14200000000000002,0.0,5.516,174.5,96.38,25,990.0
1999,2,10,9,30,381,244,568,73,932,787,8,24,40.04,0,0.14200000000000002,0.0,5.521,174.5,96.35000000000001,25,990.0
1999,2,10,10,0,424,109,515,75,951,870,8,23,33.31,0,0.14200000000000002,0.0,5.527,134.6,86.89,26,980.0
1999,2,10,10,30,430,64,488,77,964,937,4,23,26.94,0,0.14200000000000002,0.0,5.534,134.6,86.85000000000001,26,980.0
1999,2,10,11,0,426,421,819,77,974,985,7,23,21.26,0,0.14200000000000002,0.0,5.541,118.4,79.8,27,980.0
1999,2,10,11,30,331,535,843,78,979,1015,8,23,16.990000000000002,4,0.14200000000000002,0.0,5.542,118.4,79.74,27,980.0
1999,2,10,12,0,492,338,818,78,981,1024,8,23,15.34,0,0.14200000000000002,0.0,5.5440000000000005,115.2,79.37,28,980.0
1999,2,10,12,30,512,218,721,77,979,1014,8,23,17.1,0,0.14200000000000002,0.0,5.54,115.2,79.32000000000001,28,980.0
1999,2,10,13,0,484,279,744,77,974,984,8,23,21.44,0,0.14200000000000002,0.0,5.537,117.0,74.46000000000001,28,980.0
1999,2,10,13,30,439,341,743,75,965,935,8,23,27.150000000000002,0,0.14200000000000002,0.0,5.523,117.0,74.43,28,980.0
1999,2,10,14,0,373,414,718,74,952,868,8,23,33.54,0,0.14200000000000002,0.0,5.51,120.4,74.81,28,980.0
1999,2,10,14,30,220,9,227,71,934,784,8,23,40.28,0,0.14200000000000002,0.0,5.4830000000000005,120.4,79.29,27,980.0
1999,2,10,15,0,172,2,174,68,909,685,7,23,47.230000000000004,0,0.14200000000000002,0.0,5.457,125.60000000000001,81.49,27,980.0
1999,2,10,15,30,262,72,304,64,875,575,6,23,54.300000000000004,0,0.14200000000000002,0.0,5.417,125.60000000000001,86.41,27,980.0
1999,2,10,16,0,185,25,197,58,828,454,6,24,61.44,0,0.14200000000000002,0.0,5.378,127.4,88.86,27,980.0
1999,2,10,16,30,129,5,131,51,758,328,6,24,68.64,0,0.14200000000000002,0.0,5.343,127.4,88.88,26,980.0
1999,2,10,17,0,96,114,124,42,650,201,6,24,75.87,0,0.14200000000000002,0.1,5.309,93.4,92.49,26,980.0
1999,2,10,17,30,41,78,51,28,457,83,6,24,83.12,4,0.14200000000000002,0.2,5.287,93.4,98.15,25,980.0
1999,2,10,18,0,0,0,0,0,0,0,6,24,90.38,0,0.14200000000000002,0.30000000000000004,5.266,88.5,96.0,25,980.0
1999,2,10,18,30,0,0,0,0,0,0,6,24,97.65,0,0.14200000000000002,0.30000000000000004,5.25,88.5,100.0,24,980.0
1999,2,10,19,0,0,0,0,0,0,0,6,23,104.92,1,0.14200000000000002,0.30000000000000004,5.234,94.5,98.37,24,980.0
1999,2,10,19,30,0,0,0,0,0,0,6,23,112.17,0,0.14200000000000002,0.30000000000000004,5.221,94.5,98.39,24,980.0
1999,2,10,20,0,0,0,0,0,0,0,6,23,119.41,0,0.14200000000000002,0.4,5.2090000000000005,105.5,96.5,24,980.0
1999,2,10,20,30,0,0,0,0,0,0,6,23,126.60000000000001,0,0.14200000000000002,0.4,5.2010000000000005,105.5,100.0,23,980.0
1999,2,10,21,0,0,0,0,0,0,0,8,23,133.74,0,0.14200000000000002,0.5,5.1930000000000005,117.5,100.0,23,980.0
1999,2,10,21,30,0,0,0,0,0,0,7,23,140.78,0,0.14200000000000002,0.5,5.192,117.5,100.0,23,980.0
1999,2,10,22,0,0,0,0,0,0,0,7,22,147.67000000000002,0,0.14200000000000002,0.5,5.192,135.0,99.8,23,980.0
1999,2,10,22,30,0,0,0,0,0,0,8,22,154.26,0,0.14200000000000002,0.5,5.196,135.0,99.78,23,980.0
1999,2,10,23,0,0,0,0,0,0,0,4,22,160.26,0,0.14200000000000002,0.5,5.2,172.70000000000002,98.94,23,980.0
1999,2,10,23,30,0,0,0,0,0,0,7,22,164.95000000000002,0,0.14200000000000002,0.5,5.205,172.70000000000002,100.0,22,980.0
1999,2,11,0,0,0,0,0,0,0,0,8,22,166.83,0,0.14200000000000002,0.5,5.212,210.60000000000002,100.0,22,980.0
1999,2,11,0,30,0,0,0,0,0,0,7,22,164.82,0,0.14200000000000002,0.4,5.219,210.60000000000002,100.0,22,980.0
1999,2,11,1,0,0,0,0,0,0,0,7,22,160.06,0,0.14200000000000002,0.4,5.227,228.8,100.0,22,980.0
1999,2,11,1,30,0,0,0,0,0,0,8,21,154.03,0,0.14200000000000002,0.30000000000000004,5.236,228.8,100.0,21,980.0
1999,2,11,2,0,0,0,0,0,0,0,4,21,147.42000000000002,0,0.14200000000000002,0.30000000000000004,5.245,237.9,100.0,21,980.0
1999,2,11,2,30,0,0,0,0,0,0,4,21,140.53,0,0.14200000000000002,0.30000000000000004,5.258,237.9,100.0,21,980.0
1999,2,11,3,0,0,0,0,0,0,0,4,21,133.48,0,0.14200000000000002,0.30000000000000004,5.271,243.60000000000002,100.0,21,980.0
1999,2,11,3,30,0,0,0,0,0,0,4,21,126.34,0,0.14200000000000002,0.30000000000000004,5.285,243.60000000000002,100.0,21,980.0
1999,2,11,4,0,0,0,0,0,0,0,3,21,119.14,0,0.14200000000000002,0.4,5.299,246.20000000000002,100.0,21,980.0
1999,2,11,4,30,0,0,0,0,0,0,4,21,111.9,0,0.14200000000000002,0.4,5.307,246.20000000000002,100.0,21,980.0
1999,2,11,5,0,0,0,0,0,0,0,8,21,104.64,0,0.14200000000000002,0.5,5.316,246.70000000000002,100.0,21,980.0
1999,2,11,5,30,0,0,0,0,0,0,4,21,97.37,0,0.14200000000000002,0.4,5.322,246.70000000000002,100.0,21,980.0
1999,2,11,6,0,0,0,0,0,0,0,4,22,90.10000000000001,0,0.14200000000000002,0.30000000000000004,5.329,247.20000000000002,100.0,22,980.0
1999,2,11,6,30,35,0,35,29,462,87,3,22,82.83,0,0.14200000000000002,0.1,5.338,247.20000000000002,100.0,23,980.0
1999,2,11,7,0,89,8,92,43,653,206,3,23,75.57000000000001,0,0.14200000000000002,0.0,5.348,241.70000000000002,100.0,24,980.0
1999,2,11,7,30,156,119,200,52,761,333,3,23,68.33,0,0.14200000000000002,0.0,5.365,241.70000000000002,95.72,24,980.0
1999,2,11,8,0,57,831,459,57,831,459,0,23,61.13,0,0.14200000000000002,0.0,5.383,197.4,92.99,25,980.0
1999,2,11,8,30,62,878,579,62,878,579,8,23,53.97,4,0.14200000000000002,0.0,5.4110000000000005,197.4,92.97,25,980.0
1999,2,11,9,0,333,200,470,66,912,690,3,23,46.89,0,0.14200000000000002,0.0,5.44,124.9,87.37,26,980.0
1999,2,11,9,30,368,308,605,70,936,788,2,23,39.93,0,0.14200000000000002,0.0,5.474,124.9,87.35000000000001,26,980.0
1999,2,11,10,0,427,117,525,73,953,871,2,23,33.17,0,0.14200000000000002,0.0,5.509,91.30000000000001,80.53,27,980.0
1999,2,11,10,30,329,20,348,75,966,938,3,23,26.76,0,0.14200000000000002,0.0,5.54,91.30000000000001,80.49,27,980.0
1999,2,11,11,0,442,53,492,76,974,986,4,23,21.03,0,0.14200000000000002,0.0,5.572,93.5,74.96000000000001,28,980.0
1999,2,11,11,30,480,73,550,77,979,1016,3,23,16.69,0,0.14200000000000002,0.0,5.602,93.5,74.91,28,980.0
1999,2,11,12,0,465,93,555,77,981,1025,8,23,15.01,4,0.14200000000000002,0.0,5.633,100.0,76.54,28,980.0
1999,2,11,12,30,492,87,576,76,980,1014,8,23,16.81,0,0.14200000000000002,0.0,5.664,100.0,76.5,28,980.0
1999,2,11,13,0,496,219,700,75,974,984,8,23,21.21,0,0.14200000000000002,0.0,5.695,85.30000000000001,78.01,28,980.0
1999,2,11,13,30,381,483,812,74,965,935,7,23,26.98,0,0.14200000000000002,0.0,5.732,85.30000000000001,77.98,28,980.0
1999,2,11,14,0,345,480,746,73,952,867,7,24,33.410000000000004,0,0.14200000000000002,0.0,5.7700000000000005,185.4,81.17,28,980.0
1999,2,11,14,30,378,254,573,70,933,783,7,24,40.18,0,0.14200000000000002,0.0,5.813,185.4,81.16,28,980.0
1999,2,11,15,0,302,361,548,68,907,685,8,24,47.14,0,0.14200000000000002,0.0,5.857,88.9,82.58,28,980.0
1999,2,11,15,30,239,392,469,64,872,574,7,24,54.230000000000004,0,0.14200000000000002,0.0,5.912,88.9,87.54,27,980.0
1999,2,11,16,0,107,690,437,60,822,453,8,25,61.39,0,0.14200000000000002,0.0,5.968,208.4,89.85000000000001,27,980.0
1999,2,11,16,30,154,152,209,53,751,327,4,25,68.60000000000001,0,0.14200000000000002,0.0,6.018,208.4,95.31,26,980.0
1999,2,11,17,0,44,638,200,44,638,200,1,25,75.84,0,0.14200000000000002,0.0,6.069,272.1,97.13,26,980.0
1999,2,11,17,30,29,444,82,29,444,82,8,25,83.10000000000001,4,0.14200000000000002,0.1,6.094,272.1,100.0,25,980.0
1999,2,11,18,0,0,0,0,0,0,0,1,24,90.37,0,0.14200000000000002,0.2,6.12,280.1,99.22,25,980.0
1999,2,11,18,30,0,0,0,0,0,0,7,24,97.66,0,0.14200000000000002,0.2,6.134,280.1,100.0,25,980.0
1999,2,11,19,0,0,0,0,0,0,0,7,24,104.93,1,0.14200000000000002,0.2,6.148,295.40000000000003,100.0,25,980.0
1999,2,11,19,30,0,0,0,0,0,0,1,24,112.2,0,0.14200000000000002,0.1,6.157,295.40000000000003,100.0,24,980.0
1999,2,11,20,0,0,0,0,0,0,0,0,24,119.44,0,0.14200000000000002,0.1,6.167,319.90000000000003,100.0,24,980.0
1999,2,11,20,30,0,0,0,0,0,0,7,24,126.65,0,0.14200000000000002,0.1,6.188,319.90000000000003,100.0,24,980.0
1999,2,11,21,0,0,0,0,0,0,0,7,24,133.81,0,0.14200000000000002,0.1,6.2090000000000005,3.1,100.0,24,980.0
1999,2,11,21,30,0,0,0,0,0,0,7,24,140.87,0,0.14200000000000002,0.0,6.244,3.1,100.0,24,980.0
1999,2,11,22,0,0,0,0,0,0,0,7,24,147.78,0,0.14200000000000002,0.0,6.279,41.300000000000004,100.0,24,980.0
1999,2,11,22,30,0,0,0,0,0,0,7,24,154.42000000000002,0,0.14200000000000002,0.0,6.291,41.300000000000004,100.0,24,980.0
1999,2,11,23,0,0,0,0,0,0,0,7,24,160.48,0,0.14200000000000002,0.0,6.304,53.2,100.0,24,980.0
1999,2,11,23,30,0,0,0,0,0,0,8,23,165.24,0,0.14200000000000002,0.0,6.3,53.2,100.0,24,980.0
1999,2,12,0,0,0,0,0,0,0,0,7,23,167.16,0,0.14200000000000002,0.0,6.297,67.0,100.0,24,980.0
1999,2,12,0,30,0,0,0,0,0,0,7,23,165.1,0,0.14200000000000002,0.0,6.283,67.0,100.0,23,980.0
1999,2,12,1,0,0,0,0,0,0,0,7,23,160.27,0,0.14200000000000002,0.0,6.2700000000000005,81.4,100.0,23,980.0
1999,2,12,1,30,0,0,0,0,0,0,7,23,154.19,0,0.14200000000000002,0.0,6.234,81.4,100.0,23,980.0
1999,2,12,2,0,0,0,0,0,0,0,7,23,147.54,0,0.14200000000000002,0.0,6.198,113.2,100.0,23,980.0
1999,2,12,2,30,0,0,0,0,0,0,3,23,140.62,0,0.14200000000000002,0.0,6.16,113.2,100.0,23,980.0
1999,2,12,3,0,0,0,0,0,0,0,1,23,133.55,0,0.14200000000000002,0.1,6.123,169.70000000000002,100.0,23,980.0
1999,2,12,3,30,0,0,0,0,0,0,1,22,126.39,0,0.14200000000000002,0.1,6.089,169.70000000000002,100.0,23,980.0
1999,2,12,4,0,0,0,0,0,0,0,7,22,119.18,0,0.14200000000000002,0.1,6.056,194.10000000000002,100.0,23,980.0
1999,2,12,4,30,0,0,0,0,0,0,7,22,111.93,0,0.14200000000000002,0.1,6.029,194.10000000000002,100.0,22,980.0
1999,2,12,5,0,0,0,0,0,0,0,0,22,104.66,0,0.14200000000000002,0.1,6.0040000000000004,193.3,100.0,22,980.0
1999,2,12,5,30,0,0,0,0,0,0,0,22,97.38,0,0.14200000000000002,0.1,5.989,193.3,100.0,22,980.0
1999,2,12,6,0,0,0,0,0,0,0,0,22,90.09,0,0.14200000000000002,0.1,5.9750000000000005,201.10000000000002,100.0,22,980.0
1999,2,12,6,30,26,479,86,26,479,86,0,22,82.81,0,0.14200000000000002,0.0,5.971,201.10000000000002,100.0,22,980.0
1999,2,12,7,0,39,663,204,39,663,204,0,23,75.54,0,0.14200000000000002,0.0,5.968,206.3,100.0,23,980.0
1999,2,12,7,30,47,768,331,47,768,331,0,23,68.29,0,0.14200000000000002,0.0,5.964,206.3,100.0,23,990.0
1999,2,12,8,0,53,835,457,53,835,457,0,23,61.07,0,0.14200000000000002,0.0,5.961,195.0,100.0,23,990.0
1999,2,12,8,30,258,59,293,57,881,576,3,23,53.9,0,0.14200000000000002,0.0,5.952,195.0,100.0,23,990.0
1999,2,12,9,0,326,97,393,60,914,686,3,23,46.81,0,0.14200000000000002,0.0,5.9430000000000005,185.70000000000002,100.0,23,990.0
1999,2,12,9,30,377,97,452,63,939,784,3,23,39.82,0,0.14200000000000002,0.0,5.932,185.70000000000002,100.0,23,990.0
1999,2,12,10,0,415,86,487,66,956,868,3,23,33.03,0,0.14200000000000002,0.0,5.922,183.5,100.0,23,990.0
1999,2,12,10,30,406,45,447,68,969,934,3,23,26.580000000000002,0,0.14200000000000002,0.0,5.905,183.5,100.0,23,990.0
1999,2,12,11,0,490,259,732,69,977,983,2,23,20.8,0,0.14200000000000002,0.0,5.889,185.20000000000002,100.0,24,990.0
1999,2,12,11,30,452,50,501,69,983,1012,3,23,16.4,0,0.14200000000000002,0.0,5.865,185.20000000000002,100.0,24,980.0
1999,2,12,12,0,69,985,1022,69,985,1022,1,23,14.68,0,0.14200000000000002,0.0,5.841,197.20000000000002,99.14,24,980.0
1999,2,12,12,30,512,138,645,69,983,1012,3,23,16.52,0,0.14200000000000002,0.0,5.806,197.20000000000002,99.10000000000001,24,980.0
1999,2,12,13,0,68,978,982,68,978,982,0,23,20.990000000000002,0,0.14200000000000002,0.0,5.771,205.3,98.79,24,980.0
1999,2,12,13,30,458,274,703,67,970,933,3,23,26.810000000000002,0,0.14200000000000002,0.0,5.727,205.3,98.75,24,980.0
1999,2,12,14,0,143,0,143,65,958,866,7,23,33.27,0,0.14200000000000002,0.0,5.683,213.8,98.61,24,980.0
1999,2,12,14,30,379,250,571,62,940,782,8,23,40.07,0,0.14200000000000002,0.0,5.628,213.8,98.57000000000001,24,980.0
1999,2,12,15,0,29,0,29,59,917,684,7,23,47.06,0,0.14200000000000002,0.0,5.574,225.3,98.94,24,980.0
1999,2,12,15,30,148,0,148,55,884,573,8,23,54.160000000000004,0,0.14200000000000002,0.0,5.519,225.3,100.0,24,980.0
1999,2,12,16,0,34,0,34,51,839,453,8,23,61.34,0,0.14200000000000002,0.0,5.465,243.20000000000002,100.0,24,980.0
1999,2,12,16,30,154,147,208,45,771,327,7,23,68.56,0,0.14200000000000002,0.0,5.433,243.20000000000002,100.0,23,980.0
1999,2,12,17,0,93,200,142,38,665,200,8,23,75.82000000000001,0,0.14200000000000002,0.1,5.402,255.3,100.0,23,980.0
1999,2,12,17,30,39,158,58,25,475,83,7,22,83.09,4,0.14200000000000002,0.2,5.383,255.3,100.0,23,980.0
1999,2,12,18,0,0,0,0,0,0,0,7,22,90.37,0,0.14200000000000002,0.30000000000000004,5.364,259.90000000000003,100.0,23,980.0
1999,2,12,18,30,0,0,0,0,0,0,8,22,97.67,0,0.14200000000000002,0.30000000000000004,5.363,259.90000000000003,100.0,22,980.0
1999,2,12,19,0,0,0,0,0,0,0,8,22,104.95,1,0.14200000000000002,0.4,5.363,253.0,100.0,22,980.0
1999,2,12,19,30,0,0,0,0,0,0,8,22,112.23,0,0.14200000000000002,0.4,5.37,253.0,100.0,22,980.0
1999,2,12,20,0,0,0,0,0,0,0,7,22,119.49000000000001,0,0.14200000000000002,0.5,5.377,241.70000000000002,100.0,22,980.0
1999,2,12,20,30,0,0,0,0,0,0,8,22,126.71000000000001,0,0.14200000000000002,0.5,5.3790000000000004,241.70000000000002,100.0,22,980.0
1999,2,12,21,0,0,0,0,0,0,0,7,22,133.88,0,0.14200000000000002,0.5,5.381,227.5,100.0,22,980.0
1999,2,12,21,30,0,0,0,0,0,0,8,22,140.97,0,0.14200000000000002,0.5,5.378,227.5,100.0,22,980.0
1999,2,12,22,0,0,0,0,0,0,0,8,22,147.9,0,0.14200000000000002,0.5,5.375,216.9,100.0,22,980.0
1999,2,12,22,30,0,0,0,0,0,0,4,22,154.57,0,0.14200000000000002,0.5,5.369,216.9,100.0,22,980.0
1999,2,12,23,0,0,0,0,0,0,0,4,22,160.69,0,0.14200000000000002,0.5,5.364,203.3,100.0,22,980.0
1999,2,12,23,30,0,0,0,0,0,0,8,22,165.52,0,0.14200000000000002,0.5,5.355,203.3,100.0,22,980.0
1999,2,13,0,0,0,0,0,0,0,0,8,22,167.49,0,0.14200000000000002,0.5,5.346,193.3,100.0,22,980.0
1999,2,13,0,30,0,0,0,0,0,0,7,22,165.39000000000001,0,0.14200000000000002,0.5,5.347,193.3,100.0,22,980.0
1999,2,13,1,0,0,0,0,0,0,0,7,22,160.48,0,0.14200000000000002,0.5,5.349,207.20000000000002,100.0,22,980.0
1999,2,13,1,30,0,0,0,0,0,0,8,21,154.34,0,0.14200000000000002,0.5,5.356,207.20000000000002,100.0,22,980.0
1999,2,13,2,0,0,0,0,0,0,0,4,21,147.65,0,0.14200000000000002,0.5,5.364,233.4,100.0,22,980.0
1999,2,13,2,30,0,0,0,0,0,0,4,21,140.71,0,0.14200000000000002,0.5,5.353,233.4,100.0,21,980.0
1999,2,13,3,0,0,0,0,0,0,0,7,21,133.61,0,0.14200000000000002,0.5,5.3420000000000005,242.4,100.0,21,980.0
1999,2,13,3,30,0,0,0,0,0,0,7,21,126.44,0,0.14200000000000002,0.5,5.328,242.4,100.0,21,980.0
1999,2,13,4,0,0,0,0,0,0,0,7,21,119.21000000000001,0,0.14200000000000002,0.6000000000000001,5.315,250.0,100.0,21,980.0
1999,2,13,4,30,0,0,0,0,0,0,4,21,111.95,0,0.14200000000000002,0.6000000000000001,5.301,250.0,100.0,21,980.0
1999,2,13,5,0,0,0,0,0,0,0,4,21,104.67,0,0.14200000000000002,0.6000000000000001,5.287,259.5,100.0,21,980.0
1999,2,13,5,30,0,0,0,0,0,0,4,21,97.38,0,0.14200000000000002,0.4,5.267,259.5,100.0,21,980.0
1999,2,13,6,0,0,0,0,0,0,0,7,21,90.08,0,0.14200000000000002,0.30000000000000004,5.248,264.8,100.0,21,980.0
1999,2,13,6,30,36,0,36,29,460,87,3,22,82.79,0,0.14200000000000002,0.1,5.231,264.8,100.0,22,980.0
1999,2,13,7,0,48,0,48,44,652,207,3,23,75.51,0,0.14200000000000002,0.0,5.215,275.6,100.0,23,980.0
1999,2,13,7,30,110,0,110,53,760,335,3,23,68.25,0,0.14200000000000002,0.0,5.2090000000000005,275.6,100.0,23,980.0
1999,2,13,8,0,200,315,353,58,832,461,7,24,61.02,0,0.14200000000000002,0.0,5.204,277.3,100.0,24,980.0
1999,2,13,8,30,278,155,369,63,879,582,3,24,53.83,0,0.14200000000000002,0.0,5.22,277.3,100.0,25,980.0
1999,2,13,9,0,186,4,188,66,914,693,4,24,46.72,0,0.14200000000000002,0.0,5.236,269.3,95.4,26,980.0
1999,2,13,9,30,328,37,357,69,938,791,4,24,39.71,0,0.14200000000000002,0.0,5.264,269.3,89.89,26,980.0
1999,2,13,10,0,413,81,482,72,956,875,4,23,32.89,0,0.14200000000000002,0.0,5.293,244.70000000000002,81.84,27,980.0
1999,2,13,10,30,440,347,751,74,968,942,8,23,26.41,0,0.14200000000000002,0.0,5.325,244.70000000000002,81.8,27,980.0
1999,2,13,11,0,500,190,678,76,977,990,3,23,20.57,0,0.14200000000000002,0.0,5.3580000000000005,225.20000000000002,76.67,28,980.0
1999,2,13,11,30,516,205,713,76,981,1020,3,23,16.1,0,0.14200000000000002,0.0,5.384,225.20000000000002,76.62,28,980.0
1999,2,13,12,0,488,346,824,77,983,1029,2,23,14.35,0,0.14200000000000002,0.0,5.41,72.2,76.91,28,980.0
1999,2,13,12,30,448,408,841,76,981,1019,3,23,16.22,0,0.14200000000000002,0.0,5.439,72.2,76.86,28,980.0
1999,2,13,13,0,76,975,988,76,975,988,0,23,20.76,0,0.14200000000000002,0.0,5.469,68.5,77.32000000000001,29,980.0
1999,2,13,13,30,74,966,939,74,966,939,7,23,26.64,4,0.14200000000000002,0.0,5.503,68.5,77.28,28,980.0
1999,2,13,14,0,433,205,605,73,953,871,3,23,33.14,0,0.14200000000000002,0.0,5.537,63.300000000000004,78.42,28,980.0
1999,2,13,14,30,285,20,300,70,934,786,6,23,39.97,0,0.14200000000000002,0.0,5.58,63.300000000000004,78.42,28,980.0
1999,2,13,15,0,296,45,327,68,908,687,6,25,46.980000000000004,0,0.14200000000000002,0.0,5.625,342.0,84.09,28,980.0
1999,2,13,15,30,63,874,576,63,874,576,1,25,54.1,0,0.14200000000000002,0.0,5.657,342.0,89.13,27,980.0
1999,2,13,16,0,213,109,266,60,823,455,3,25,61.29,0,0.14200000000000002,0.1,5.691,2.5,91.93,27,980.0
1999,2,13,16,30,53,753,328,53,753,328,0,25,68.53,0,0.14200000000000002,0.1,5.7,2.5,97.51,26,980.0
1999,2,13,17,0,43,643,201,43,643,201,0,25,75.79,0,0.14200000000000002,0.1,5.71,29.0,94.84,26,980.0
1999,2,13,17,30,28,448,82,28,448,82,1,25,83.08,0,0.14200000000000002,0.1,5.723,29.0,100.0,25,980.0
1999,2,13,18,0,0,0,0,0,0,0,1,24,90.37,0,0.14200000000000002,0.2,5.736,21.5,98.44,25,980.0
1999,2,13,18,30,0,0,0,0,0,0,0,24,97.68,0,0.14200000000000002,0.2,5.744,21.5,100.0,24,980.0
1999,2,13,19,0,0,0,0,0,0,0,0,24,104.97,1,0.14200000000000002,0.30000000000000004,5.753,18.6,100.0,24,980.0
1999,2,13,19,30,0,0,0,0,0,0,1,24,112.26,0,0.14200000000000002,0.30000000000000004,5.745,18.6,100.0,24,980.0
1999,2,13,20,0,0,0,0,0,0,0,1,24,119.53,0,0.14200000000000002,0.30000000000000004,5.738,21.0,100.0,24,980.0
1999,2,13,20,30,0,0,0,0,0,0,3,23,126.77,0,0.14200000000000002,0.30000000000000004,5.728,21.0,100.0,23,980.0
1999,2,13,21,0,0,0,0,0,0,0,3,23,133.95,0,0.14200000000000002,0.30000000000000004,5.719,20.1,100.0,23,980.0
1999,2,13,21,30,0,0,0,0,0,0,3,23,141.06,0,0.14200000000000002,0.30000000000000004,5.702,20.1,100.0,23,980.0
1999,2,13,22,0,0,0,0,0,0,0,3,23,148.03,0,0.14200000000000002,0.4,5.6850000000000005,15.0,100.0,23,980.0
1999,2,13,22,30,0,0,0,0,0,0,4,23,154.73,0,0.14200000000000002,0.4,5.658,15.0,100.0,23,980.0
1999,2,13,23,0,0,0,0,0,0,0,7,23,160.9,0,0.14200000000000002,0.4,5.632,6.7,100.0,23,980.0
1999,2,13,23,30,0,0,0,0,0,0,4,23,165.82,0,0.14200000000000002,0.4,5.602,6.7,100.0,23,980.0
1999,2,14,0,0,0,0,0,0,0,0,7,23,167.83,0,0.14200000000000002,0.5,5.573,356.0,100.0,23,980.0
1999,2,14,0,30,0,0,0,0,0,0,4,23,165.67000000000002,0,0.14200000000000002,0.5,5.543,356.0,100.0,23,980.0
1999,2,14,1,0,0,0,0,0,0,0,7,23,160.68,0,0.14200000000000002,0.5,5.513,350.3,100.0,23,980.0
1999,2,14,1,30,0,0,0,0,0,0,7,23,154.48,0,0.14200000000000002,0.5,5.494,350.3,100.0,23,980.0
1999,2,14,2,0,0,0,0,0,0,0,7,22,147.76,0,0.14200000000000002,0.5,5.4750000000000005,340.8,99.97,23,980.0
1999,2,14,2,30,0,0,0,0,0,0,7,22,140.79,0,0.14200000000000002,0.5,5.476,340.8,100.0,23,980.0
1999,2,14,3,0,0,0,0,0,0,0,7,22,133.68,0,0.14200000000000002,0.5,5.477,324.20000000000005,100.0,23,980.0
1999,2,14,3,30,0,0,0,0,0,0,8,22,126.48,0,0.14200000000000002,0.5,5.486,324.20000000000005,100.0,22,980.0
1999,2,14,4,0,0,0,0,0,0,0,4,22,119.24000000000001,0,0.14200000000000002,0.5,5.495,320.0,100.0,22,980.0
1999,2,14,4,30,0,0,0,0,0,0,4,22,111.97,0,0.14200000000000002,0.4,5.51,320.0,100.0,22,980.0
1999,2,14,5,0,0,0,0,0,0,0,4,22,104.68,0,0.14200000000000002,0.4,5.526,334.20000000000005,100.0,23,980.0
1999,2,14,5,30,0,0,0,0,0,0,4,22,97.38,0,0.14200000000000002,0.30000000000000004,5.545,334.20000000000005,100.0,23,980.0
1999,2,14,6,0,0,0,0,0,0,0,4,22,90.07000000000001,0,0.14200000000000002,0.30000000000000004,5.564,6.9,99.83,23,980.0
1999,2,14,6,30,40,288,76,30,445,86,8,22,82.77,0,0.14200000000000002,0.1,5.58,6.9,99.88,23,980.0
1999,2,14,7,0,71,462,187,46,637,206,8,23,75.48,0,0.14200000000000002,0.0,5.597,45.2,100.0,23,980.0
1999,2,14,7,30,114,487,295,56,746,333,7,23,68.21000000000001,0,0.14200000000000002,0.0,5.609,45.2,100.0,24,980.0
1999,2,14,8,0,216,108,268,63,819,460,3,24,60.96,0,0.14200000000000002,0.1,5.621,47.2,100.0,25,980.0
1999,2,14,8,30,273,235,412,68,867,581,3,24,53.76,0,0.14200000000000002,0.0,5.625,47.2,100.0,25,980.0
1999,2,14,9,0,335,135,428,71,904,692,3,25,46.63,0,0.14200000000000002,0.0,5.6290000000000004,42.0,100.0,25,980.0
1999,2,14,9,30,389,197,541,75,929,791,3,25,39.6,0,0.14200000000000002,0.0,5.627,42.0,100.0,25,980.0
1999,2,14,10,0,393,381,714,77,948,875,3,24,32.75,0,0.14200000000000002,0.0,5.625,38.1,91.41,26,980.0
1999,2,14,10,30,79,962,942,79,962,942,1,24,26.23,0,0.14200000000000002,0.0,5.625,38.1,91.37,26,980.0
1999,2,14,11,0,499,217,703,80,971,990,7,24,20.330000000000002,0,0.14200000000000002,0.0,5.625,37.1,83.93,27,980.0
1999,2,14,11,30,367,23,390,80,976,1020,4,24,15.790000000000001,0,0.14200000000000002,0.0,5.631,37.1,83.89,27,980.0
1999,2,14,12,0,192,8,201,81,977,1030,8,23,14.01,0,0.14200000000000002,0.0,5.6370000000000005,41.0,82.42,27,980.0
1999,2,14,12,30,185,7,192,81,975,1019,6,23,15.93,0,0.14200000000000002,0.0,5.6450000000000005,41.0,82.37,27,980.0
1999,2,14,13,0,210,10,220,81,969,989,6,23,20.54,0,0.14200000000000002,0.0,5.654,66.0,82.28,27,980.0
1999,2,14,13,30,279,14,292,80,960,940,6,23,26.47,0,0.14200000000000002,0.0,5.665,66.0,82.23,27,980.0
1999,2,14,14,0,300,18,315,78,946,872,6,23,33.02,0,0.14200000000000002,0.0,5.676,118.4,83.34,27,980.0
1999,2,14,14,30,350,54,392,76,927,787,6,23,39.88,0,0.14200000000000002,0.0,5.688,118.4,88.36,26,980.0
1999,2,14,15,0,334,192,465,72,902,688,7,24,46.910000000000004,0,0.14200000000000002,0.0,5.7010000000000005,113.10000000000001,92.49,26,980.0
1999,2,14,15,30,270,240,411,67,867,577,7,24,54.050000000000004,0,0.14200000000000002,0.0,5.716,113.10000000000001,92.49,26,980.0
1999,2,14,16,0,205,271,336,62,817,455,8,25,61.25,0,0.14200000000000002,0.0,5.732,102.7,95.22,26,980.0
1999,2,14,16,30,110,502,294,55,746,328,8,25,68.5,0,0.14200000000000002,0.0,5.751,102.7,100.0,25,980.0
1999,2,14,17,0,55,586,199,45,635,201,8,25,75.78,0,0.14200000000000002,0.1,5.771,109.2,100.0,25,980.0
1999,2,14,17,30,30,429,81,29,438,82,7,24,83.07000000000001,4,0.14200000000000002,0.1,5.792,109.2,100.0,24,980.0
1999,2,14,18,0,0,0,0,0,0,0,7,24,90.37,0,0.14200000000000002,0.2,5.813,116.7,100.0,24,980.0
1999,2,14,18,30,0,0,0,0,0,0,7,24,97.69,0,0.14200000000000002,0.1,5.832,116.7,100.0,24,980.0
1999,2,14,19,0,0,0,0,0,0,0,7,24,105.0,1,0.14200000000000002,0.1,5.851,119.9,100.0,24,980.0
1999,2,14,19,30,0,0,0,0,0,0,6,23,112.29,0,0.14200000000000002,0.1,5.864,119.9,100.0,23,980.0
1999,2,14,20,0,0,0,0,0,0,0,6,23,119.58,0,0.14200000000000002,0.1,5.878,123.60000000000001,100.0,23,980.0
1999,2,14,20,30,0,0,0,0,0,0,6,23,126.83,0,0.14200000000000002,0.0,5.88,123.60000000000001,100.0,23,980.0
1999,2,14,21,0,0,0,0,0,0,0,6,23,134.03,0,0.14200000000000002,0.0,5.883,122.80000000000001,100.0,23,980.0
1999,2,14,21,30,0,0,0,0,0,0,6,23,141.16,0,0.14200000000000002,0.0,5.8740000000000006,122.80000000000001,100.0,23,980.0
1999,2,14,22,0,0,0,0,0,0,0,6,23,148.15,0,0.14200000000000002,0.0,5.8660000000000005,116.80000000000001,100.0,23,980.0
1999,2,14,22,30,0,0,0,0,0,0,8,23,154.89000000000001,0,0.14200000000000002,0.0,5.84,116.80000000000001,100.0,23,980.0
1999,2,14,23,0,0,0,0,0,0,0,7,23,161.12,0,0.14200000000000002,0.0,5.814,106.30000000000001,100.0,23,980.0
1999,2,14,23,30,0,0,0,0,0,0,7,22,166.11,0,0.14200000000000002,0.0,5.775,106.30000000000001,100.0,23,980.0
1999,2,15,0,0,0,0,0,0,0,0,7,22,168.17000000000002,0,0.14200000000000002,0.1,5.736,99.5,100.0,23,980.0
1999,2,15,0,30,0,0,0,0,0,0,7,22,165.95000000000002,0,0.14200000000000002,0.1,5.686,99.5,100.0,22,980.0
1999,2,15,1,0,0,0,0,0,0,0,8,22,160.88,0,0.14200000000000002,0.2,5.636,93.30000000000001,100.0,22,980.0
1999,2,15,1,30,0,0,0,0,0,0,8,22,154.63,0,0.14200000000000002,0.2,5.587,93.30000000000001,100.0,22,980.0
1999,2,15,2,0,0,0,0,0,0,0,8,22,147.87,0,0.14200000000000002,0.2,5.538,91.5,100.0,22,980.0
1999,2,15,2,30,0,0,0,0,0,0,8,22,140.87,0,0.14200000000000002,0.2,5.493,91.5,100.0,22,980.0
1999,2,15,3,0,0,0,0,0,0,0,8,22,133.73,0,0.14200000000000002,0.2,5.448,90.9,100.0,22,980.0
1999,2,15,3,30,0,0,0,0,0,0,8,22,126.53,0,0.14200000000000002,0.1,5.41,90.9,100.0,22,980.0
1999,2,15,4,0,0,0,0,0,0,0,8,22,119.27,0,0.14200000000000002,0.1,5.372,89.5,100.0,22,980.0
1999,2,15,4,30,0,0,0,0,0,0,7,22,111.99000000000001,0,0.14200000000000002,0.1,5.349,89.5,100.0,22,980.0
1999,2,15,5,0,0,0,0,0,0,0,7,22,104.68,0,0.14200000000000002,0.2,5.327,97.5,100.0,22,980.0
1999,2,15,5,30,0,0,0,0,0,0,7,22,97.37,0,0.14200000000000002,0.2,5.32,97.5,100.0,22,980.0
1999,2,15,6,0,0,0,0,0,0,0,7,22,90.05,0,0.14200000000000002,0.2,5.314,105.30000000000001,100.0,22,980.0
1999,2,15,6,30,32,0,32,28,477,88,4,22,82.74,4,0.14200000000000002,0.1,5.325,105.30000000000001,100.0,22,980.0
1999,2,15,7,0,77,0,77,41,664,207,4,22,75.44,0,0.14200000000000002,0.0,5.336,105.7,100.0,22,990.0
1999,2,15,7,30,151,54,171,49,769,335,8,22,68.16,0,0.14200000000000002,0.0,5.354,105.7,100.0,22,990.0
1999,2,15,8,0,217,126,279,54,837,462,7,22,60.9,0,0.14200000000000002,0.1,5.372,105.60000000000001,100.0,22,990.0
1999,2,15,8,30,277,192,392,59,883,582,3,22,53.69,0,0.14200000000000002,0.0,5.388,105.60000000000001,100.0,22,990.0
1999,2,15,9,0,307,355,552,62,917,693,7,23,46.54,0,0.14200000000000002,0.0,5.404,99.0,100.0,23,990.0
1999,2,15,9,30,378,276,591,64,941,791,8,23,39.49,0,0.14200000000000002,0.0,5.424,99.0,100.0,23,990.0
1999,2,15,10,0,413,318,681,67,958,874,7,23,32.61,0,0.14200000000000002,0.0,5.445,100.0,95.59,24,990.0
1999,2,15,10,30,455,91,537,68,971,941,8,23,26.04,0,0.14200000000000002,0.0,5.468,100.0,95.55,24,980.0
1999,2,15,11,0,373,26,398,70,979,990,4,23,20.09,0,0.14200000000000002,0.0,5.4910000000000005,110.4,88.72,25,980.0
1999,2,15,11,30,506,108,610,71,984,1019,7,22,15.49,0,0.14200000000000002,0.0,5.513,110.4,88.67,25,980.0
1999,2,15,12,0,479,64,541,72,985,1029,8,23,13.67,0,0.14200000000000002,0.0,5.537,120.0,83.75,26,980.0
1999,2,15,12,30,518,189,701,71,983,1019,3,23,15.64,0,0.14200000000000002,0.0,5.554,120.0,83.71000000000001,26,980.0
1999,2,15,13,0,496,237,719,71,978,988,7,23,20.32,0,0.14200000000000002,0.0,5.571,125.2,83.94,26,980.0
1999,2,15,13,30,260,13,271,70,969,939,6,23,26.310000000000002,0,0.14200000000000002,0.0,5.58,125.2,83.91,26,980.0
1999,2,15,14,0,198,7,205,68,956,871,6,23,32.9,0,0.14200000000000002,0.0,5.589,132.9,84.7,26,980.0
1999,2,15,14,30,284,20,300,65,938,787,6,23,39.78,0,0.14200000000000002,0.0,5.583,132.9,89.83,26,980.0
1999,2,15,15,0,282,34,306,62,915,688,6,23,46.84,0,0.14200000000000002,0.0,5.578,153.70000000000002,92.67,26,980.0
1999,2,15,15,30,272,225,405,58,881,576,7,23,53.99,0,0.14200000000000002,0.0,5.569,153.70000000000002,92.67,25,980.0
1999,2,15,16,0,211,228,321,53,835,455,8,24,61.21,0,0.14200000000000002,0.0,5.561,166.0,96.33,25,980.0
1999,2,15,16,30,129,5,131,47,767,329,7,24,68.47,0,0.14200000000000002,0.0,5.551,166.0,100.0,24,980.0
1999,2,15,17,0,94,52,108,39,660,201,6,24,75.76,0,0.14200000000000002,0.1,5.542,165.10000000000002,100.0,24,980.0
1999,2,15,17,30,41,25,44,26,470,83,6,24,83.07000000000001,4,0.14200000000000002,0.1,5.538,165.10000000000002,100.0,24,980.0
1999,2,15,18,0,0,0,0,0,0,0,6,23,90.38,0,0.14200000000000002,0.1,5.534,205.20000000000002,97.12,24,980.0
1999,2,15,18,30,0,0,0,0,0,0,6,23,97.7,0,0.14200000000000002,0.0,5.532,205.20000000000002,97.15,24,980.0
1999,2,15,19,0,0,0,0,0,0,0,6,23,105.02,1,0.14200000000000002,0.0,5.531,197.10000000000002,95.54,24,980.0
1999,2,15,19,30,0,0,0,0,0,0,6,23,112.33,0,0.14200000000000002,0.0,5.529,197.10000000000002,95.56,24,980.0
1999,2,15,20,0,0,0,0,0,0,0,6,23,119.62,0,0.14200000000000002,0.0,5.529,26.1,94.58,24,980.0
1999,2,15,20,30,0,0,0,0,0,0,6,23,126.89,0,0.14200000000000002,0.0,5.526,26.1,100.0,23,980.0
1999,2,15,21,0,0,0,0,0,0,0,6,23,134.11,0,0.14200000000000002,0.1,5.524,347.70000000000005,100.0,23,980.0
1999,2,15,21,30,0,0,0,0,0,0,6,23,141.25,0,0.14200000000000002,0.1,5.521,347.70000000000005,100.0,23,980.0
1999,2,15,22,0,0,0,0,0,0,0,6,22,148.27,0,0.14200000000000002,0.2,5.518,331.70000000000005,98.8,23,980.0
1999,2,15,22,30,0,0,0,0,0,0,6,22,155.06,0,0.14200000000000002,0.2,5.51,331.70000000000005,98.77,23,980.0
1999,2,15,23,0,0,0,0,0,0,0,6,22,161.34,0,0.14200000000000002,0.2,5.503,317.40000000000003,98.06,23,980.0
1999,2,15,23,30,0,0,0,0,0,0,6,22,166.41,0,0.14200000000000002,0.2,5.495,317.40000000000003,98.02,23,980.0
1999,2,16,0,0,0,0,0,0,0,0,6,22,168.51,0,0.14200000000000002,0.30000000000000004,5.487,312.0,97.26,23,980.0
1999,2,16,0,30,0,0,0,0,0,0,8,22,166.23,0,0.14200000000000002,0.30000000000000004,5.477,312.0,100.0,22,980.0
1999,2,16,1,0,0,0,0,0,0,0,7,22,161.08,0,0.14200000000000002,0.4,5.468,308.6,100.0,22,980.0
1999,2,16,1,30,0,0,0,0,0,0,8,22,154.76,0,0.14200000000000002,0.4,5.461,308.6,100.0,22,980.0
1999,2,16,2,0,0,0,0,0,0,0,8,22,147.97,0,0.14200000000000002,0.4,5.454,302.8,100.0,22,980.0
1999,2,16,2,30,0,0,0,0,0,0,8,21,140.94,0,0.14200000000000002,0.4,5.447,302.8,100.0,22,980.0
1999,2,16,3,0,0,0,0,0,0,0,8,21,133.79,0,0.14200000000000002,0.4,5.441,296.6,100.0,22,980.0
1999,2,16,3,30,0,0,0,0,0,0,7,21,126.56,0,0.14200000000000002,0.30000000000000004,5.436,296.6,100.0,21,980.0
1999,2,16,4,0,0,0,0,0,0,0,8,21,119.29,0,0.14200000000000002,0.2,5.433,295.1,100.0,21,980.0
1999,2,16,4,30,0,0,0,0,0,0,8,21,112.0,0,0.14200000000000002,0.2,5.4270000000000005,295.1,100.0,21,980.0
1999,2,16,5,0,0,0,0,0,0,0,7,21,104.68,0,0.14200000000000002,0.2,5.422,294.2,100.0,21,980.0
1999,2,16,5,30,0,0,0,0,0,0,6,21,97.36,0,0.14200000000000002,0.1,5.416,294.2,100.0,21,980.0
1999,2,16,6,0,0,0,0,0,0,0,8,21,90.03,0,0.14200000000000002,0.1,5.41,291.5,100.0,22,980.0
1999,2,16,6,30,32,0,32,28,473,88,8,21,82.71000000000001,0,0.14200000000000002,0.0,5.406,291.5,100.0,22,980.0
1999,2,16,7,0,69,0,69,41,661,208,6,22,75.4,0,0.14200000000000002,0.0,5.4030000000000005,275.3,100.0,22,990.0
1999,2,16,7,30,39,0,39,50,766,336,6,22,68.11,0,0.14200000000000002,0.0,5.397,275.3,100.0,22,990.0
1999,2,16,8,0,152,0,152,55,836,462,6,23,60.84,0,0.14200000000000002,0.0,5.392,263.0,100.0,23,990.0
1999,2,16,8,30,241,34,261,60,882,583,8,23,53.61,0,0.14200000000000002,0.0,5.392,263.0,100.0,23,990.0
1999,2,16,9,0,272,26,290,62,917,694,8,23,46.44,0,0.14200000000000002,0.0,5.392,250.5,100.0,24,990.0
1999,2,16,9,30,289,21,305,65,941,792,8,23,39.37,0,0.14200000000000002,0.0,5.402,250.5,98.57000000000001,24,990.0
1999,2,16,10,0,366,38,398,67,958,876,6,23,32.47,0,0.14200000000000002,0.0,5.413,266.6,91.98,25,990.0
1999,2,16,10,30,378,32,407,69,971,943,6,23,25.86,0,0.14200000000000002,0.0,5.433,266.6,91.95,25,980.0
1999,2,16,11,0,457,62,516,71,979,992,8,22,19.85,0,0.14200000000000002,0.0,5.453,286.2,82.26,26,980.0
1999,2,16,11,30,472,62,533,71,984,1021,8,22,15.18,0,0.14200000000000002,0.0,5.473,286.2,82.22,26,980.0
1999,2,16,12,0,472,58,529,72,985,1031,8,22,13.32,0,0.14200000000000002,0.0,5.494,293.8,81.88,26,980.0
1999,2,16,12,30,475,65,538,72,983,1020,8,22,15.34,0,0.14200000000000002,0.0,5.51,293.8,81.84,26,980.0
1999,2,16,13,0,464,69,530,72,977,990,8,22,20.11,0,0.14200000000000002,0.0,5.5280000000000005,300.8,82.24,26,980.0
1999,2,16,13,30,461,104,555,71,969,940,8,22,26.150000000000002,0,0.14200000000000002,0.0,5.537,300.8,82.21000000000001,26,980.0
1999,2,16,14,0,436,175,583,69,956,873,7,22,32.78,0,0.14200000000000002,0.0,5.546,304.3,83.38,26,980.0
1999,2,16,14,30,377,95,450,66,938,788,8,22,39.69,0,0.14200000000000002,0.0,5.54,304.3,88.43,25,980.0
1999,2,16,15,0,325,91,388,63,914,689,8,23,46.77,0,0.14200000000000002,0.0,5.535,308.40000000000003,91.58,25,980.0
1999,2,16,15,30,273,108,337,59,880,577,8,23,53.94,0,0.14200000000000002,0.0,5.522,308.40000000000003,91.58,25,980.0
1999,2,16,16,0,215,122,274,54,833,456,8,24,61.18,0,0.14200000000000002,0.0,5.51,320.70000000000005,95.08,25,980.0
1999,2,16,16,30,150,217,230,48,765,329,8,24,68.45,0,0.14200000000000002,0.0,5.495,320.70000000000005,100.0,24,980.0
1999,2,16,17,0,92,225,147,40,656,202,8,24,75.75,0,0.14200000000000002,0.1,5.48,332.5,100.0,24,980.0
1999,2,16,17,30,39,174,60,27,465,83,8,23,83.06,4,0.14200000000000002,0.2,5.466,332.5,100.0,23,980.0
1999,2,16,18,0,0,0,0,0,0,0,4,23,90.39,0,0.14200000000000002,0.30000000000000004,5.453,332.20000000000005,100.0,23,980.0
1999,2,16,18,30,0,0,0,0,0,0,8,23,97.72,0,0.14200000000000002,0.30000000000000004,5.439,332.20000000000005,100.0,23,980.0
1999,2,16,19,0,0,0,0,0,0,0,8,23,105.05,1,0.14200000000000002,0.4,5.426,332.6,100.0,23,980.0
1999,2,16,19,30,0,0,0,0,0,0,8,23,112.37,0,0.14200000000000002,0.4,5.412,332.6,100.0,23,980.0
1999,2,16,20,0,0,0,0,0,0,0,8,23,119.67,0,0.14200000000000002,0.4,5.398,329.40000000000003,100.0,23,980.0
1999,2,16,20,30,0,0,0,0,0,0,7,23,126.95,0,0.14200000000000002,0.30000000000000004,5.382,329.40000000000003,100.0,23,980.0
1999,2,16,21,0,0,0,0,0,0,0,8,23,134.19,0,0.14200000000000002,0.30000000000000004,5.3660000000000005,320.70000000000005,100.0,23,980.0
1999,2,16,21,30,0,0,0,0,0,0,8,23,141.35,0,0.14200000000000002,0.30000000000000004,5.349,320.70000000000005,100.0,23,980.0
1999,2,16,22,0,0,0,0,0,0,0,7,22,148.4,0,0.14200000000000002,0.30000000000000004,5.332,292.5,99.77,23,980.0
1999,2,16,22,30,0,0,0,0,0,0,8,22,155.22,0,0.14200000000000002,0.30000000000000004,5.313,292.5,100.0,22,980.0
1999,2,16,23,0,0,0,0,0,0,0,7,22,161.56,0,0.14200000000000002,0.30000000000000004,5.2940000000000005,276.0,100.0,22,980.0
1999,2,16,23,30,0,0,0,0,0,0,8,22,166.70000000000002,0,0.14200000000000002,0.30000000000000004,5.274,276.0,100.0,22,980.0
1999,2,17,0,0,0,0,0,0,0,0,8,22,168.86,0,0.14200000000000002,0.4,5.255,276.3,100.0,22,980.0
1999,2,17,0,30,0,0,0,0,0,0,8,21,166.51,0,0.14200000000000002,0.30000000000000004,5.238,276.3,100.0,22,980.0
1999,2,17,1,0,0,0,0,0,0,0,7,21,161.27,0,0.14200000000000002,0.30000000000000004,5.221,278.8,100.0,22,980.0
1999,2,17,1,30,0,0,0,0,0,0,7,21,154.9,0,0.14200000000000002,0.30000000000000004,5.208,278.8,100.0,21,980.0
1999,2,17,2,0,0,0,0,0,0,0,8,21,148.06,0,0.14200000000000002,0.30000000000000004,5.196,279.5,100.0,21,980.0
1999,2,17,2,30,0,0,0,0,0,0,8,21,141.01,0,0.14200000000000002,0.30000000000000004,5.1850000000000005,279.5,100.0,21,980.0
1999,2,17,3,0,0,0,0,0,0,0,8,21,133.84,0,0.14200000000000002,0.30000000000000004,5.174,274.3,100.0,21,980.0
1999,2,17,3,30,0,0,0,0,0,0,8,21,126.60000000000001,0,0.14200000000000002,0.30000000000000004,5.166,274.3,100.0,21,980.0
1999,2,17,4,0,0,0,0,0,0,0,8,21,119.31,0,0.14200000000000002,0.30000000000000004,5.159,262.3,100.0,21,980.0
1999,2,17,4,30,0,0,0,0,0,0,8,21,112.01,0,0.14200000000000002,0.30000000000000004,5.157,262.3,100.0,21,980.0
1999,2,17,5,0,0,0,0,0,0,0,8,21,104.68,0,0.14200000000000002,0.30000000000000004,5.156,242.10000000000002,100.0,21,980.0
1999,2,17,5,30,0,0,0,0,0,0,8,21,97.35000000000001,0,0.14200000000000002,0.2,5.156,242.10000000000002,100.0,21,980.0
1999,2,17,6,0,0,0,0,0,0,0,8,21,90.01,0,0.14200000000000002,0.2,5.156,219.20000000000002,100.0,21,980.0
1999,2,17,6,30,36,0,36,32,436,87,8,21,82.68,0,0.14200000000000002,0.1,5.159,219.20000000000002,100.0,21,980.0
1999,2,17,7,0,6,0,6,49,626,207,4,21,75.36,0,0.14200000000000002,0.0,5.162,202.3,100.0,22,980.0
1999,2,17,7,30,136,13,141,60,737,335,8,21,68.05,0,0.14200000000000002,0.0,5.175,202.3,100.0,22,990.0
1999,2,17,8,0,163,4,166,68,809,463,4,22,60.77,0,0.14200000000000002,0.0,5.189,186.3,100.0,22,990.0
1999,2,17,8,30,223,20,236,74,859,585,4,22,53.53,0,0.14200000000000002,0.0,5.214,186.3,100.0,23,990.0
1999,2,17,9,0,334,116,414,79,894,696,4,23,46.35,0,0.14200000000000002,0.0,5.24,160.10000000000002,100.0,24,990.0
1999,2,17,9,30,388,225,563,83,920,795,3,23,39.26,0,0.14200000000000002,0.0,5.266,160.10000000000002,94.28,24,990.0
1999,2,17,10,0,412,327,689,86,939,879,8,21,32.32,0,0.14200000000000002,0.0,5.293,162.9,81.42,25,990.0
1999,2,17,10,30,386,394,741,88,953,947,8,21,25.68,4,0.14200000000000002,0.0,5.324,162.9,76.71000000000001,26,980.0
1999,2,17,11,0,477,321,780,89,962,996,8,21,19.61,0,0.14200000000000002,0.0,5.356,161.70000000000002,71.66,27,980.0
1999,2,17,11,30,413,403,804,90,967,1025,8,21,14.870000000000001,4,0.14200000000000002,0.0,5.386,161.70000000000002,71.62,27,980.0
1999,2,17,12,0,424,388,802,90,969,1035,8,21,12.97,4,0.14200000000000002,0.0,5.417,163.20000000000002,72.68,27,980.0
1999,2,17,12,30,498,306,794,90,967,1024,7,21,15.05,0,0.14200000000000002,0.0,5.4430000000000005,163.20000000000002,72.63,27,980.0
1999,2,17,13,0,502,190,681,88,962,993,8,21,19.89,0,0.14200000000000002,0.0,5.469,163.10000000000002,73.45,28,980.0
1999,2,17,13,30,467,119,574,86,953,943,8,21,26.0,0,0.14200000000000002,0.0,5.4910000000000005,163.10000000000002,73.41,28,980.0
1999,2,17,14,0,432,127,539,84,939,875,8,21,32.67,0,0.14200000000000002,0.0,5.513,161.10000000000002,74.05,28,980.0
1999,2,17,14,30,389,182,530,81,920,790,8,21,39.61,0,0.14200000000000002,0.0,5.526,161.10000000000002,74.03,27,980.0
1999,2,17,15,0,287,422,577,76,895,690,7,22,46.71,0,0.14200000000000002,0.0,5.539,158.10000000000002,76.7,27,980.0
1999,2,17,15,30,71,860,578,71,860,578,1,22,53.9,0,0.14200000000000002,0.0,5.543,158.10000000000002,81.33,26,980.0
1999,2,17,16,0,65,811,456,65,811,456,0,23,61.14,0,0.14200000000000002,0.0,5.548,159.3,85.53,26,980.0
1999,2,17,16,30,57,739,329,57,739,329,1,23,68.43,0,0.14200000000000002,0.0,5.5440000000000005,159.3,90.76,26,980.0
1999,2,17,17,0,46,627,201,46,627,201,0,23,75.74,0,0.14200000000000002,0.0,5.54,179.9,93.06,26,980.0
1999,2,17,17,30,30,430,82,30,430,82,7,23,83.07000000000001,4,0.14200000000000002,0.0,5.534,179.9,98.8,25,980.0
1999,2,17,18,0,0,0,0,0,0,0,7,23,90.4,0,0.14200000000000002,0.1,5.5280000000000005,171.60000000000002,97.77,25,980.0
1999,2,17,18,30,0,0,0,0,0,0,3,23,97.74000000000001,0,0.14200000000000002,0.0,5.516,171.60000000000002,97.8,24,980.0
1999,2,17,19,0,0,0,0,0,0,0,3,23,105.08,1,0.139,0.0,5.506,159.0,96.8,24,980.0
1999,2,17,19,30,0,0,0,0,0,0,3,23,112.41,0,0.139,0.0,5.4910000000000005,159.0,100.0,23,980.0
1999,2,17,20,0,0,0,0,0,0,0,3,23,119.73,0,0.139,0.0,5.476,156.8,100.0,23,980.0
1999,2,17,20,30,0,0,0,0,0,0,3,23,127.02,0,0.139,0.0,5.463,156.8,100.0,23,980.0
1999,2,17,21,0,0,0,0,0,0,0,3,23,134.27,0,0.139,0.1,5.45,155.10000000000002,100.0,23,980.0
1999,2,17,21,30,0,0,0,0,0,0,0,22,141.45000000000002,0,0.139,0.1,5.441,155.10000000000002,100.0,23,980.0
1999,2,17,22,0,0,0,0,0,0,0,3,22,148.52,0,0.139,0.1,5.432,148.70000000000002,100.0,23,980.0
1999,2,17,22,30,0,0,0,0,0,0,3,22,155.38,0,0.139,0.1,5.423,148.70000000000002,100.0,22,980.0
1999,2,17,23,0,0,0,0,0,0,0,3,22,161.78,0,0.139,0.2,5.415,141.3,100.0,22,980.0
1999,2,17,23,30,0,0,0,0,0,0,7,22,167.0,0,0.139,0.2,5.404,141.3,100.0,22,980.0
1999,2,18,0,0,0,0,0,0,0,0,7,22,169.21,0,0.139,0.30000000000000004,5.394,140.9,100.0,22,980.0
1999,2,18,0,30,0,0,0,0,0,0,7,22,166.78,0,0.139,0.30000000000000004,5.382,140.9,100.0,22,980.0
1999,2,18,1,0,0,0,0,0,0,0,7,22,161.46,0,0.139,0.4,5.371,142.5,100.0,22,980.0
1999,2,18,1,30,0,0,0,0,0,0,7,22,155.02,0,0.139,0.4,5.361,142.5,100.0,22,980.0
1999,2,18,2,0,0,0,0,0,0,0,7,22,148.15,0,0.139,0.4,5.351,145.9,100.0,22,980.0
1999,2,18,2,30,0,0,0,0,0,0,7,22,141.07,0,0.139,0.4,5.346,145.9,100.0,22,980.0
1999,2,18,3,0,0,0,0,0,0,0,7,22,133.88,0,0.139,0.4,5.3420000000000005,146.9,100.0,22,980.0
1999,2,18,3,30,0,0,0,0,0,0,7,22,126.62,0,0.139,0.4,5.347,146.9,100.0,22,980.0
1999,2,18,4,0,0,0,0,0,0,0,7,22,119.33,0,0.139,0.4,5.353,139.1,100.0,22,980.0
1999,2,18,4,30,0,0,0,0,0,0,7,21,112.01,0,0.139,0.4,5.367,139.1,100.0,21,980.0
1999,2,18,5,0,0,0,0,0,0,0,8,21,104.68,0,0.139,0.4,5.382,126.80000000000001,100.0,21,980.0
1999,2,18,5,30,0,0,0,0,0,0,8,21,97.33,0,0.139,0.30000000000000004,5.406,126.80000000000001,100.0,21,980.0
1999,2,18,6,0,0,0,0,0,0,0,7,22,89.99,0,0.139,0.2,5.431,119.0,100.0,22,980.0
1999,2,18,6,30,32,0,32,30,461,89,8,22,82.65,0,0.139,0.1,5.469,119.0,100.0,22,980.0
1999,2,18,7,0,72,0,72,44,653,209,7,22,75.32000000000001,0,0.139,0.0,5.508,93.30000000000001,97.3,23,980.0
1999,2,18,7,30,67,0,67,53,759,337,8,22,68.0,0,0.139,0.0,5.5520000000000005,93.30000000000001,97.34,23,980.0
1999,2,18,8,0,212,76,250,59,828,464,7,22,60.71,0,0.139,0.0,5.597,73.9,90.82000000000001,24,980.0
1999,2,18,8,30,279,187,391,64,874,585,8,22,53.45,0,0.139,0.0,5.634,73.9,90.83,24,990.0
1999,2,18,9,0,269,472,596,69,907,697,8,22,46.25,0,0.139,0.0,5.671,70.7,85.65,25,990.0
1999,2,18,9,30,297,513,695,73,931,795,8,22,39.14,0,0.139,0.0,5.69,70.7,85.64,25,990.0
1999,2,18,10,0,76,949,879,76,949,879,1,22,32.18,0,0.139,0.0,5.71,74.0,85.5,25,990.0
1999,2,18,10,30,431,374,769,78,962,946,8,22,25.490000000000002,0,0.139,0.0,5.71,74.0,85.47,25,980.0
1999,2,18,11,0,479,319,780,79,970,995,8,22,19.37,0,0.139,0.0,5.71,80.10000000000001,85.15,25,980.0
1999,2,18,11,30,497,330,817,80,975,1025,7,22,14.55,0,0.139,0.0,5.694,80.10000000000001,85.11,25,980.0
1999,2,18,12,0,519,247,761,80,977,1034,8,22,12.620000000000001,0,0.139,0.0,5.679,75.0,84.83,25,980.0
1999,2,18,12,30,520,189,704,80,976,1024,6,22,14.76,0,0.139,0.0,5.655,75.0,84.79,25,980.0
1999,2,18,13,0,476,81,553,78,971,993,6,22,19.69,0,0.139,0.0,5.631,71.3,84.64,25,980.0
1999,2,18,13,30,453,86,531,77,963,944,6,22,25.85,0,0.139,0.0,5.602,71.3,84.61,25,980.0
1999,2,18,14,0,283,16,297,74,951,876,6,22,32.56,0,0.139,0.0,5.573,60.300000000000004,84.67,25,980.0
1999,2,18,14,30,24,0,24,71,933,791,6,22,39.53,0,0.139,0.0,5.5360000000000005,60.300000000000004,84.65,25,980.0
1999,2,18,15,0,149,0,149,67,909,691,6,22,46.65,0,0.139,0.0,5.4990000000000006,54.0,84.97,25,980.0
1999,2,18,15,30,170,1,171,63,875,580,6,22,53.86,0,0.139,0.0,5.456,54.0,90.17,25,980.0
1999,2,18,16,0,120,0,120,58,829,458,6,22,61.120000000000005,0,0.139,0.0,5.414,35.800000000000004,92.11,25,980.0
1999,2,18,16,30,131,8,134,51,760,331,6,22,68.41,0,0.139,0.0,5.373,35.800000000000004,92.12,24,980.0
1999,2,18,17,0,80,0,80,42,651,202,6,23,75.73,0,0.139,0.0,5.333,162.60000000000002,95.62,24,980.0
1999,2,18,17,30,33,0,33,28,458,83,6,23,83.07000000000001,4,0.139,0.0,5.293,162.60000000000002,100.0,23,980.0
1999,2,18,18,0,0,0,0,0,0,0,6,22,90.41,0,0.139,0.1,5.253,157.0,98.12,23,980.0
1999,2,18,18,30,0,0,0,0,0,0,6,22,97.77,0,0.139,0.1,5.216,157.0,98.15,23,980.0
1999,2,18,19,0,0,0,0,0,0,0,6,22,105.11,1,0.139,0.2,5.179,160.70000000000002,97.11,23,980.0
1999,2,18,19,30,0,0,0,0,0,0,6,22,112.45,0,0.139,0.2,5.146,160.70000000000002,100.0,22,980.0
1999,2,18,20,0,0,0,0,0,0,0,8,22,119.78,0,0.139,0.30000000000000004,5.114,155.5,100.0,22,980.0
1999,2,18,20,30,0,0,0,0,0,0,7,22,127.08,0,0.139,0.30000000000000004,5.0920000000000005,155.5,100.0,22,980.0
1999,2,18,21,0,0,0,0,0,0,0,7,22,134.35,0,0.139,0.30000000000000004,5.071,147.3,100.0,22,980.0
1999,2,18,21,30,0,0,0,0,0,0,7,22,141.55,0,0.139,0.30000000000000004,5.058,147.3,100.0,22,980.0
1999,2,18,22,0,0,0,0,0,0,0,7,21,148.65,0,0.139,0.4,5.046,140.3,99.46000000000001,22,980.0
1999,2,18,22,30,0,0,0,0,0,0,7,21,155.54,0,0.139,0.4,5.039,140.3,100.0,22,980.0
1999,2,18,23,0,0,0,0,0,0,0,7,21,161.99,0,0.139,0.4,5.033,138.6,100.0,22,980.0
1999,2,18,23,30,0,0,0,0,0,0,7,21,167.31,0,0.139,0.4,5.033,138.6,100.0,22,980.0
1999,2,19,0,0,0,0,0,0,0,0,7,21,169.56,0,0.139,0.5,5.034,141.5,100.0,22,980.0
1999,2,19,0,30,0,0,0,0,0,0,8,21,167.05,0,0.139,0.4,5.038,141.5,100.0,22,980.0
1999,2,19,1,0,0,0,0,0,0,0,8,21,161.64000000000001,0,0.139,0.4,5.043,142.3,100.0,22,980.0
1999,2,19,1,30,0,0,0,0,0,0,8,21,155.15,0,0.139,0.4,5.05,142.3,100.0,22,980.0
1999,2,19,2,0,0,0,0,0,0,0,8,21,148.24,0,0.139,0.4,5.057,143.1,100.0,22,980.0
1999,2,19,2,30,0,0,0,0,0,0,7,21,141.13,0,0.139,0.30000000000000004,5.064,143.1,100.0,21,980.0
1999,2,19,3,0,0,0,0,0,0,0,7,21,133.92000000000002,0,0.139,0.2,5.072,149.6,100.0,21,980.0
1999,2,19,3,30,0,0,0,0,0,0,7,21,126.65,0,0.139,0.1,5.077,149.6,100.0,21,980.0
1999,2,19,4,0,0,0,0,0,0,0,4,21,119.34,0,0.139,0.1,5.083,189.8,100.0,21,980.0
1999,2,19,4,30,0,0,0,0,0,0,4,21,112.01,0,0.139,0.1,5.091,189.8,100.0,21,980.0
1999,2,19,5,0,0,0,0,0,0,0,3,21,104.67,0,0.139,0.1,5.1000000000000005,240.9,100.0,21,980.0
1999,2,19,5,30,0,0,0,0,0,0,1,21,97.32000000000001,0,0.139,0.1,5.1080000000000005,240.9,100.0,21,980.0
1999,2,19,6,0,0,0,0,0,0,0,7,21,89.96000000000001,0,0.139,0.2,5.1160000000000005,244.5,100.0,21,980.0
1999,2,19,6,30,24,0,24,30,463,90,3,21,82.61,4,0.139,0.1,5.127,244.5,97.18,22,980.0
1999,2,19,7,0,56,0,56,44,653,210,3,22,75.27,0,0.139,0.0,5.138,166.8,94.61,23,980.0
1999,2,19,7,30,54,760,339,54,760,339,1,22,67.94,0,0.139,0.0,5.156,166.8,89.13,24,980.0
1999,2,19,8,0,59,832,467,59,832,467,0,22,60.64,0,0.139,0.0,5.174,153.60000000000002,84.09,25,990.0
1999,2,19,8,30,64,878,588,64,878,588,0,22,53.370000000000005,0,0.139,0.0,5.2,153.60000000000002,84.09,25,990.0
1999,2,19,9,0,67,913,699,67,913,699,0,22,46.15,0,0.139,0.0,5.227,122.4,78.88,26,990.0
1999,2,19,9,30,70,937,798,70,937,798,0,22,39.02,0,0.139,0.0,5.261,122.4,78.86,27,980.0
1999,2,19,10,0,401,366,712,73,955,882,3,22,32.03,0,0.139,0.0,5.295,99.80000000000001,76.3,28,980.0
1999,2,19,10,30,463,281,717,74,967,949,3,22,25.310000000000002,0,0.139,0.0,5.327,99.80000000000001,76.26,28,980.0
1999,2,19,11,0,493,271,749,76,975,998,3,22,19.13,0,0.139,0.0,5.36,118.80000000000001,72.7,28,980.0
1999,2,19,11,30,436,346,771,77,980,1027,8,22,14.24,4,0.139,0.0,5.385,118.80000000000001,72.66,28,980.0
1999,2,19,12,0,449,438,878,77,981,1037,8,22,12.27,0,0.139,0.0,5.41,139.5,68.4,29,980.0
1999,2,19,12,30,481,355,825,77,980,1026,7,22,14.47,0,0.139,0.0,5.433,139.5,68.36,29,980.0
1999,2,19,13,0,378,447,800,76,974,995,8,22,19.48,4,0.139,0.0,5.456,147.20000000000002,68.67,29,980.0
1999,2,19,13,30,470,127,586,75,965,945,6,22,25.71,0,0.139,0.0,5.4750000000000005,147.20000000000002,68.64,29,980.0
1999,2,19,14,0,427,105,516,72,953,876,8,23,32.45,0,0.139,0.0,5.495,143.4,70.18,29,980.0
1999,2,19,14,30,373,297,603,70,934,791,6,23,39.45,0,0.139,0.0,5.515,143.4,74.33,28,980.0
1999,2,19,15,0,336,167,451,65,911,691,8,23,46.59,0,0.139,0.0,5.535,133.6,77.02,28,980.0
1999,2,19,15,30,185,5,188,61,877,579,6,23,53.82,0,0.139,0.0,5.566,133.6,81.65,28,980.0
1999,2,19,16,0,196,39,215,56,830,457,6,24,61.09,0,0.139,0.0,5.598,110.0,85.21000000000001,28,980.0
1999,2,19,16,30,155,140,207,50,761,330,8,24,68.4,0,0.139,0.0,5.6290000000000004,110.0,90.39,27,980.0
1999,2,19,17,0,95,55,109,41,652,202,7,24,75.73,0,0.139,0.1,5.6610000000000005,111.5,93.96000000000001,26,980.0
1999,2,19,17,30,41,27,44,27,460,83,8,24,83.08,4,0.139,0.1,5.683,111.5,99.72,25,980.0
1999,2,19,18,0,0,0,0,0,0,0,8,24,90.43,0,0.139,0.2,5.706,109.4,98.92,25,980.0
1999,2,19,18,30,0,0,0,0,0,0,6,24,97.79,0,0.139,0.2,5.718,109.4,100.0,24,980.0
1999,2,19,19,0,0,0,0,0,0,0,6,24,105.15,1,0.139,0.2,5.73,102.80000000000001,100.0,24,980.0
1999,2,19,19,30,0,0,0,0,0,0,6,24,112.5,0,0.139,0.1,5.731,102.80000000000001,100.0,24,980.0
1999,2,19,20,0,0,0,0,0,0,0,6,24,119.84,0,0.139,0.1,5.7330000000000005,99.10000000000001,100.0,24,980.0
1999,2,19,20,30,0,0,0,0,0,0,8,23,127.15,0,0.139,0.1,5.727,99.10000000000001,100.0,24,980.0
1999,2,19,21,0,0,0,0,0,0,0,4,23,134.43,0,0.139,0.1,5.722,96.9,100.0,24,980.0
1999,2,19,21,30,0,0,0,0,0,0,4,23,141.66,0,0.139,0.1,5.7,96.9,100.0,23,980.0
1999,2,19,22,0,0,0,0,0,0,0,4,23,148.78,0,0.139,0.1,5.679,100.2,100.0,23,980.0
1999,2,19,22,30,0,0,0,0,0,0,3,23,155.71,0,0.139,0.1,5.651,100.2,100.0,23,980.0
1999,2,19,23,0,0,0,0,0,0,0,7,23,162.21,0,0.139,0.1,5.623,106.80000000000001,100.0,23,980.0
1999,2,19,23,30,0,0,0,0,0,0,7,23,167.61,0,0.139,0.1,5.588,106.80000000000001,100.0,23,980.0
1999,2,20,0,0,0,0,0,0,0,0,7,23,169.92000000000002,0,0.139,0.1,5.553,115.0,100.0,23,980.0
1999,2,20,0,30,0,0,0,0,0,0,7,22,167.32,0,0.139,0.1,5.531,115.0,100.0,23,980.0
1999,2,20,1,0,0,0,0,0,0,0,7,22,161.81,0,0.139,0.2,5.509,115.10000000000001,100.0,23,980.0
1999,2,20,1,30,0,0,0,0,0,0,7,22,155.26,0,0.139,0.2,5.525,115.10000000000001,100.0,23,980.0
1999,2,20,2,0,0,0,0,0,0,0,8,23,148.32,0,0.139,0.30000000000000004,5.542,91.2,100.0,23,980.0
1999,2,20,2,30,0,0,0,0,0,0,8,23,141.19,0,0.139,0.30000000000000004,5.571,91.2,100.0,23,980.0
1999,2,20,3,0,0,0,0,0,0,0,8,23,133.96,0,0.139,0.4,5.601,35.9,100.0,23,980.0
1999,2,20,3,30,0,0,0,0,0,0,7,22,126.67,0,0.139,0.4,5.598,35.9,100.0,23,980.0
1999,2,20,4,0,0,0,0,0,0,0,7,22,119.35000000000001,0,0.139,0.5,5.595,12.200000000000001,100.0,23,980.0
1999,2,20,4,30,0,0,0,0,0,0,7,22,112.01,0,0.139,0.4,5.5680000000000005,12.200000000000001,100.0,22,980.0
1999,2,20,5,0,0,0,0,0,0,0,7,22,104.66,0,0.139,0.4,5.541,18.5,100.0,22,980.0
1999,2,20,5,30,0,0,0,0,0,0,7,22,97.29,0,0.139,0.2,5.516,18.5,100.0,22,980.0
1999,2,20,6,0,0,0,0,0,0,0,7,22,89.93,0,0.139,0.1,5.492,19.200000000000003,100.0,22,980.0
1999,2,20,6,30,29,0,29,28,479,90,8,23,82.57000000000001,0,0.139,0.0,5.4830000000000005,19.200000000000003,100.0,23,980.0
1999,2,20,7,0,50,0,50,41,665,211,4,23,75.22,0,0.139,0.0,5.4750000000000005,27.400000000000002,98.64,24,980.0
1999,2,20,7,30,130,3,131,49,769,339,4,23,67.88,0,0.139,0.0,5.48,27.400000000000002,98.67,24,980.0
1999,2,20,8,0,219,116,276,54,838,466,3,23,60.57,0,0.139,0.0,5.485,48.2,91.89,25,980.0
1999,2,20,8,30,280,197,398,58,883,587,3,23,53.28,0,0.139,0.0,5.495,48.2,91.88,25,980.0
1999,2,20,9,0,62,916,698,62,916,698,0,23,46.050000000000004,0,0.139,0.0,5.505,54.0,84.54,26,980.0
1999,2,20,9,30,393,155,515,64,940,796,2,23,38.9,0,0.139,0.0,5.515,54.0,84.52,26,980.0
1999,2,20,10,0,66,958,880,66,958,880,0,23,31.88,0,0.139,0.0,5.525,55.7,79.27,27,980.0
1999,2,20,10,30,68,970,947,68,970,947,0,23,25.12,0,0.139,0.0,5.541,55.7,79.24,27,980.0
1999,2,20,11,0,68,979,995,68,979,995,0,23,18.89,0,0.139,0.0,5.557,63.6,74.58,28,980.0
1999,2,20,11,30,522,201,718,69,984,1024,3,23,13.92,0,0.139,0.0,5.572,63.6,74.54,28,980.0
1999,2,20,12,0,505,308,807,69,985,1033,8,22,11.91,0,0.139,0.0,5.587,73.60000000000001,74.3,28,980.0
1999,2,20,12,30,492,331,813,68,984,1023,2,22,14.19,0,0.139,0.0,5.604,73.60000000000001,74.27,28,980.0
1999,2,20,13,0,69,978,992,69,978,992,0,22,19.29,0,0.139,0.0,5.621,86.7,74.3,28,980.0
1999,2,20,13,30,462,281,715,67,969,942,7,22,25.57,0,0.139,0.0,5.631,86.7,74.27,28,980.0
1999,2,20,14,0,427,106,517,66,956,874,8,23,32.35,0,0.139,0.0,5.642,99.2,74.88,28,980.0
1999,2,20,14,30,373,83,437,64,938,790,8,23,39.38,0,0.139,0.0,5.642,99.2,74.86,28,980.0
1999,2,20,15,0,335,134,427,61,914,690,8,23,46.54,0,0.139,0.0,5.642,112.10000000000001,76.81,28,980.0
1999,2,20,15,30,57,881,578,57,881,578,0,23,53.78,0,0.139,0.0,5.638,112.10000000000001,81.43,27,980.0
1999,2,20,16,0,53,834,457,53,834,457,0,23,61.07,0,0.139,0.0,5.635,127.60000000000001,83.60000000000001,27,980.0
1999,2,20,16,30,47,766,329,47,766,329,0,23,68.39,0,0.139,0.0,5.6240000000000006,127.60000000000001,88.67,26,980.0
1999,2,20,17,0,39,659,201,39,659,201,8,24,75.73,3,0.139,0.0,5.613,130.9,91.4,26,980.0
1999,2,20,17,30,26,468,82,26,468,82,7,24,83.09,4,0.139,0.1,5.594,130.9,97.0,25,980.0
1999,2,20,18,0,0,0,0,0,0,0,6,24,90.45,0,0.139,0.2,5.5760000000000005,115.10000000000001,97.24000000000001,25,980.0
1999,2,20,18,30,0,0,0,0,0,0,6,24,97.82000000000001,0,0.139,0.2,5.547,115.10000000000001,100.0,24,980.0
1999,2,20,19,0,0,0,0,0,0,0,6,24,105.19,1,0.139,0.30000000000000004,5.519,98.7,100.0,24,980.0
1999,2,20,19,30,0,0,0,0,0,0,6,24,112.55,0,0.139,0.2,5.487,98.7,100.0,24,980.0
1999,2,20,20,0,0,0,0,0,0,0,8,23,119.89,0,0.139,0.1,5.455,89.4,99.51,24,980.0
1999,2,20,20,30,0,0,0,0,0,0,8,23,127.22,0,0.139,0.0,5.42,89.4,100.0,23,980.0
1999,2,20,21,0,0,0,0,0,0,0,8,23,134.52,0,0.139,0.0,5.3870000000000005,81.9,100.0,23,980.0
1999,2,20,21,30,0,0,0,0,0,0,8,23,141.76,0,0.139,0.0,5.352,81.9,100.0,23,980.0
1999,2,20,22,0,0,0,0,0,0,0,8,23,148.9,0,0.139,0.0,5.317,76.7,100.0,23,980.0
1999,2,20,22,30,0,0,0,0,0,0,8,23,155.87,0,0.139,0.0,5.291,76.7,100.0,23,980.0
1999,2,20,23,0,0,0,0,0,0,0,7,23,162.43,0,0.139,0.1,5.265,88.60000000000001,100.0,23,980.0
1999,2,20,23,30,0,0,0,0,0,0,7,22,167.91,0,0.139,0.2,5.273,88.60000000000001,100.0,23,980.0
1999,2,21,0,0,0,0,0,0,0,0,7,22,170.28,0,0.139,0.30000000000000004,5.282,120.7,100.0,23,980.0
1999,2,21,0,30,0,0,0,0,0,0,7,22,167.59,0,0.139,0.30000000000000004,5.298,120.7,100.0,22,980.0
1999,2,21,1,0,0,0,0,0,0,0,7,22,161.98,0,0.139,0.4,5.314,167.9,100.0,22,980.0
1999,2,21,1,30,0,0,0,0,0,0,7,22,155.37,0,0.139,0.4,5.3100000000000005,167.9,100.0,22,980.0
1999,2,21,2,0,0,0,0,0,0,0,8,22,148.39000000000001,0,0.139,0.4,5.307,185.0,100.0,22,980.0
1999,2,21,2,30,0,0,0,0,0,0,8,22,141.23,0,0.139,0.4,5.291,185.0,100.0,22,980.0
1999,2,21,3,0,0,0,0,0,0,0,4,22,133.99,0,0.139,0.4,5.276,173.5,100.0,22,980.0
1999,2,21,3,30,0,0,0,0,0,0,4,22,126.69,0,0.139,0.4,5.259,173.5,100.0,22,980.0
1999,2,21,4,0,0,0,0,0,0,0,4,22,119.36,0,0.139,0.4,5.242,153.1,100.0,22,980.0
1999,2,21,4,30,0,0,0,0,0,0,4,21,112.0,0,0.139,0.4,5.229,153.1,100.0,21,980.0
1999,2,21,5,0,0,0,0,0,0,0,4,21,104.64,0,0.139,0.4,5.2170000000000005,138.0,100.0,21,980.0
1999,2,21,5,30,0,0,0,0,0,0,4,21,97.27,0,0.139,0.2,5.207,138.0,100.0,21,980.0
1999,2,21,6,0,0,0,0,0,0,0,4,22,89.89,0,0.139,0.1,5.198,128.6,100.0,22,980.0
1999,2,21,6,30,22,0,22,29,477,91,4,22,82.53,0,0.139,0.0,5.198,128.6,98.24000000000001,23,980.0
1999,2,21,7,0,92,10,95,42,664,212,4,22,75.17,0,0.139,0.0,5.198,110.10000000000001,94.08,24,980.0
1999,2,21,7,30,159,110,201,51,768,341,4,22,67.82000000000001,0,0.139,0.0,5.21,110.10000000000001,88.66,25,980.0
1999,2,21,8,0,128,0,128,56,836,468,4,22,60.49,0,0.139,0.0,5.223,102.7,81.91,26,990.0
1999,2,21,8,30,281,188,394,61,882,590,8,22,53.2,0,0.139,0.0,5.244,102.7,81.9,26,990.0
1999,2,21,9,0,287,34,311,65,915,701,4,22,45.95,0,0.139,0.0,5.266,98.5,76.32000000000001,27,990.0
1999,2,21,9,30,296,22,313,68,939,800,4,22,38.78,0,0.139,0.0,5.292,98.5,76.29,27,980.0
1999,2,21,10,0,390,51,433,71,955,884,4,22,31.73,0,0.139,0.0,5.319,94.60000000000001,72.25,28,980.0
1999,2,21,10,30,479,176,639,73,968,951,7,22,24.93,0,0.139,0.0,5.3500000000000005,94.60000000000001,72.22,28,980.0
1999,2,21,11,0,310,17,327,75,976,1000,6,22,18.650000000000002,0,0.139,0.0,5.381,94.4,68.71000000000001,29,980.0
1999,2,21,11,30,323,17,341,76,981,1029,6,22,13.6,0,0.139,0.0,5.415,94.4,68.67,29,980.0
1999,2,21,12,0,272,14,286,76,982,1038,8,22,11.55,0,0.139,0.0,5.45,99.80000000000001,69.18,29,980.0
1999,2,21,12,30,373,23,397,76,980,1027,8,22,13.9,0,0.139,0.0,5.485,99.80000000000001,69.14,29,980.0
1999,2,21,13,0,354,22,375,76,974,997,8,22,19.09,0,0.139,0.0,5.521,99.10000000000001,69.91,29,980.0
1999,2,21,13,30,471,126,585,75,964,946,8,22,25.44,0,0.139,0.0,5.555,99.10000000000001,69.88,29,980.0
1999,2,21,14,0,391,53,437,73,951,878,6,23,32.26,0,0.139,0.0,5.59,99.10000000000001,71.54,29,980.0
1999,2,21,14,30,347,50,386,71,932,792,6,23,39.32,0,0.139,0.0,5.62,99.10000000000001,75.78,28,980.0
1999,2,21,15,0,218,9,225,67,907,692,6,24,46.5,0,0.139,0.0,5.65,103.4,79.14,28,980.0
1999,2,21,15,30,247,41,271,63,873,580,8,24,53.75,0,0.139,0.0,5.674,103.4,83.9,27,980.0
1999,2,21,16,0,214,104,265,58,825,458,8,24,61.050000000000004,0,0.139,0.0,5.698,102.5,87.47,27,980.0
1999,2,21,16,30,149,235,236,52,756,330,8,24,68.39,0,0.139,0.0,5.71,102.5,92.78,26,980.0
1999,2,21,17,0,96,89,118,42,645,201,7,25,75.74,0,0.139,0.0,5.722,106.80000000000001,95.84,26,980.0
1999,2,21,17,30,41,56,48,28,451,82,7,25,83.10000000000001,4,0.139,0.0,5.722,106.80000000000001,100.0,25,980.0
1999,2,21,18,0,0,0,0,0,0,0,7,25,90.47,0,0.139,0.1,5.723,102.30000000000001,100.0,25,980.0
1999,2,21,18,30,0,0,0,0,0,0,7,24,97.85000000000001,0,0.139,0.1,5.707,102.30000000000001,100.0,25,980.0
1999,2,21,19,0,0,0,0,0,0,0,7,24,105.23,1,0.139,0.1,5.692,105.80000000000001,100.0,25,980.0
1999,2,21,19,30,0,0,0,0,0,0,8,24,112.60000000000001,0,0.139,0.1,5.668,105.80000000000001,100.0,24,980.0
1999,2,21,20,0,0,0,0,0,0,0,7,24,119.95,0,0.139,0.1,5.6450000000000005,108.80000000000001,100.0,24,980.0
1999,2,21,20,30,0,0,0,0,0,0,7,24,127.29,1,0.139,0.0,5.619,108.80000000000001,100.0,24,980.0
1999,2,21,21,0,0,0,0,0,0,0,7,24,134.6,0,0.139,0.0,5.593,106.60000000000001,100.0,24,980.0
1999,2,21,21,30,0,0,0,0,0,0,7,23,141.86,0,0.139,0.0,5.559,106.60000000000001,100.0,24,980.0
1999,2,21,22,0,0,0,0,0,0,0,8,23,149.03,0,0.139,0.0,5.525,112.7,100.0,24,980.0
1999,2,21,22,30,0,0,0,0,0,0,8,23,156.03,0,0.139,0.0,5.4910000000000005,112.7,100.0,23,980.0
1999,2,21,23,0,0,0,0,0,0,0,7,23,162.65,0,0.139,0.0,5.458,122.60000000000001,100.0,23,980.0
1999,2,21,23,30,0,0,0,0,0,0,7,23,168.22,0,0.139,0.0,5.432,122.60000000000001,100.0,23,980.0
1999,2,22,0,0,0,0,0,0,0,0,7,23,170.64000000000001,0,0.139,0.0,5.406,130.8,100.0,23,980.0
1999,2,22,0,30,0,0,0,0,0,0,7,23,167.85,0,0.139,0.1,5.388,130.8,100.0,23,980.0
1999,2,22,1,0,0,0,0,0,0,0,7,23,162.14000000000001,0,0.139,0.2,5.37,133.9,100.0,23,980.0
1999,2,22,1,30,0,0,0,0,0,0,7,22,155.48,0,0.139,0.2,5.356,133.9,100.0,23,980.0
1999,2,22,2,0,0,0,0,0,0,0,7,22,148.46,0,0.139,0.30000000000000004,5.343,132.6,100.0,23,980.0
1999,2,22,2,30,0,0,0,0,0,0,7,22,141.28,0,0.139,0.30000000000000004,5.336,132.6,100.0,22,980.0
1999,2,22,3,0,0,0,0,0,0,0,7,22,134.01,0,0.139,0.30000000000000004,5.329,125.9,100.0,22,980.0
1999,2,22,3,30,0,0,0,0,0,0,7,22,126.7,0,0.139,0.30000000000000004,5.325,125.9,100.0,22,980.0
1999,2,22,4,0,0,0,0,0,0,0,7,22,119.36,0,0.139,0.4,5.322,116.10000000000001,100.0,22,980.0
1999,2,22,4,30,0,0,0,0,0,0,8,22,111.99000000000001,0,0.139,0.4,5.323,116.10000000000001,100.0,22,980.0
1999,2,22,5,0,0,0,0,0,0,0,8,22,104.62,0,0.139,0.4,5.324,103.10000000000001,100.0,22,980.0
1999,2,22,5,30,0,0,0,0,0,0,6,22,97.24000000000001,0,0.139,0.30000000000000004,5.331,103.10000000000001,100.0,22,980.0
1999,2,22,6,0,0,0,0,0,0,0,6,22,89.86,0,0.139,0.2,5.339,89.60000000000001,100.0,22,980.0
1999,2,22,6,30,8,0,8,28,482,92,6,22,82.48,0,0.139,0.1,5.354,89.60000000000001,100.0,22,980.0
1999,2,22,7,0,47,0,47,42,663,213,6,23,75.11,0,0.139,0.0,5.369,76.5,100.0,23,990.0
1999,2,22,7,30,45,0,45,51,767,341,6,23,67.76,0,0.139,0.0,5.381,76.5,100.0,23,990.0
1999,2,22,8,0,110,0,110,57,834,469,8,24,60.42,0,0.139,0.0,5.393,68.10000000000001,100.0,24,990.0
1999,2,22,8,30,239,30,258,62,880,590,8,24,53.11,0,0.139,0.0,5.401,68.10000000000001,100.0,24,990.0
1999,2,22,9,0,309,53,346,64,914,702,4,24,45.85,0,0.139,0.0,5.41,55.0,100.0,25,990.0
1999,2,22,9,30,356,375,649,67,938,800,8,24,38.65,0,0.139,0.0,5.425,55.0,100.0,25,990.0
1999,2,22,10,0,339,443,717,69,956,884,8,24,31.59,4,0.139,0.0,5.441,40.7,94.25,25,990.0
1999,2,22,10,30,444,175,603,70,969,951,8,24,24.75,4,0.139,0.0,5.455,40.7,94.21000000000001,25,990.0
1999,2,22,11,0,503,137,634,70,978,999,3,23,18.400000000000002,0,0.139,0.0,5.471,32.5,85.18,26,980.0
1999,2,22,11,30,480,177,652,71,983,1028,7,23,13.280000000000001,4,0.139,0.0,5.4830000000000005,32.5,85.13,26,980.0
1999,2,22,12,0,198,9,207,71,984,1037,4,22,11.19,0,0.139,0.0,5.496,37.7,78.31,27,980.0
1999,2,22,12,30,377,24,401,71,982,1026,8,22,13.620000000000001,0,0.139,0.0,5.509,37.7,78.27,27,980.0
1999,2,22,13,0,287,15,301,71,977,996,6,22,18.900000000000002,0,0.139,0.0,5.522,41.300000000000004,78.11,27,980.0
1999,2,22,13,30,277,14,290,70,968,945,6,22,25.310000000000002,0,0.139,0.0,5.533,41.300000000000004,78.08,27,980.0
1999,2,22,14,0,322,22,341,69,955,877,6,22,32.17,0,0.139,0.0,5.545,57.6,78.5,27,980.0
1999,2,22,14,30,391,180,531,66,937,792,6,22,39.25,0,0.139,0.0,5.551,57.6,78.48,27,980.0
1999,2,22,15,0,327,94,392,64,911,692,6,23,46.46,0,0.139,0.0,5.558,81.0,79.89,27,980.0
1999,2,22,15,30,249,43,274,60,877,580,6,23,53.730000000000004,0,0.139,0.0,5.5600000000000005,81.0,84.72,27,980.0
1999,2,22,16,0,210,240,326,56,830,458,8,23,61.04,0,0.139,0.0,5.563,84.0,86.8,27,980.0
1999,2,22,16,30,143,251,235,50,761,330,8,23,68.38,1,0.139,0.0,5.566,84.0,92.10000000000001,26,980.0
1999,2,22,17,0,41,650,202,41,650,202,0,24,75.74,0,0.139,0.0,5.569,118.80000000000001,96.97,26,980.0
1999,2,22,17,30,27,456,82,27,456,82,3,24,83.12,4,0.139,0.0,5.5760000000000005,118.80000000000001,97.01,25,980.0
1999,2,22,18,0,0,0,0,0,0,0,3,24,90.49,0,0.139,0.1,5.583,264.2,97.01,25,980.0
1999,2,22,18,30,0,0,0,0,0,0,7,24,97.88,0,0.139,0.1,5.5840000000000005,264.2,100.0,24,980.0
1999,2,22,19,0,0,0,0,0,0,0,7,24,105.27,1,0.139,0.2,5.586,293.90000000000003,100.0,24,980.0
1999,2,22,19,30,0,0,0,0,0,0,7,24,112.65,0,0.139,0.2,5.579,293.90000000000003,100.0,24,980.0
1999,2,22,20,0,0,0,0,0,0,0,7,23,120.02,0,0.139,0.2,5.572,320.90000000000003,98.53,24,980.0
1999,2,22,20,30,0,0,0,0,0,0,7,23,127.37,0,0.139,0.2,5.556,320.90000000000003,98.54,24,980.0
1999,2,22,21,0,0,0,0,0,0,0,3,23,134.69,0,0.139,0.30000000000000004,5.541,0.0,97.88,24,980.0
1999,2,22,21,30,0,0,0,0,0,0,7,23,141.97,0,0.139,0.30000000000000004,5.517,0.0,100.0,23,980.0
1999,2,22,22,0,0,0,0,0,0,0,7,23,149.16,0,0.139,0.4,5.493,27.5,100.0,23,980.0
1999,2,22,22,30,0,0,0,0,0,0,4,23,156.19,0,0.139,0.4,5.4670000000000005,27.5,100.0,23,980.0
1999,2,22,23,0,0,0,0,0,0,0,8,23,162.86,0,0.139,0.4,5.442,36.6,100.0,23,980.0
1999,2,22,23,30,0,0,0,0,0,0,4,23,168.52,0,0.139,0.4,5.4270000000000005,36.6,100.0,23,980.0
1999,2,23,0,0,0,0,0,0,0,0,8,23,171.0,0,0.139,0.4,5.412,38.6,100.0,23,980.0
1999,2,23,0,30,0,0,0,0,0,0,8,23,168.1,0,0.139,0.30000000000000004,5.4,38.6,100.0,23,980.0
1999,2,23,1,0,0,0,0,0,0,0,8,23,162.3,0,0.139,0.30000000000000004,5.389,34.1,100.0,23,980.0
1999,2,23,1,30,0,0,0,0,0,0,7,23,155.58,0,0.139,0.30000000000000004,5.381,34.1,100.0,23,980.0
1999,2,23,2,0,0,0,0,0,0,0,7,22,148.52,0,0.139,0.30000000000000004,5.3740000000000006,9.8,99.66,23,980.0
1999,2,23,2,30,0,0,0,0,0,0,8,22,141.32,0,0.139,0.30000000000000004,5.3660000000000005,9.8,100.0,23,980.0
1999,2,23,3,0,0,0,0,0,0,0,8,22,134.04,0,0.139,0.30000000000000004,5.3580000000000005,318.70000000000005,100.0,23,980.0
1999,2,23,3,30,0,0,0,0,0,0,8,22,126.71000000000001,0,0.139,0.4,5.353,318.70000000000005,100.0,22,980.0
1999,2,23,4,0,0,0,0,0,0,0,4,22,119.35000000000001,0,0.139,0.5,5.348,291.90000000000003,100.0,22,980.0
1999,2,23,4,30,0,0,0,0,0,0,4,22,111.98,0,0.139,0.5,5.34,291.90000000000003,100.0,22,980.0
1999,2,23,5,0,0,0,0,0,0,0,8,22,104.60000000000001,0,0.139,0.5,5.3340000000000005,287.40000000000003,100.0,22,980.0
1999,2,23,5,30,0,0,0,0,0,0,7,22,97.21000000000001,0,0.139,0.4,5.333,287.40000000000003,100.0,22,980.0
1999,2,23,6,0,0,0,0,0,0,0,7,22,89.82000000000001,0,0.139,0.4,5.333,289.90000000000003,100.0,22,980.0
1999,2,23,6,30,38,0,38,29,480,92,8,22,82.44,0,0.139,0.2,5.3500000000000005,289.90000000000003,100.0,22,980.0
1999,2,23,7,0,76,0,76,42,666,213,8,23,75.06,0,0.139,0.0,5.367,12.200000000000001,100.0,23,990.0
1999,2,23,7,30,156,66,181,50,769,342,7,23,67.69,0,0.139,0.0,5.388,12.200000000000001,100.0,23,990.0
1999,2,23,8,0,219,97,267,55,837,469,8,24,60.34,0,0.139,0.0,5.4110000000000005,56.2,100.0,24,990.0
1999,2,23,8,30,281,123,356,60,883,591,8,24,53.02,0,0.139,0.0,5.423,56.2,100.0,24,990.0
1999,2,23,9,0,340,132,432,63,915,702,8,24,45.74,0,0.139,0.0,5.436,53.800000000000004,94.66,25,990.0
1999,2,23,9,30,356,54,399,66,939,801,8,24,38.53,0,0.139,0.0,5.452,53.800000000000004,94.63,25,990.0
1999,2,23,10,0,428,98,512,69,956,885,8,23,31.44,0,0.139,0.0,5.468,62.300000000000004,85.43,26,990.0
1999,2,23,10,30,426,53,475,70,969,952,8,23,24.560000000000002,0,0.139,0.0,5.495,62.300000000000004,85.39,26,990.0
1999,2,23,11,0,507,159,659,73,976,1001,8,23,18.16,0,0.139,0.0,5.522,87.4,79.79,27,980.0
1999,2,23,11,30,438,40,478,73,981,1030,8,23,12.950000000000001,0,0.139,0.0,5.5520000000000005,87.4,79.75,27,980.0
1999,2,23,12,0,458,47,505,75,981,1039,8,23,10.82,0,0.139,0.0,5.583,123.4,79.83,27,980.0
1999,2,23,12,30,518,239,751,74,980,1028,8,23,13.34,0,0.139,0.0,5.613,123.4,79.79,27,980.0
1999,2,23,13,0,490,100,585,75,973,997,4,23,18.72,0,0.139,0.0,5.643,151.4,80.47,27,980.0
1999,2,23,13,30,417,400,779,74,964,947,7,23,25.19,0,0.139,0.0,5.674,151.4,85.31,27,980.0
1999,2,23,14,0,73,950,878,73,950,878,0,23,32.09,0,0.139,0.0,5.706,152.6,88.55,27,980.0
1999,2,23,14,30,71,931,793,71,931,793,0,23,39.2,0,0.139,0.0,5.734,152.6,88.54,26,980.0
1999,2,23,15,0,68,905,693,68,905,693,0,24,46.42,0,0.139,0.0,5.763,129.1,90.91,26,980.0
1999,2,23,15,30,64,871,580,64,871,580,0,24,53.7,0,0.139,0.0,5.781,129.1,96.46000000000001,25,980.0
1999,2,23,16,0,59,822,458,59,822,458,0,24,61.03,0,0.139,0.0,5.799,122.5,98.11,25,980.0
1999,2,23,16,30,81,651,321,52,752,330,8,24,68.38,0,0.139,0.0,5.807,122.5,100.0,24,980.0
1999,2,23,17,0,94,52,107,43,642,201,3,24,75.75,0,0.139,0.1,5.815,168.20000000000002,100.0,24,980.0
1999,2,23,17,30,40,22,43,28,446,81,4,24,83.14,4,0.139,0.1,5.808,168.20000000000002,100.0,24,980.0
1999,2,23,18,0,0,0,0,0,0,0,7,24,90.52,0,0.139,0.2,5.801,167.8,100.0,24,980.0
1999,2,23,18,30,0,0,0,0,0,0,4,23,97.92,0,0.139,0.2,5.788,167.8,100.0,24,980.0
1999,2,23,19,0,0,0,0,0,0,0,4,23,105.31,1,0.139,0.2,5.775,162.3,100.0,24,980.0
1999,2,23,19,30,0,0,0,0,0,0,7,23,112.7,0,0.139,0.2,5.755,162.3,100.0,23,980.0
1999,2,23,20,0,0,0,0,0,0,0,7,23,120.08,0,0.139,0.30000000000000004,5.736,155.10000000000002,100.0,23,980.0
1999,2,23,20,30,0,0,0,0,0,0,7,23,127.44,0,0.139,0.30000000000000004,5.711,155.10000000000002,100.0,23,980.0
1999,2,23,21,0,0,0,0,0,0,0,7,23,134.78,0,0.139,0.30000000000000004,5.686,155.60000000000002,100.0,23,980.0
1999,2,23,21,30,0,0,0,0,0,0,7,23,142.07,0,0.139,0.30000000000000004,5.656,155.60000000000002,100.0,23,980.0
1999,2,23,22,0,0,0,0,0,0,0,7,23,149.28,0,0.139,0.4,5.626,162.60000000000002,100.0,23,980.0
1999,2,23,22,30,0,0,0,0,0,0,7,23,156.35,0,0.139,0.4,5.596,162.60000000000002,100.0,23,980.0
1999,2,23,23,0,0,0,0,0,0,0,4,23,163.08,0,0.139,0.4,5.5680000000000005,165.5,100.0,23,980.0
1999,2,23,23,30,0,0,0,0,0,0,7,23,168.83,0,0.139,0.4,5.545,165.5,100.0,23,980.0
1999,2,24,0,0,0,0,0,0,0,0,7,23,171.37,0,0.139,0.4,5.524,152.9,100.0,23,980.0
1999,2,24,0,30,0,0,0,0,0,0,8,23,168.35,0,0.139,0.30000000000000004,5.506,152.9,100.0,23,980.0
1999,2,24,1,0,0,0,0,0,0,0,8,23,162.44,0,0.139,0.30000000000000004,5.489,105.30000000000001,100.0,23,980.0
1999,2,24,1,30,0,0,0,0,0,0,8,22,155.67000000000002,0,0.139,0.30000000000000004,5.469,105.30000000000001,100.0,23,980.0
1999,2,24,2,0,0,0,0,0,0,0,8,22,148.58,0,0.139,0.4,5.45,66.9,100.0,23,980.0
1999,2,24,2,30,0,0,0,0,0,0,7,22,141.35,0,0.139,0.4,5.416,66.9,100.0,22,980.0
1999,2,24,3,0,0,0,0,0,0,0,7,22,134.06,0,0.139,0.5,5.382,56.900000000000006,100.0,22,980.0
1999,2,24,3,30,0,0,0,0,0,0,7,22,126.71000000000001,0,0.139,0.4,5.327,56.900000000000006,100.0,22,980.0
1999,2,24,4,0,0,0,0,0,0,0,7,22,119.35000000000001,0,0.139,0.4,5.273,52.1,100.0,22,980.0
1999,2,24,4,30,0,0,0,0,0,0,7,22,111.97,0,0.139,0.4,5.2010000000000005,52.1,100.0,22,980.0
1999,2,24,5,0,0,0,0,0,0,0,7,22,104.58,0,0.139,0.5,5.13,46.6,100.0,22,980.0
1999,2,24,5,30,0,0,0,0,0,0,7,22,97.18,0,0.139,0.30000000000000004,5.0520000000000005,46.6,100.0,22,980.0
1999,2,24,6,0,0,0,0,0,0,0,7,22,89.78,0,0.139,0.2,4.974,39.900000000000006,100.0,22,980.0
1999,2,24,6,30,13,0,13,31,473,93,8,22,82.39,0,0.139,0.1,4.913,39.900000000000006,100.0,22,980.0
1999,2,24,7,0,101,150,140,45,659,216,8,23,75.0,0,0.139,0.0,4.852,41.300000000000004,100.0,23,990.0
1999,2,24,7,30,160,95,196,54,764,345,4,23,67.62,0,0.139,0.0,4.822,41.300000000000004,100.0,23,990.0
1999,2,24,8,0,220,102,271,60,834,474,4,24,60.26,0,0.139,0.0,4.792,28.400000000000002,100.0,24,990.0
1999,2,24,8,30,284,151,375,65,881,596,3,24,52.93,0,0.139,0.0,4.798,28.400000000000002,94.75,25,990.0
1999,2,24,9,0,335,253,512,68,915,709,3,23,45.64,0,0.139,0.0,4.804,20.400000000000002,86.2,26,990.0
1999,2,24,9,30,384,273,598,71,939,808,7,23,38.410000000000004,0,0.139,0.0,4.83,20.400000000000002,86.18,27,990.0
1999,2,24,10,0,437,236,640,73,957,892,8,22,31.29,0,0.139,0.0,4.857,25.400000000000002,77.93,28,990.0
1999,2,24,10,30,476,230,686,75,970,959,8,22,24.38,0,0.139,0.0,4.8870000000000005,25.400000000000002,77.9,28,980.0
1999,2,24,11,0,494,278,759,76,978,1008,8,22,17.92,0,0.139,0.0,4.918,31.700000000000003,72.4,29,980.0
1999,2,24,11,30,521,231,747,77,983,1037,8,22,12.63,0,0.139,0.0,4.952,31.700000000000003,72.36,29,980.0
1999,2,24,12,0,520,263,779,78,984,1046,8,22,10.46,0,0.139,0.0,4.986,46.5,68.54,29,980.0
1999,2,24,12,30,365,22,387,77,982,1034,6,22,13.07,0,0.139,0.0,5.026,46.5,68.5,29,980.0
1999,2,24,13,0,341,20,360,78,974,1003,8,22,18.54,0,0.139,0.0,5.066,127.2,69.12,29,980.0
1999,2,24,13,30,476,203,661,77,965,952,7,22,25.07,0,0.139,0.0,5.114,127.2,69.09,29,980.0
1999,2,24,14,0,434,126,542,76,950,882,7,23,32.01,0,0.139,0.0,5.162,171.9,70.93,29,980.0
1999,2,24,14,30,385,112,472,74,931,796,6,23,39.15,0,0.139,0.0,5.221,171.9,70.92,29,980.0
1999,2,24,15,0,337,180,461,71,904,695,7,23,46.38,0,0.139,0.0,5.281,184.4,71.94,29,980.0
1999,2,24,15,30,253,344,457,67,869,581,7,23,53.68,0,0.139,0.0,5.345,184.4,76.22,28,980.0
1999,2,24,16,0,215,182,304,61,820,458,8,24,61.02,0,0.139,0.0,5.409,18.2,79.55,28,980.0
1999,2,24,16,30,155,134,204,54,748,330,8,24,68.39,0,0.139,0.0,5.468,18.2,84.34,27,980.0
1999,2,24,17,0,44,635,200,44,635,200,1,24,75.77,0,0.139,0.0,5.527,164.60000000000002,86.36,27,980.0
1999,2,24,17,30,29,436,81,29,436,81,2,24,83.16,4,0.139,0.0,5.582,164.60000000000002,91.61,26,980.0
1999,2,24,18,0,0,0,0,0,0,0,1,24,90.55,0,0.139,0.0,5.638,60.300000000000004,91.54,26,980.0
1999,2,24,18,30,0,0,0,0,0,0,1,24,97.96000000000001,0,0.139,0.0,5.681,60.300000000000004,97.15,25,980.0
1999,2,24,19,0,0,0,0,0,0,0,1,23,105.36,1,0.139,0.1,5.724,30.200000000000003,93.85000000000001,25,980.0
1999,2,24,19,30,0,0,0,0,0,0,1,23,112.75,0,0.139,0.1,5.75,30.200000000000003,99.65,25,980.0
1999,2,24,20,0,0,0,0,0,0,0,0,24,120.14,0,0.139,0.1,5.777,27.0,100.0,25,980.0
1999,2,24,20,30,0,0,0,0,0,0,0,24,127.52,0,0.139,0.1,5.777,27.0,100.0,24,980.0
1999,2,24,21,0,0,0,0,0,0,0,0,24,134.86,0,0.139,0.1,5.7780000000000005,24.400000000000002,100.0,24,980.0
1999,2,24,21,30,0,0,0,0,0,0,0,24,142.17000000000002,0,0.139,0.1,5.74,24.400000000000002,100.0,24,980.0
1999,2,24,22,0,0,0,0,0,0,0,3,24,149.41,0,0.139,0.1,5.702,15.8,100.0,24,980.0
1999,2,24,22,30,0,0,0,0,0,0,3,23,156.51,0,0.139,0.1,5.63,15.8,100.0,24,980.0
1999,2,24,23,0,0,0,0,0,0,0,3,23,163.29,0,0.139,0.1,5.559,359.70000000000005,100.0,24,980.0
1999,2,24,23,30,0,0,0,0,0,0,3,23,169.13,0,0.139,0.0,5.477,359.70000000000005,100.0,23,980.0
1999,2,25,0,0,0,0,0,0,0,0,0,23,171.73,0,0.139,0.0,5.396,350.5,100.0,23,980.0
1999,2,25,0,30,0,0,0,0,0,0,0,23,168.59,0,0.139,0.0,5.315,350.5,100.0,23,980.0
1999,2,25,1,0,0,0,0,0,0,0,0,23,162.59,0,0.139,0.0,5.235,346.5,100.0,23,980.0
1999,2,25,1,30,0,0,0,0,0,0,0,23,155.75,0,0.139,0.0,5.167,346.5,100.0,23,980.0
1999,2,25,2,0,0,0,0,0,0,0,0,23,148.63,0,0.139,0.1,5.099,345.8,100.0,23,980.0
1999,2,25,2,30,0,0,0,0,0,0,0,22,141.38,0,0.139,0.1,5.048,345.8,100.0,22,980.0
1999,2,25,3,0,0,0,0,0,0,0,0,22,134.07,0,0.139,0.1,4.998,349.1,100.0,22,980.0
1999,2,25,3,30,0,0,0,0,0,0,0,22,126.72,0,0.139,0.1,4.964,349.1,100.0,22,980.0
1999,2,25,4,0,0,0,0,0,0,0,0,22,119.34,0,0.139,0.1,4.93,350.6,100.0,22,980.0
1999,2,25,4,30,0,0,0,0,0,0,0,22,111.95,0,0.139,0.1,4.914,350.6,100.0,22,980.0
1999,2,25,5,0,0,0,0,0,0,0,0,22,104.55,0,0.139,0.1,4.899,350.40000000000003,100.0,22,980.0
1999,2,25,5,30,0,0,0,0,0,0,0,22,97.14,0,0.139,0.1,4.898,350.40000000000003,100.0,22,980.0
1999,2,25,6,0,0,0,0,0,0,0,1,22,89.73,0,0.139,0.1,4.897,354.5,100.0,22,980.0
1999,2,25,6,30,31,474,94,31,474,94,0,22,82.34,0,0.139,0.0,4.901,354.5,99.8,23,980.0
1999,2,25,7,0,97,28,104,45,659,216,3,23,74.94,0,0.139,0.0,4.905,6.5,94.35000000000001,24,980.0
1999,2,25,7,30,54,764,346,54,764,346,1,23,67.55,0,0.139,0.0,4.907,6.5,94.38,25,980.0
1999,2,25,8,0,61,831,474,61,831,474,0,22,60.19,0,0.139,0.0,4.91,14.200000000000001,88.4,26,980.0
1999,2,25,8,30,66,877,597,66,877,597,0,22,52.84,0,0.139,0.0,4.91,14.200000000000001,83.32000000000001,26,980.0
1999,2,25,9,0,71,910,709,71,910,709,0,22,45.53,0,0.139,0.0,4.91,18.7,77.98,27,980.0
1999,2,25,9,30,75,934,808,75,934,808,0,22,38.28,0,0.139,0.0,4.909,18.7,77.96000000000001,27,980.0
1999,2,25,10,0,78,952,893,78,952,893,0,22,31.14,0,0.139,0.0,4.909,17.5,73.10000000000001,28,980.0
1999,2,25,10,30,80,965,960,80,965,960,0,22,24.19,0,0.139,0.0,4.9110000000000005,17.5,73.06,28,980.0
1999,2,25,11,0,82,972,1009,82,972,1009,0,22,17.68,0,0.139,0.0,4.913,15.5,68.83,29,980.0
1999,2,25,11,30,83,977,1038,83,977,1038,0,22,12.3,0,0.139,0.0,4.921,15.5,68.79,29,980.0
1999,2,25,12,0,529,144,671,84,978,1047,2,22,10.09,0,0.139,0.0,4.929,17.5,69.04,30,980.0
1999,2,25,12,30,452,414,856,84,976,1036,8,22,12.8,0,0.139,0.0,4.9430000000000005,17.5,69.0,30,980.0
1999,2,25,13,0,496,263,747,84,969,1004,7,23,18.37,0,0.139,0.0,4.958,19.8,66.18,30,980.0
1999,2,25,13,30,413,325,709,83,960,953,7,22,24.96,1,0.139,0.0,4.97,19.8,66.14,30,980.0
1999,2,25,14,0,384,321,657,81,946,884,7,23,31.94,1,0.139,0.0,4.9830000000000005,26.700000000000003,67.44,30,980.0
1999,2,25,14,30,78,927,797,78,927,797,0,23,39.1,1,0.139,0.0,4.998,26.700000000000003,71.4,29,980.0
1999,2,25,15,0,74,900,696,74,900,696,0,23,46.36,1,0.139,0.0,5.014,48.900000000000006,73.16,29,980.0
1999,2,25,15,30,70,865,582,70,865,582,0,23,53.67,0,0.139,0.0,5.01,48.900000000000006,77.52,28,980.0
1999,2,25,16,0,64,815,459,64,815,459,0,24,61.02,1,0.139,0.0,5.007,58.6,81.2,28,980.0
1999,2,25,16,30,56,743,330,56,743,330,0,24,68.39,1,0.139,0.0,4.994,58.6,86.10000000000001,27,980.0
1999,2,25,17,0,46,630,200,46,630,200,0,24,75.78,1,0.139,0.1,4.981,31.1,87.94,27,980.0
1999,2,25,17,30,29,429,80,29,429,80,1,24,83.18,1,0.139,0.1,4.962,31.1,93.28,26,980.0
1999,2,25,18,0,0,0,0,0,0,0,1,24,90.58,1,0.139,0.1,4.9430000000000005,344.20000000000005,92.44,26,980.0
1999,2,25,18,30,0,0,0,0,0,0,1,24,98.0,0,0.139,0.1,4.91,344.20000000000005,98.10000000000001,25,980.0
1999,2,25,19,0,0,0,0,0,0,0,1,24,105.41,1,0.139,0.2,4.877,359.3,97.57000000000001,25,980.0
1999,2,25,19,30,0,0,0,0,0,0,1,24,112.81,1,0.139,0.2,4.835,359.3,97.59,25,980.0
1999,2,25,20,0,0,0,0,0,0,0,1,24,120.21000000000001,1,0.139,0.30000000000000004,4.7940000000000005,9.3,96.66,25,980.0
1999,2,25,20,30,0,0,0,0,0,0,8,24,127.59,1,0.139,0.30000000000000004,4.749,9.3,100.0,24,980.0
1999,2,25,21,0,0,0,0,0,0,0,8,24,134.95,1,0.139,0.30000000000000004,4.705,22.0,100.0,24,980.0
1999,2,25,21,30,0,0,0,0,0,0,8,24,142.28,0,0.139,0.30000000000000004,4.673,22.0,100.0,24,980.0
1999,2,25,22,0,0,0,0,0,0,0,8,24,149.54,1,0.139,0.4,4.641,37.1,100.0,24,980.0
1999,2,25,22,30,0,0,0,0,0,0,0,23,156.67000000000002,0,0.139,0.4,4.622,37.1,100.0,24,980.0
1999,2,25,23,0,0,0,0,0,0,0,3,23,163.5,0,0.139,0.4,4.603,48.2,100.0,24,980.0
1999,2,25,23,30,0,0,0,0,0,0,1,23,169.44,0,0.139,0.4,4.59,48.2,100.0,23,980.0
1999,2,26,0,0,0,0,0,0,0,0,0,23,172.1,0,0.139,0.4,4.577,48.7,100.0,23,980.0
1999,2,26,0,30,0,0,0,0,0,0,0,23,168.83,0,0.139,0.4,4.577,48.7,100.0,23,980.0
1999,2,26,1,0,0,0,0,0,0,0,0,23,162.72,0,0.139,0.4,4.578,42.2,100.0,23,980.0
1999,2,26,1,30,0,0,0,0,0,0,0,22,155.83,1,0.139,0.30000000000000004,4.595,42.2,100.0,23,980.0
1999,2,26,2,0,0,0,0,0,0,0,0,22,148.68,1,0.139,0.30000000000000004,4.613,35.5,100.0,23,980.0
1999,2,26,2,30,0,0,0,0,0,0,7,22,141.41,1,0.139,0.2,4.644,35.5,100.0,22,980.0
1999,2,26,3,0,0,0,0,0,0,0,7,22,134.08,1,0.139,0.2,4.675,31.1,100.0,22,980.0
1999,2,26,3,30,0,0,0,0,0,0,7,22,126.71000000000001,0,0.139,0.2,4.7090000000000005,31.1,100.0,22,980.0
1999,2,26,4,0,0,0,0,0,0,0,7,22,119.32000000000001,1,0.139,0.2,4.744,28.3,100.0,22,980.0
1999,2,26,4,30,0,0,0,0,0,0,7,22,111.92,0,0.139,0.2,4.774,28.3,100.0,22,980.0
1999,2,26,5,0,0,0,0,0,0,0,7,22,104.52,0,0.139,0.2,4.805,26.0,100.0,22,980.0
1999,2,26,5,30,0,0,0,0,0,0,3,22,97.10000000000001,0,0.139,0.1,4.824,26.0,100.0,22,980.0
1999,2,26,6,0,0,0,0,0,0,0,3,22,89.69,0,0.139,0.1,4.845,25.3,100.0,23,980.0
1999,2,26,6,30,46,16,48,35,423,92,3,23,82.28,0,0.139,0.0,4.862,25.3,100.0,24,980.0
1999,2,26,7,0,52,621,214,52,621,214,1,23,74.88,0,0.139,0.0,4.88,39.2,91.87,25,980.0
1999,2,26,7,30,63,731,343,63,731,343,0,23,67.48,0,0.139,0.0,4.9030000000000005,39.2,91.89,26,980.0
1999,2,26,8,0,70,807,473,70,807,473,0,23,60.1,0,0.139,0.0,4.926,37.7,86.24,27,980.0
1999,2,26,8,30,77,856,595,77,856,595,0,23,52.75,0,0.139,0.0,4.955,37.7,81.32000000000001,27,980.0
1999,2,26,9,0,81,892,708,81,892,708,0,23,45.43,0,0.139,0.0,4.984,33.7,76.51,28,980.0
1999,2,26,9,30,85,918,807,85,918,807,0,23,38.160000000000004,0,0.139,0.0,5.022,33.7,76.49,28,980.0
1999,2,26,10,0,435,110,530,88,936,891,3,23,30.990000000000002,0,0.139,0.0,5.061,31.400000000000002,75.94,28,980.0
1999,2,26,10,30,464,295,734,91,949,958,3,23,24.01,0,0.139,0.0,5.102,31.400000000000002,75.9,28,980.0
1999,2,26,11,0,507,218,716,93,957,1007,3,23,17.44,0,0.139,0.0,5.144,34.9,71.57000000000001,29,980.0
1999,2,26,11,30,94,962,1036,94,962,1036,0,23,11.97,0,0.139,0.0,5.189,34.9,71.54,29,980.0
1999,2,26,12,0,96,962,1044,96,962,1044,0,23,9.72,0,0.139,0.0,5.236,35.6,72.10000000000001,29,980.0
1999,2,26,12,30,95,959,1032,95,959,1032,0,23,12.540000000000001,0,0.139,0.0,5.2780000000000005,35.6,72.07000000000001,29,980.0
1999,2,26,13,0,427,460,864,94,953,1000,8,23,18.21,0,0.139,0.0,5.32,35.800000000000004,72.96000000000001,29,980.0
1999,2,26,13,30,448,337,754,92,943,949,8,23,24.86,0,0.139,0.0,5.354,35.800000000000004,72.94,29,980.0
1999,2,26,14,0,407,347,702,89,930,879,8,23,31.87,0,0.139,0.0,5.389,35.0,74.25,29,980.0
1999,2,26,14,30,318,406,633,86,910,793,8,23,39.050000000000004,1,0.139,0.0,5.41,35.0,78.66,29,980.0
1999,2,26,15,0,290,46,322,81,885,692,6,24,46.33,1,0.139,0.0,5.432,44.6,80.88,29,980.0
1999,2,26,15,30,246,40,270,75,849,579,6,24,53.660000000000004,0,0.139,0.0,5.437,44.6,80.89,28,980.0
1999,2,26,16,0,193,39,212,67,802,456,6,24,61.02,1,0.139,0.0,5.442,51.1,83.72,28,980.0
1999,2,26,16,30,141,31,152,59,728,327,6,24,68.4,1,0.139,0.0,5.4350000000000005,51.1,88.76,27,980.0
1999,2,26,17,0,89,15,92,47,617,198,6,25,75.8,1,0.139,0.1,5.429,32.800000000000004,88.98,27,980.0
1999,2,26,17,30,37,0,37,30,415,79,7,25,83.21000000000001,1,0.139,0.1,5.407,32.800000000000004,94.39,26,980.0
1999,2,26,18,0,0,0,0,0,0,0,7,25,90.62,1,0.139,0.2,5.386,34.0,94.26,26,980.0
1999,2,26,18,30,0,0,0,0,0,0,7,25,98.04,0,0.139,0.2,5.365,34.0,100.0,25,980.0
1999,2,26,19,0,0,0,0,0,0,0,7,24,105.46000000000001,1,0.139,0.30000000000000004,5.345,36.5,97.25,25,980.0
1999,2,26,19,30,0,0,0,0,0,0,7,24,112.87,1,0.139,0.30000000000000004,5.3260000000000005,36.5,100.0,25,980.0
1999,2,26,20,0,0,0,0,0,0,0,7,24,120.27,1,0.139,0.30000000000000004,5.307,36.0,100.0,25,980.0
1999,2,26,20,30,0,0,0,0,0,0,7,24,127.67,1,0.139,0.30000000000000004,5.29,36.0,100.0,24,980.0
1999,2,26,21,0,0,0,0,0,0,0,7,24,135.04,1,0.139,0.30000000000000004,5.273,33.800000000000004,100.0,24,980.0
1999,2,26,21,30,0,0,0,0,0,0,7,23,142.38,0,0.139,0.2,5.263,33.800000000000004,100.0,24,980.0
1999,2,26,22,0,0,0,0,0,0,0,7,23,149.66,1,0.139,0.2,5.253,32.1,100.0,24,980.0
1999,2,26,22,30,0,0,0,0,0,0,3,23,156.82,0,0.139,0.2,5.247,32.1,100.0,23,980.0
1999,2,26,23,0,0,0,0,0,0,0,3,23,163.71,0,0.139,0.2,5.2410000000000005,34.5,100.0,23,980.0
1999,2,26,23,30,0,0,0,0,0,0,3,23,169.74,1,0.139,0.2,5.24,34.5,100.0,23,980.0
1999,2,27,0,0,0,0,0,0,0,0,3,23,172.47,1,0.139,0.2,5.24,38.900000000000006,100.0,23,980.0
1999,2,27,0,30,0,0,0,0,0,0,3,23,169.06,1,0.139,0.2,5.249,38.900000000000006,100.0,23,980.0
1999,2,27,1,0,0,0,0,0,0,0,3,23,162.84,1,0.139,0.2,5.259,40.300000000000004,100.0,23,980.0
1999,2,27,1,30,0,0,0,0,0,0,3,22,155.9,0,0.139,0.2,5.266,40.300000000000004,100.0,22,980.0
1999,2,27,2,0,0,0,0,0,0,0,3,22,148.72,0,0.139,0.2,5.273,39.5,100.0,22,980.0
1999,2,27,2,30,0,0,0,0,0,0,3,22,141.43,0,0.139,0.2,5.272,39.5,100.0,22,980.0
1999,2,27,3,0,0,0,0,0,0,0,3,22,134.08,0,0.139,0.30000000000000004,5.272,37.0,100.0,22,980.0
1999,2,27,3,30,0,0,0,0,0,0,3,22,126.7,0,0.139,0.30000000000000004,5.257,37.0,100.0,22,980.0
1999,2,27,4,0,0,0,0,0,0,0,3,22,119.31,0,0.139,0.4,5.243,27.200000000000003,100.0,22,980.0
1999,2,27,4,30,0,0,0,0,0,0,3,22,111.9,0,0.139,0.4,5.226,27.200000000000003,100.0,22,980.0
1999,2,27,5,0,0,0,0,0,0,0,7,22,104.48,0,0.139,0.5,5.21,18.2,100.0,22,980.0
1999,2,27,5,30,0,0,0,0,0,0,7,22,97.06,0,0.139,0.4,5.212,18.2,100.0,22,980.0
1999,2,27,6,0,0,0,0,0,0,0,7,22,89.64,0,0.139,0.30000000000000004,5.215,29.0,100.0,23,980.0
1999,2,27,6,30,41,284,80,34,442,93,8,23,82.23,4,0.139,0.1,5.229,29.0,100.0,23,980.0
1999,2,27,7,0,83,384,184,50,627,215,8,23,74.81,0,0.139,0.0,5.244,51.1,98.25,24,980.0
1999,2,27,7,30,114,510,310,61,737,345,8,23,67.41,0,0.139,0.0,5.26,51.1,92.59,25,980.0
1999,2,27,8,0,214,266,347,68,811,474,3,23,60.02,0,0.139,0.0,5.277,60.800000000000004,86.8,26,980.0
1999,2,27,8,30,276,265,437,74,859,596,3,23,52.65,0,0.139,0.0,5.29,60.800000000000004,86.79,26,980.0
1999,2,27,9,0,345,179,470,77,897,708,4,23,45.32,0,0.139,0.0,5.303,45.900000000000006,80.5,27,980.0
1999,2,27,9,30,397,206,559,81,922,808,4,23,38.04,0,0.139,0.0,5.32,45.900000000000006,80.48,27,980.0
1999,2,27,10,0,351,502,782,84,941,892,8,23,30.84,0,0.139,0.0,5.337,36.4,75.52,28,980.0
1999,2,27,10,30,476,245,700,86,953,959,8,23,23.830000000000002,0,0.139,0.0,5.3740000000000006,36.4,75.49,28,980.0
1999,2,27,11,0,508,215,714,90,959,1007,7,23,17.2,0,0.139,0.0,5.4110000000000005,53.1,71.43,29,980.0
1999,2,27,11,30,523,230,748,91,964,1036,8,23,11.65,0,0.139,0.0,5.462,53.1,71.4,29,980.0
1999,2,27,12,0,489,356,840,94,962,1044,8,23,9.35,0,0.139,0.0,5.513,79.10000000000001,72.02,29,980.0
1999,2,27,12,30,351,20,371,94,960,1032,8,23,12.280000000000001,0,0.139,0.0,5.5600000000000005,79.10000000000001,71.99,29,980.0
1999,2,27,13,0,378,26,403,93,953,999,6,23,18.05,0,0.139,0.0,5.6080000000000005,111.5,73.77,29,980.0
1999,2,27,13,30,438,64,496,92,943,948,6,23,24.76,0,0.139,0.0,5.646,111.5,78.13,29,980.0
1999,2,27,14,0,419,84,491,89,929,879,6,24,31.810000000000002,0,0.139,0.0,5.684,134.3,80.34,29,980.0
1999,2,27,14,30,377,88,446,85,909,792,6,24,39.02,0,0.139,0.0,5.711,134.3,80.33,28,980.0
1999,2,27,15,0,61,0,61,81,883,691,6,24,46.31,0,0.139,0.0,5.738,153.20000000000002,82.44,28,980.0
1999,2,27,15,30,183,4,186,75,847,577,6,24,53.65,0,0.139,0.0,5.758,153.20000000000002,87.39,28,980.0
1999,2,27,16,0,215,187,306,68,796,454,7,25,61.02,0,0.139,0.0,5.7780000000000005,163.8,89.01,28,980.0
1999,2,27,16,30,145,267,243,60,722,326,7,25,68.42,0,0.139,0.0,5.795,163.8,89.03,27,980.0
1999,2,27,17,0,88,12,91,48,605,196,4,25,75.82000000000001,0,0.139,0.0,5.812,140.4,90.19,27,980.0
1999,2,27,17,30,36,0,36,31,399,78,7,25,83.24,4,0.139,0.0,5.819,140.4,95.67,26,980.0
1999,2,27,18,0,0,0,0,0,0,0,7,25,90.66,0,0.139,0.1,5.8260000000000005,149.8,94.48,26,980.0
1999,2,27,18,30,0,0,0,0,0,0,7,25,98.08,0,0.139,0.1,5.813,149.8,100.0,25,980.0
1999,2,27,19,0,0,0,0,0,0,0,7,25,105.51,1,0.139,0.2,5.801,137.5,100.0,25,980.0
1999,2,27,19,30,0,0,0,0,0,0,3,25,112.93,0,0.139,0.2,5.775,137.5,100.0,25,980.0
1999,2,27,20,0,0,0,0,0,0,0,7,24,120.34,0,0.139,0.2,5.75,129.20000000000002,99.67,25,980.0
1999,2,27,20,30,0,0,0,0,0,0,7,24,127.75,0,0.139,0.2,5.716,129.20000000000002,100.0,24,980.0
1999,2,27,21,0,0,0,0,0,0,0,7,24,135.13,0,0.139,0.2,5.683,125.4,100.0,24,980.0
1999,2,27,21,30,0,0,0,0,0,0,7,24,142.48,0,0.139,0.2,5.64,125.4,100.0,24,980.0
1999,2,27,22,0,0,0,0,0,0,0,3,24,149.78,0,0.139,0.30000000000000004,5.598,129.1,100.0,24,980.0
1999,2,27,22,30,0,0,0,0,0,0,3,24,156.98,0,0.139,0.30000000000000004,5.553,129.1,100.0,24,980.0
1999,2,27,23,0,0,0,0,0,0,0,7,24,163.91,0,0.139,0.30000000000000004,5.509,149.3,100.0,24,980.0
1999,2,27,23,30,0,0,0,0,0,0,7,24,170.04,1,0.139,0.30000000000000004,5.458,149.3,100.0,24,980.0
1999,2,28,0,0,0,0,0,0,0,0,7,24,172.85,1,0.139,0.4,5.407,177.60000000000002,100.0,24,980.0
1999,2,28,0,30,0,0,0,0,0,0,7,23,169.28,1,0.139,0.4,5.3580000000000005,177.60000000000002,100.0,23,980.0
1999,2,28,1,0,0,0,0,0,0,0,7,23,162.96,1,0.139,0.4,5.309,211.20000000000002,100.0,23,980.0
1999,2,28,1,30,0,0,0,0,0,0,7,23,155.97,0,0.139,0.30000000000000004,5.261,211.20000000000002,100.0,23,980.0
1999,2,28,2,0,0,0,0,0,0,0,7,23,148.76,0,0.139,0.2,5.213,230.10000000000002,100.0,23,980.0
1999,2,28,2,30,0,0,0,0,0,0,7,22,141.44,0,0.139,0.1,5.173,230.10000000000002,100.0,23,980.0
1999,2,28,3,0,0,0,0,0,0,0,3,22,134.08,0,0.139,0.0,5.134,239.3,100.0,23,980.0
1999,2,28,3,30,0,0,0,0,0,0,4,22,126.69,0,0.139,0.0,5.1000000000000005,239.3,100.0,23,980.0
1999,2,28,4,0,0,0,0,0,0,0,3,22,119.29,0,0.139,0.1,5.066,243.20000000000002,100.0,23,980.0
1999,2,28,4,30,0,0,0,0,0,0,4,22,111.87,0,0.139,0.2,5.039,243.20000000000002,100.0,23,980.0
1999,2,28,5,0,0,0,0,0,0,0,4,22,104.45,0,0.139,0.30000000000000004,5.0120000000000005,243.4,100.0,23,980.0
1999,2,28,5,30,0,0,0,0,0,0,4,22,97.02,0,0.139,0.30000000000000004,4.992,243.4,100.0,23,980.0
1999,2,28,6,0,0,0,0,0,0,0,4,23,89.59,0,0.139,0.30000000000000004,4.973,235.0,100.0,23,980.0
1999,2,28,6,30,31,475,96,31,475,96,1,23,82.17,0,0.139,0.1,4.963,235.0,100.0,23,980.0
1999,2,28,7,0,103,73,122,45,660,219,3,23,74.75,0,0.139,0.0,4.954,209.9,98.44,24,980.0
1999,2,28,7,30,161,185,232,55,764,349,3,23,67.34,0,0.139,0.0,4.958,209.9,98.46000000000001,25,980.0
1999,2,28,8,0,217,202,318,60,833,478,3,23,59.94,1,0.139,0.0,4.962,171.5,90.68,26,980.0
1999,2,28,8,30,275,205,400,66,879,600,3,23,52.56,1,0.139,0.0,4.98,171.5,85.47,26,980.0
1999,2,28,9,0,234,526,605,70,911,712,3,23,45.21,1,0.139,0.0,4.999,137.1,79.66,27,980.0
1999,2,28,9,30,319,469,689,73,935,811,3,23,37.910000000000004,0,0.139,0.0,5.038,137.1,79.64,27,980.0
1999,2,28,10,0,77,952,895,77,952,895,1,23,30.7,0,0.139,0.0,5.077,83.7,75.27,28,980.0
1999,2,28,10,30,474,259,711,78,964,962,3,23,23.650000000000002,0,0.139,0.0,5.111,83.7,75.24,28,980.0
1999,2,28,11,0,506,233,730,81,972,1011,3,23,16.96,0,0.139,0.0,5.1450000000000005,63.6,75.66,28,980.0
1999,2,28,11,30,499,334,826,81,976,1039,7,23,11.32,0,0.139,0.0,5.165,63.6,75.62,28,980.0
1999,2,28,12,0,533,179,710,82,977,1048,8,23,8.97,0,0.139,0.0,5.186,23.5,74.48,28,980.0
1999,2,28,12,30,525,202,723,82,975,1036,8,23,12.030000000000001,0,0.139,0.0,5.186,23.5,78.91,28,980.0
1999,2,28,13,0,501,123,618,80,971,1004,8,23,17.91,0,0.139,0.0,5.186,205.5,79.89,28,980.0
1999,2,28,13,30,475,226,681,79,962,953,8,23,24.67,0,0.139,0.0,5.191,205.5,79.86,27,980.0
1999,2,28,14,0,404,358,709,76,949,883,8,23,31.75,0,0.139,0.0,5.196,162.4,81.64,27,980.0
1999,2,28,14,30,392,176,529,73,931,797,7,23,38.980000000000004,0,0.139,0.0,5.204,162.4,81.63,27,980.0
1999,2,28,15,0,223,592,633,69,906,695,8,23,46.29,0,0.139,0.0,5.213,143.8,83.33,27,980.0
1999,2,28,15,30,256,326,450,65,871,582,8,23,53.65,0,0.139,0.0,5.222,143.8,88.36,27,980.0
1999,2,28,16,0,188,372,368,60,823,458,8,24,61.03,0,0.139,0.0,5.232,127.80000000000001,89.46000000000001,27,980.0
1999,2,28,16,30,147,243,237,53,752,329,8,24,68.43,0,0.139,0.0,5.238,127.80000000000001,89.48,26,980.0
1999,2,28,17,0,66,476,183,43,639,199,8,24,75.85000000000001,0,0.139,0.1,5.245,115.0,92.54,26,980.0
1999,2,28,17,30,32,350,73,28,440,79,7,24,83.27,4,0.139,0.1,5.2410000000000005,115.0,98.21000000000001,25,980.0
1999,2,28,18,0,0,0,0,0,0,0,7,24,90.7,0,0.139,0.2,5.238,116.60000000000001,96.23,25,980.0
1999,2,28,18,30,0,0,0,0,0,0,7,24,98.13,0,0.139,0.1,5.215,116.60000000000001,100.0,24,980.0
1999,2,28,19,0,0,0,0,0,0,0,7,24,105.56,1,0.139,0.1,5.192,121.9,100.0,24,980.0
1999,2,28,19,30,0,0,0,0,0,0,7,23,112.99000000000001,0,0.139,0.1,5.16,121.9,100.0,24,980.0
1999,2,28,20,0,0,0,0,0,0,0,7,23,120.41,0,0.139,0.1,5.1290000000000004,124.80000000000001,100.0,24,980.0
1999,2,28,20,30,0,0,0,0,0,0,7,23,127.82000000000001,0,0.139,0.1,5.103,124.80000000000001,100.0,23,980.0
1999,2,28,21,0,0,0,0,0,0,0,7,23,135.22,0,0.139,0.1,5.077,131.0,100.0,23,980.0
1999,2,28,21,30,0,0,0,0,0,0,7,23,142.59,0,0.139,0.1,5.062,131.0,100.0,23,980.0
1999,2,28,22,0,0,0,0,0,0,0,7,23,149.91,0,0.139,0.1,5.048,136.5,100.0,23,980.0
1999,2,28,22,30,0,0,0,0,0,0,7,23,157.13,0,0.139,0.1,5.029,136.5,100.0,23,980.0
1999,2,28,23,0,0,0,0,0,0,0,7,23,164.11,0,0.139,0.1,5.0120000000000005,143.1,100.0,23,980.0
1999,2,28,23,30,0,0,0,0,0,0,7,22,170.34,1,0.139,0.1,4.981,143.1,100.0,23,980.0
1999,3,1,0,0,0,0,0,0,0,0,7,22,173.22,1,0.139,0.1,4.952,148.0,100.0,23,980.0
1999,3,1,0,30,0,0,0,0,0,0,7,22,169.49,1,0.139,0.1,4.92,148.0,100.0,22,980.0
1999,3,1,1,0,0,0,0,0,0,0,7,22,163.07,1,0.139,0.1,4.89,146.9,100.0,22,980.0
1999,3,1,1,30,0,0,0,0,0,0,7,22,156.03,0,0.139,0.1,4.864,146.9,100.0,22,980.0
1999,3,1,2,0,0,0,0,0,0,0,8,22,148.78,0,0.139,0.1,4.839,142.3,100.0,22,980.0
1999,3,1,2,30,0,0,0,0,0,0,7,22,141.45000000000002,0,0.139,0.1,4.819,142.3,100.0,22,980.0
1999,3,1,3,0,0,0,0,0,0,0,1,22,134.08,0,0.139,0.1,4.8,140.4,100.0,22,980.0
1999,3,1,3,30,0,0,0,0,0,0,7,21,126.68,0,0.139,0.1,4.788,140.4,100.0,22,980.0
1999,3,1,4,0,0,0,0,0,0,0,7,21,119.26,0,0.139,0.1,4.776,139.6,100.0,22,980.0
1999,3,1,4,30,0,0,0,0,0,0,7,21,111.84,0,0.139,0.2,4.764,139.6,100.0,22,980.0
1999,3,1,5,0,0,0,0,0,0,0,7,21,104.41,0,0.139,0.30000000000000004,4.753,139.3,100.0,22,980.0
1999,3,1,5,30,0,0,0,0,0,0,7,21,96.97,0,0.139,0.2,4.75,139.3,100.0,22,980.0
1999,3,1,6,0,0,0,0,0,0,0,7,22,89.53,0,0.139,0.2,4.748,136.70000000000002,100.0,22,980.0
1999,3,1,6,30,36,0,36,31,488,98,3,22,82.11,0,0.139,0.1,4.766,136.70000000000002,100.0,22,980.0
1999,3,1,7,0,104,100,131,44,667,221,3,23,74.68,0,0.139,0.0,4.7860000000000005,121.9,100.0,23,980.0
1999,3,1,7,30,163,142,218,53,770,351,3,23,67.26,0,0.139,0.0,4.821,121.9,95.13,24,980.0
1999,3,1,8,0,59,837,480,59,837,480,0,22,59.85,0,0.139,0.0,4.856,117.10000000000001,86.61,25,980.0
1999,3,1,8,30,64,882,602,64,882,602,0,22,52.47,0,0.139,0.0,4.8950000000000005,117.10000000000001,81.63,26,980.0
1999,3,1,9,0,68,915,714,68,915,714,0,21,45.1,0,0.139,0.0,4.934,103.30000000000001,71.86,27,980.0
1999,3,1,9,30,399,188,548,71,938,813,3,21,37.79,0,0.139,0.0,4.979,103.30000000000001,71.83,27,980.0
1999,3,1,10,0,446,197,616,73,956,896,3,21,30.55,0,0.139,0.0,5.024,94.60000000000001,67.44,28,980.0
1999,3,1,10,30,441,241,662,74,968,963,7,21,23.47,4,0.139,0.0,5.072,94.60000000000001,67.41,28,980.0
1999,3,1,11,0,198,9,207,76,976,1011,4,21,16.73,0,0.139,0.0,5.12,105.2,64.87,29,980.0
1999,3,1,11,30,499,328,821,76,980,1039,7,21,11.0,0,0.139,0.0,5.162,105.2,64.83,29,980.0
1999,3,1,12,0,424,408,828,77,981,1048,7,22,8.6,4,0.139,0.0,5.204,122.2,62.63,30,980.0
1999,3,1,12,30,364,22,386,77,979,1036,3,22,11.78,0,0.139,0.0,5.24,122.2,62.59,30,980.0
1999,3,1,13,0,348,27,374,76,973,1004,8,22,17.77,4,0.139,0.0,5.277,127.4,64.04,30,980.0
1999,3,1,13,30,472,247,697,75,964,952,7,22,24.580000000000002,0,0.139,0.0,5.311,127.4,67.79,30,980.0
1999,3,1,14,0,436,126,543,74,950,882,8,22,31.7,0,0.139,0.0,5.346,159.8,68.9,30,980.0
1999,3,1,14,30,366,70,421,71,931,796,8,22,38.96,0,0.139,0.0,5.383,159.8,68.89,29,980.0
1999,3,1,15,0,331,245,500,68,906,694,7,23,46.28,0,0.139,0.0,5.421,131.0,71.26,29,980.0
1999,3,1,15,30,246,373,467,64,871,580,8,23,53.65,0,0.139,0.0,5.452,131.0,75.5,28,980.0
1999,3,1,16,0,175,431,384,59,822,457,8,24,61.04,0,0.139,0.0,5.484,99.10000000000001,79.2,28,980.0
1999,3,1,16,30,154,110,194,52,752,328,3,24,68.45,0,0.139,0.0,5.5,99.10000000000001,83.97,27,980.0
1999,3,1,17,0,93,98,117,43,639,199,8,25,75.88,3,0.139,0.0,5.517,145.4,88.89,27,980.0
1999,3,1,17,30,40,57,46,27,440,79,7,25,83.31,4,0.139,0.0,5.517,145.4,94.29,26,980.0
1999,3,1,18,0,0,0,0,0,0,0,7,25,90.74,0,0.139,0.1,5.518,202.9,95.99000000000001,26,980.0
1999,3,1,18,30,0,0,0,0,0,0,7,25,98.18,0,0.139,0.1,5.511,202.9,96.01,26,980.0
1999,3,1,19,0,0,0,0,0,0,0,7,25,105.62,1,0.139,0.2,5.505,209.4,94.7,26,980.0
1999,3,1,19,30,0,0,0,0,0,0,8,25,113.05,0,0.139,0.2,5.4990000000000006,209.4,100.0,26,980.0
1999,3,1,20,0,0,0,0,0,0,0,7,24,120.48,0,0.139,0.2,5.494,208.5,99.05,26,980.0
1999,3,1,20,30,0,0,0,0,0,0,7,24,127.9,0,0.139,0.2,5.502,208.5,99.06,25,980.0
1999,3,1,21,0,0,0,0,0,0,0,3,24,135.31,0,0.139,0.2,5.51,202.0,97.88,25,980.0
1999,3,1,21,30,0,0,0,0,0,0,7,24,142.69,0,0.139,0.2,5.531,202.0,97.87,25,980.0
1999,3,1,22,0,0,0,0,0,0,0,7,24,150.03,0,0.139,0.2,5.553,193.0,97.35000000000001,25,980.0
1999,3,1,22,30,0,0,0,0,0,0,7,24,157.28,0,0.139,0.2,5.587,193.0,100.0,25,980.0
1999,3,1,23,0,0,0,0,0,0,0,7,24,164.31,0,0.139,0.2,5.622,186.0,100.0,25,980.0
1999,3,1,23,30,0,0,0,0,0,0,7,24,170.64000000000001,1,0.139,0.2,5.6850000000000005,186.0,100.0,24,980.0
1999,3,2,0,0,0,0,0,0,0,0,7,24,173.59,1,0.139,0.2,5.748,186.60000000000002,100.0,24,980.0
1999,3,2,0,30,0,0,0,0,0,0,1,24,169.69,1,0.139,0.2,5.8340000000000005,186.60000000000002,100.0,24,980.0
1999,3,2,1,0,0,0,0,0,0,0,1,23,163.16,1,0.139,0.2,5.921,180.3,99.85000000000001,24,980.0
1999,3,2,1,30,0,0,0,0,0,0,1,23,156.08,0,0.139,0.1,6.018,180.3,100.0,23,980.0
1999,3,2,2,0,0,0,0,0,0,0,7,23,148.81,0,0.139,0.1,6.1160000000000005,172.3,100.0,23,980.0
1999,3,2,2,30,0,0,0,0,0,0,7,23,141.46,0,0.139,0.0,6.2,172.3,100.0,23,980.0
1999,3,2,3,0,0,0,0,0,0,0,7,23,134.07,0,0.139,0.0,6.285,189.3,100.0,23,980.0
1999,3,2,3,30,0,0,0,0,0,0,7,23,126.66,0,0.139,0.0,6.272,189.3,100.0,23,980.0
1999,3,2,4,0,0,0,0,0,0,0,7,23,119.23,0,0.139,0.0,6.26,120.4,100.0,23,980.0
1999,3,2,4,30,0,0,0,0,0,0,7,23,111.8,0,0.139,0.0,6.132000000000001,120.4,100.0,23,980.0
1999,3,2,5,0,0,0,0,0,0,0,7,23,104.36,0,0.139,0.0,6.0040000000000004,330.40000000000003,100.0,23,980.0
1999,3,2,5,30,0,0,0,0,0,0,7,23,96.92,0,0.139,0.0,5.8,330.40000000000003,100.0,23,980.0
1999,3,2,6,0,0,0,0,0,0,0,8,23,89.48,0,0.139,0.1,5.596,20.5,100.0,23,980.0
1999,3,2,6,30,48,148,68,34,439,95,8,23,82.04,4,0.139,0.0,5.3950000000000005,20.5,100.0,23,980.0
1999,3,2,7,0,101,207,156,51,626,217,8,24,74.61,0,0.139,0.0,5.194,74.60000000000001,100.0,24,980.0
1999,3,2,7,30,113,523,316,62,736,348,8,24,67.18,0,0.139,0.0,5.0600000000000005,74.60000000000001,100.0,24,980.0
1999,3,2,8,0,173,479,415,71,807,477,8,23,59.77,0,0.139,0.0,4.9270000000000005,70.5,99.56,25,980.0
1999,3,2,8,30,77,855,600,77,855,600,0,23,52.370000000000005,0,0.139,0.0,4.904,70.5,93.79,25,980.0
1999,3,2,9,0,331,79,387,82,890,712,4,24,45.0,0,0.139,0.0,4.881,67.3,88.86,26,980.0
1999,3,2,9,30,370,90,442,86,916,812,8,24,37.67,4,0.139,0.0,4.9030000000000005,67.3,88.83,26,980.0
1999,3,2,10,0,89,936,896,89,936,896,0,23,30.41,0,0.139,0.0,4.925,46.800000000000004,83.52,27,980.0
1999,3,2,10,30,474,262,716,91,949,963,3,23,23.29,0,0.139,0.0,4.95,46.800000000000004,83.48,27,980.0
1999,3,2,11,0,92,959,1012,92,959,1012,1,23,16.5,0,0.139,0.0,4.976,40.6,83.14,28,980.0
1999,3,2,11,30,529,191,717,92,964,1041,3,23,10.67,0,0.139,0.0,5.005,40.6,83.09,28,980.0
1999,3,2,12,0,515,96,611,91,967,1049,4,23,8.22,0,0.139,0.0,5.034,37.5,78.88,28,980.0
1999,3,2,12,30,510,288,792,91,965,1037,3,23,11.540000000000001,0,0.139,0.0,5.065,37.5,78.85000000000001,28,980.0
1999,3,2,13,0,485,86,567,88,962,1005,3,24,17.63,0,0.139,0.0,5.097,36.1,79.98,28,980.0
1999,3,2,13,30,466,276,717,86,952,953,3,24,24.51,0,0.139,0.0,5.135,36.1,79.94,28,980.0
1999,3,2,14,0,82,941,883,82,941,883,0,24,31.66,0,0.139,0.0,5.174,41.0,81.91,28,980.0
1999,3,2,14,30,79,921,796,79,921,796,0,24,38.93,0,0.139,0.0,5.222,41.0,81.91,28,980.0
1999,3,2,15,0,73,898,694,73,898,694,0,25,46.27,0,0.139,0.0,5.271,55.400000000000006,85.01,28,980.0
1999,3,2,15,30,68,862,580,68,862,580,0,25,53.65,0,0.139,0.0,5.316,55.400000000000006,90.12,27,980.0
1999,3,2,16,0,61,816,456,61,816,456,0,25,61.06,0,0.139,0.0,5.362,37.0,92.17,27,980.0
1999,3,2,16,30,148,56,169,54,745,327,3,25,68.48,0,0.139,0.0,5.391,37.0,97.77,26,980.0
1999,3,2,17,0,43,636,198,43,636,198,0,25,75.91,0,0.139,0.1,5.42,14.3,98.8,26,980.0
1999,3,2,17,30,27,435,78,27,435,78,3,25,83.34,4,0.139,0.1,5.433,14.3,100.0,25,980.0
1999,3,2,18,0,0,0,0,0,0,0,7,25,90.78,0,0.139,0.2,5.447,20.5,100.0,25,980.0
1999,3,2,18,30,0,0,0,0,0,0,7,24,98.23,0,0.139,0.1,5.448,20.5,100.0,24,980.0
1999,3,2,19,0,0,0,0,0,0,0,7,24,105.67,1,0.139,0.1,5.45,30.3,100.0,24,980.0
1999,3,2,19,30,0,0,0,0,0,0,6,24,113.11,0,0.139,0.1,5.444,30.3,100.0,24,980.0
1999,3,2,20,0,0,0,0,0,0,0,6,24,120.55,0,0.139,0.1,5.439,35.9,100.0,24,980.0
1999,3,2,20,30,0,0,0,0,0,0,6,24,127.98,0,0.139,0.1,5.418,35.9,100.0,24,980.0
1999,3,2,21,0,0,0,0,0,0,0,7,24,135.4,0,0.139,0.1,5.397,43.1,100.0,24,980.0
1999,3,2,21,30,0,0,0,0,0,0,7,23,142.79,0,0.139,0.0,5.363,43.1,100.0,24,980.0
1999,3,2,22,0,0,0,0,0,0,0,7,23,150.15,0,0.139,0.0,5.329,51.300000000000004,100.0,24,980.0
1999,3,2,22,30,0,0,0,0,0,0,7,23,157.42000000000002,0,0.139,0.0,5.281,51.300000000000004,100.0,24,980.0
1999,3,2,23,0,0,0,0,0,0,0,7,23,164.51,1,0.139,0.0,5.2330000000000005,57.1,100.0,24,980.0
1999,3,2,23,30,0,0,0,0,0,0,7,23,170.93,1,0.139,0.0,5.181,57.1,100.0,23,980.0
1999,3,3,0,0,0,0,0,0,0,0,7,23,173.97,1,0.139,0.0,5.13,62.1,100.0,23,980.0
1999,3,3,0,30,0,0,0,0,0,0,7,23,169.88,1,0.139,0.0,5.0840000000000005,62.1,100.0,23,980.0
1999,3,3,1,0,0,0,0,0,0,0,7,23,163.25,1,0.139,0.0,5.038,65.3,100.0,23,980.0
1999,3,3,1,30,0,0,0,0,0,0,7,23,156.12,0,0.139,0.0,5.008,65.3,100.0,23,980.0
1999,3,3,2,0,0,0,0,0,0,0,4,23,148.82,0,0.139,0.0,4.979,70.0,100.0,23,980.0
1999,3,3,2,30,0,0,0,0,0,0,4,23,141.46,0,0.139,0.0,4.963,70.0,100.0,23,980.0
1999,3,3,3,0,0,0,0,0,0,0,4,23,134.06,0,0.139,0.0,4.947,73.5,100.0,23,980.0
1999,3,3,3,30,0,0,0,0,0,0,4,22,126.64,0,0.139,0.0,4.936,73.5,100.0,23,980.0
1999,3,3,4,0,0,0,0,0,0,0,7,22,119.2,0,0.139,0.0,4.925,78.10000000000001,100.0,23,980.0
1999,3,3,4,30,0,0,0,0,0,0,4,22,111.76,0,0.139,0.0,4.922,78.10000000000001,100.0,22,980.0
1999,3,3,5,0,0,0,0,0,0,0,7,22,104.32000000000001,0,0.139,0.0,4.92,84.7,100.0,22,980.0
1999,3,3,5,30,0,0,0,0,0,0,7,22,96.87,0,0.139,0.0,4.933,84.7,100.0,22,980.0
1999,3,3,6,0,0,0,0,0,0,0,8,22,89.42,0,0.139,0.0,4.946,88.80000000000001,100.0,22,980.0
1999,3,3,6,30,44,283,84,31,484,99,7,22,81.98,0,0.139,0.0,4.973,88.80000000000001,100.0,22,980.0
1999,3,3,7,0,65,0,65,45,665,222,8,23,74.54,0,0.139,0.0,5.0,89.80000000000001,100.0,23,980.0
1999,3,3,7,30,115,511,314,54,767,352,7,23,67.11,0,0.139,0.0,5.0280000000000005,89.80000000000001,100.0,23,980.0
1999,3,3,8,0,59,835,481,59,835,481,1,23,59.68,0,0.139,0.0,5.057,91.7,100.0,24,980.0
1999,3,3,8,30,64,880,603,64,880,603,0,23,52.28,0,0.139,0.0,5.086,91.7,100.0,24,980.0
1999,3,3,9,0,335,278,532,67,914,714,8,24,44.89,0,0.139,0.0,5.115,93.80000000000001,100.0,24,980.0
1999,3,3,9,30,70,937,813,70,937,813,0,24,37.54,0,0.139,0.0,5.15,93.80000000000001,100.0,24,980.0
1999,3,3,10,0,71,955,897,71,955,897,0,24,30.26,0,0.139,0.0,5.1850000000000005,96.60000000000001,95.9,25,980.0
1999,3,3,10,30,73,967,963,73,967,963,8,24,23.11,4,0.139,0.0,5.218,96.60000000000001,95.86,25,980.0
1999,3,3,11,0,444,47,490,74,976,1011,4,23,16.27,0,0.139,0.0,5.252,101.0,93.64,26,980.0
1999,3,3,11,30,509,93,601,75,980,1039,4,23,10.35,0,0.139,0.0,5.282,101.0,93.59,26,980.0
1999,3,3,12,0,502,336,835,75,981,1047,3,23,7.84,0,0.139,0.0,5.313,104.60000000000001,86.74,26,980.0
1999,3,3,12,30,526,161,685,75,979,1035,4,23,11.31,0,0.139,0.0,5.337,104.60000000000001,86.71000000000001,26,980.0
1999,3,3,13,0,486,308,780,75,973,1003,3,23,17.51,0,0.139,0.0,5.361,105.30000000000001,86.81,26,980.0
1999,3,3,13,30,73,964,951,73,964,951,0,23,24.44,0,0.139,0.0,5.381,105.30000000000001,92.07000000000001,26,980.0
1999,3,3,14,0,409,357,713,72,950,881,8,23,31.62,0,0.139,0.0,5.402,107.0,93.55,26,980.0
1999,3,3,14,30,391,143,502,70,931,795,6,23,38.910000000000004,0,0.139,0.0,5.414,107.0,93.54,25,980.0
1999,3,3,15,0,336,137,431,66,906,693,6,24,46.27,0,0.139,0.0,5.4270000000000005,79.4,96.94,25,980.0
1999,3,3,15,30,153,0,153,62,872,579,6,24,53.660000000000004,0,0.139,0.0,5.433,79.4,96.94,25,980.0
1999,3,3,16,0,132,0,132,57,825,456,6,24,61.08,0,0.139,0.0,5.439,57.6,98.72,25,980.0
1999,3,3,16,30,26,0,26,50,755,327,6,24,68.5,0,0.139,0.0,5.444,57.6,100.0,24,980.0
1999,3,3,17,0,76,0,76,40,646,197,6,24,75.94,0,0.139,0.1,5.45,43.6,100.0,24,980.0
1999,3,3,17,30,30,0,30,26,446,78,6,24,83.38,4,0.139,0.1,5.452,43.6,100.0,24,980.0
1999,3,3,18,0,0,0,0,0,0,0,6,23,90.83,0,0.139,0.2,5.454,5.6000000000000005,97.55,24,980.0
1999,3,3,18,30,0,0,0,0,0,0,6,23,98.28,0,0.139,0.2,5.455,5.6000000000000005,97.58,24,980.0
1999,3,3,19,0,0,0,0,0,0,0,6,23,105.73,1,0.139,0.30000000000000004,5.456,355.6,96.38,24,980.0
1999,3,3,19,30,0,0,0,0,0,0,7,23,113.18,0,0.139,0.30000000000000004,5.458,355.6,100.0,24,980.0
1999,3,3,20,0,0,0,0,0,0,0,6,23,120.62,0,0.139,0.4,5.46,354.1,100.0,24,980.0
1999,3,3,20,30,0,0,0,0,0,0,6,23,128.06,0,0.139,0.4,5.4510000000000005,354.1,100.0,23,980.0
1999,3,3,21,0,0,0,0,0,0,0,6,23,135.49,0,0.139,0.4,5.442,355.20000000000005,100.0,23,980.0
1999,3,3,21,30,0,0,0,0,0,0,7,22,142.89000000000001,0,0.139,0.4,5.414,355.20000000000005,100.0,22,980.0
1999,3,3,22,0,0,0,0,0,0,0,6,22,150.27,0,0.139,0.4,5.386,355.5,100.0,22,980.0
1999,3,3,22,30,0,0,0,0,0,0,6,22,157.57,0,0.139,0.2,5.341,355.5,100.0,22,980.0
1999,3,3,23,0,0,0,0,0,0,0,6,22,164.70000000000002,1,0.139,0.1,5.297,352.0,100.0,22,980.0
1999,3,3,23,30,0,0,0,0,0,0,6,22,171.22,1,0.139,0.1,5.249,352.0,100.0,22,980.0
1999,3,4,0,0,0,0,0,0,0,0,6,22,174.34,1,0.139,0.1,5.2010000000000005,341.40000000000003,100.0,22,980.0
1999,3,4,0,30,0,0,0,0,0,0,8,22,170.05,1,0.139,0.0,5.16,341.40000000000003,100.0,22,980.0
1999,3,4,1,0,0,0,0,0,0,0,8,22,163.33,1,0.139,0.0,5.119,327.3,100.0,22,980.0
1999,3,4,1,30,0,0,0,0,0,0,8,21,156.15,0,0.139,0.0,5.085,327.3,100.0,22,980.0
1999,3,4,2,0,0,0,0,0,0,0,8,21,148.83,0,0.139,0.1,5.051,317.0,100.0,22,980.0
1999,3,4,2,30,0,0,0,0,0,0,8,21,141.45000000000002,0,0.139,0.1,5.021,317.0,100.0,21,980.0
1999,3,4,3,0,0,0,0,0,0,0,8,21,134.04,0,0.139,0.2,4.9910000000000005,305.0,100.0,21,980.0
1999,3,4,3,30,0,0,0,0,0,0,8,21,126.61,1,0.139,0.2,4.968,305.0,100.0,21,980.0
1999,3,4,4,0,0,0,0,0,0,0,8,21,119.17,0,0.139,0.30000000000000004,4.946,297.8,100.0,21,980.0
1999,3,4,4,30,0,0,0,0,0,0,7,21,111.72,0,0.139,0.30000000000000004,4.936,297.8,100.0,21,980.0
1999,3,4,5,0,0,0,0,0,0,0,8,21,104.27,0,0.139,0.4,4.926,302.8,100.0,21,980.0
1999,3,4,5,30,0,0,0,0,0,0,4,21,96.82000000000001,0,0.139,0.30000000000000004,4.936,302.8,100.0,21,980.0
1999,3,4,6,0,0,0,0,0,0,0,3,22,89.36,0,0.139,0.2,4.946,323.70000000000005,100.0,22,980.0
1999,3,4,6,30,31,492,100,31,492,100,0,22,81.91,0,0.139,0.1,4.981,323.70000000000005,100.0,22,980.0
1999,3,4,7,0,65,0,65,44,670,224,4,22,74.47,0,0.139,0.0,5.016,40.2,100.0,23,980.0
1999,3,4,7,30,148,25,159,53,770,354,3,23,67.03,0,0.139,0.0,5.061,40.2,100.0,23,980.0
1999,3,4,8,0,227,159,308,58,837,482,3,24,59.6,0,0.139,0.0,5.1080000000000005,58.800000000000004,100.0,24,980.0
1999,3,4,8,30,222,16,232,63,882,604,3,24,52.18,0,0.139,0.0,5.1530000000000005,58.800000000000004,100.0,24,980.0
1999,3,4,9,0,331,298,543,66,914,715,3,24,44.78,0,0.139,0.0,5.198,62.2,94.31,25,980.0
1999,3,4,9,30,342,420,677,69,937,814,3,24,37.42,0,0.139,0.0,5.229,62.2,94.28,25,980.0
1999,3,4,10,0,402,381,732,72,954,898,3,23,30.12,0,0.139,0.0,5.261,59.1,86.85000000000001,26,980.0
1999,3,4,10,30,74,966,964,74,966,964,0,23,22.94,0,0.139,0.0,5.271,59.1,86.81,26,980.0
1999,3,4,11,0,76,973,1012,76,973,1012,0,23,16.04,0,0.139,0.0,5.281,52.300000000000004,80.75,27,980.0
1999,3,4,11,30,474,57,530,77,978,1041,2,23,10.03,0,0.139,0.0,5.282,52.300000000000004,80.69,27,980.0
1999,3,4,12,0,78,979,1049,78,979,1049,0,23,7.47,0,0.139,0.0,5.283,45.7,80.81,27,980.0
1999,3,4,12,30,78,977,1037,78,977,1037,0,23,11.09,0,0.139,0.0,5.28,45.7,80.76,27,980.0
1999,3,4,13,0,78,971,1005,78,971,1005,0,23,17.39,0,0.139,0.0,5.2780000000000005,42.7,81.06,28,980.0
1999,3,4,13,30,76,962,953,76,962,953,0,23,24.37,0,0.139,0.0,5.281,42.7,81.02,28,980.0
1999,3,4,14,0,75,948,883,75,948,883,0,23,31.580000000000002,0,0.139,0.0,5.284,48.400000000000006,82.01,28,980.0
1999,3,4,14,30,368,72,424,72,929,796,3,23,38.9,0,0.139,0.0,5.301,48.400000000000006,82.0,27,980.0
1999,3,4,15,0,70,902,694,70,902,694,0,24,46.27,0,0.139,0.0,5.3180000000000005,55.7,86.45,27,980.0
1999,3,4,15,30,65,867,579,65,867,579,0,24,53.67,0,0.139,0.0,5.3420000000000005,55.7,91.68,27,980.0
1999,3,4,16,0,61,816,456,61,816,456,0,25,61.1,0,0.139,0.0,5.367,58.800000000000004,95.83,27,980.0
1999,3,4,16,30,54,744,326,54,744,326,0,25,68.53,0,0.139,0.0,5.399,58.800000000000004,100.0,26,980.0
1999,3,4,17,0,44,627,196,44,627,196,0,25,75.97,0,0.139,0.1,5.431,38.400000000000006,100.0,26,980.0
1999,3,4,17,30,28,422,76,28,422,76,0,25,83.42,0,0.139,0.1,5.455,38.400000000000006,100.0,25,980.0
1999,3,4,18,0,0,0,0,0,0,0,0,24,90.87,0,0.139,0.2,5.481,26.1,96.65,25,980.0
1999,3,4,18,30,0,0,0,0,0,0,0,24,98.33,0,0.139,0.2,5.486,26.1,100.0,24,980.0
1999,3,4,19,0,0,0,0,0,0,0,0,24,105.79,1,0.139,0.30000000000000004,5.492,21.400000000000002,100.0,24,980.0
1999,3,4,19,30,0,0,0,0,0,0,8,24,113.24000000000001,0,0.139,0.30000000000000004,5.466,21.400000000000002,100.0,24,980.0
1999,3,4,20,0,0,0,0,0,0,0,7,24,120.69,0,0.139,0.30000000000000004,5.44,16.400000000000002,100.0,24,980.0
1999,3,4,20,30,0,0,0,0,0,0,7,23,128.14000000000001,0,0.139,0.2,5.378,16.400000000000002,100.0,23,980.0
1999,3,4,21,0,0,0,0,0,0,0,7,23,135.57,0,0.139,0.2,5.317,12.0,100.0,23,980.0
1999,3,4,21,30,0,0,0,0,0,0,8,23,142.99,0,0.139,0.2,5.234,12.0,100.0,23,980.0
1999,3,4,22,0,0,0,0,0,0,0,7,23,150.38,0,0.139,0.2,5.1530000000000005,9.5,100.0,23,980.0
1999,3,4,22,30,0,0,0,0,0,0,7,23,157.71,0,0.139,0.1,5.071,9.5,100.0,23,980.0
1999,3,4,23,0,0,0,0,0,0,0,7,23,164.88,1,0.139,0.1,4.99,6.7,100.0,23,980.0
1999,3,4,23,30,0,0,0,0,0,0,7,23,171.5,1,0.139,0.0,4.914,6.7,100.0,23,980.0
1999,3,5,0,0,0,0,0,0,0,0,7,23,174.72,1,0.139,0.0,4.839,3.0,100.0,23,980.0
1999,3,5,0,30,0,0,0,0,0,0,7,22,170.22,1,0.139,0.0,4.784,3.0,100.0,23,980.0
1999,3,5,1,0,0,0,0,0,0,0,7,22,163.4,1,0.139,0.0,4.729,358.0,100.0,23,980.0
1999,3,5,1,30,0,0,0,0,0,0,7,22,156.18,0,0.139,0.0,4.699,358.0,100.0,22,980.0
1999,3,5,2,0,0,0,0,0,0,0,7,22,148.84,0,0.139,0.0,4.67,354.90000000000003,100.0,22,980.0
1999,3,5,2,30,0,0,0,0,0,0,8,22,141.44,0,0.139,0.0,4.658,354.90000000000003,100.0,22,980.0
1999,3,5,3,0,0,0,0,0,0,0,7,22,134.02,0,0.139,0.0,4.647,351.20000000000005,100.0,22,980.0
1999,3,5,3,30,0,0,0,0,0,0,3,22,126.58,0,0.139,0.0,4.647,351.20000000000005,100.0,22,980.0
1999,3,5,4,0,0,0,0,0,0,0,7,22,119.13,0,0.139,0.0,4.647,342.3,100.0,22,980.0
1999,3,5,4,30,0,0,0,0,0,0,3,22,111.68,0,0.139,0.0,4.647,342.3,100.0,22,980.0
1999,3,5,5,0,0,0,0,0,0,0,7,22,104.22,0,0.139,0.0,4.648,328.1,100.0,22,980.0
1999,3,5,5,30,0,0,0,0,0,0,0,22,96.76,0,0.139,0.0,4.654,328.1,100.0,22,980.0
1999,3,5,6,0,0,0,0,0,0,0,0,22,89.3,0,0.139,0.0,4.6610000000000005,328.6,100.0,22,980.0
1999,3,5,6,30,47,0,47,35,451,99,8,22,81.85000000000001,0,0.139,0.0,4.695,328.6,100.0,22,980.0
1999,3,5,7,0,78,0,78,52,632,222,8,23,74.39,0,0.139,0.0,4.729,4.0,100.0,23,980.0
1999,3,5,7,30,111,0,111,63,739,353,6,23,66.95,0,0.139,0.0,4.773,4.0,100.0,24,980.0
1999,3,5,8,0,228,153,305,71,809,482,8,24,59.51,0,0.139,0.0,4.817,23.8,100.0,25,980.0
1999,3,5,8,30,213,513,529,77,857,604,7,24,52.08,0,0.139,0.0,4.854,23.8,97.57000000000001,25,980.0
1999,3,5,9,0,340,257,523,82,892,716,3,23,44.68,0,0.139,0.0,4.892,16.6,87.45,26,980.0
1999,3,5,9,30,296,544,729,86,917,816,7,23,37.300000000000004,0,0.139,0.0,4.922,16.6,87.43,27,980.0
1999,3,5,10,0,89,935,899,89,935,899,1,23,29.98,0,0.139,0.0,4.952,21.900000000000002,79.10000000000001,28,980.0
1999,3,5,10,30,92,948,966,92,948,966,1,23,22.77,0,0.139,0.0,4.987,21.900000000000002,79.06,28,980.0
1999,3,5,11,0,502,108,606,95,954,1014,3,22,15.82,0,0.139,0.0,5.023,32.5,74.25,28,980.0
1999,3,5,11,30,452,44,496,96,959,1042,4,22,9.71,0,0.139,0.0,5.058,32.5,74.21000000000001,28,980.0
1999,3,5,12,0,511,88,599,99,957,1049,7,23,7.09,0,0.139,0.0,5.093,40.800000000000004,74.44,28,980.0
1999,3,5,12,30,439,39,478,98,955,1036,4,23,10.88,0,0.139,0.0,5.125,40.800000000000004,74.4,28,980.0
1999,3,5,13,0,462,366,812,100,945,1002,3,23,17.28,0,0.139,0.0,5.157,49.300000000000004,74.86,28,980.0
1999,3,5,13,30,456,84,534,98,934,950,6,23,24.310000000000002,0,0.139,0.0,5.188,49.300000000000004,74.82000000000001,28,980.0
1999,3,5,14,0,395,55,442,97,917,879,6,23,31.560000000000002,0,0.139,0.0,5.219,54.0,76.59,28,980.0
1999,3,5,14,30,273,17,286,93,896,791,6,23,38.89,0,0.139,0.0,5.247,54.0,76.57000000000001,28,980.0
1999,3,5,15,0,243,15,254,88,868,689,6,24,46.28,0,0.139,0.0,5.275,73.9,80.02,28,980.0
1999,3,5,15,30,272,99,330,82,830,574,6,24,53.69,0,0.139,0.0,5.306,73.9,84.82000000000001,27,980.0
1999,3,5,16,0,206,256,330,74,777,450,7,24,61.120000000000005,0,0.139,0.0,5.337,85.30000000000001,87.76,27,980.0
1999,3,5,16,30,130,369,264,65,698,320,8,24,68.56,0,0.139,0.0,5.355,85.30000000000001,93.08,26,980.0
1999,3,5,17,0,76,370,166,52,577,191,8,25,76.01,0,0.139,0.1,5.3740000000000006,66.0,95.35000000000001,26,980.0
1999,3,5,17,30,36,241,63,32,364,73,7,25,83.47,4,0.139,0.1,5.361,66.0,100.0,26,980.0
1999,3,5,18,0,0,0,0,0,0,0,7,25,90.92,0,0.139,0.2,5.349,74.3,100.0,26,980.0
1999,3,5,18,30,0,0,0,0,0,0,7,25,98.39,0,0.139,0.2,5.307,74.3,100.0,25,980.0
1999,3,5,19,0,0,0,0,0,0,0,7,24,105.85000000000001,1,0.139,0.2,5.265,73.60000000000001,98.85000000000001,25,980.0
1999,3,5,19,30,0,0,0,0,0,0,7,24,113.31,0,0.139,0.2,5.196,73.60000000000001,100.0,24,980.0
1999,3,5,20,0,0,0,0,0,0,0,7,24,120.77,0,0.139,0.2,5.1290000000000004,70.60000000000001,100.0,24,980.0
1999,3,5,20,30,0,0,0,0,0,0,7,24,128.22,0,0.139,0.2,5.022,70.60000000000001,100.0,24,980.0
1999,3,5,21,0,0,0,0,0,0,0,7,24,135.66,0,0.139,0.2,4.915,69.4,100.0,24,980.0
1999,3,5,21,30,0,0,0,0,0,0,7,23,143.09,0,0.139,0.1,4.7700000000000005,69.4,100.0,24,980.0
1999,3,5,22,0,0,0,0,0,0,0,7,23,150.5,0,0.139,0.1,4.626,71.7,100.0,24,980.0
1999,3,5,22,30,0,0,0,0,0,0,7,23,157.84,0,0.139,0.1,4.471,71.7,100.0,23,980.0
1999,3,5,23,0,0,0,0,0,0,0,7,23,165.06,1,0.139,0.1,4.3180000000000005,74.5,100.0,23,980.0
1999,3,5,23,30,0,0,0,0,0,0,7,23,171.78,1,0.139,0.1,4.183,74.5,100.0,23,980.0
1999,3,6,0,0,0,0,0,0,0,0,7,23,175.09,1,0.139,0.1,4.05,76.0,100.0,23,980.0
1999,3,6,0,30,0,0,0,0,0,0,3,22,170.37,1,0.139,0.1,3.958,76.0,100.0,23,980.0
1999,3,6,1,0,0,0,0,0,0,0,3,22,163.46,1,0.139,0.1,3.868,75.5,100.0,23,980.0
1999,3,6,1,30,0,0,0,0,0,0,3,22,156.20000000000002,0,0.139,0.1,3.801,75.5,100.0,22,980.0
1999,3,6,2,0,0,0,0,0,0,0,3,22,148.84,0,0.139,0.2,3.735,75.4,100.0,22,980.0
1999,3,6,2,30,0,0,0,0,0,0,1,22,141.43,0,0.139,0.2,3.682,75.4,100.0,22,980.0
1999,3,6,3,0,0,0,0,0,0,0,1,22,133.99,0,0.139,0.2,3.629,76.5,100.0,22,980.0
1999,3,6,3,30,0,0,0,0,0,0,0,22,126.54,0,0.139,0.2,3.583,76.5,100.0,22,980.0
1999,3,6,4,0,0,0,0,0,0,0,7,22,119.09,0,0.139,0.30000000000000004,3.537,79.10000000000001,100.0,22,980.0
1999,3,6,4,30,0,0,0,0,0,0,1,21,111.63,0,0.139,0.30000000000000004,3.496,79.10000000000001,100.0,22,980.0
1999,3,6,5,0,0,0,0,0,0,0,3,21,104.17,0,0.139,0.30000000000000004,3.456,81.0,100.0,22,980.0
1999,3,6,5,30,0,0,0,0,0,0,0,21,96.7,0,0.139,0.2,3.43,81.0,100.0,22,980.0
1999,3,6,6,0,0,0,0,0,0,0,0,22,89.24,0,0.139,0.2,3.4050000000000002,82.4,100.0,22,980.0
1999,3,6,6,30,36,468,103,36,468,103,0,22,81.78,0,0.139,0.1,3.415,82.4,99.44,23,980.0
1999,3,6,7,0,52,655,229,52,655,229,0,23,74.32000000000001,0,0.139,0.0,3.4250000000000003,64.9,95.38,24,980.0
1999,3,6,7,30,63,760,362,63,760,362,0,23,66.87,0,0.139,0.0,3.481,64.9,89.88,25,980.0
1999,3,6,8,0,225,98,276,71,829,492,3,22,59.42,0,0.139,0.0,3.5380000000000003,44.800000000000004,82.21000000000001,26,980.0
1999,3,6,8,30,77,875,616,77,875,616,0,22,51.99,0,0.139,0.0,3.62,44.800000000000004,82.22,26,980.0
1999,3,6,9,0,82,907,729,82,907,729,0,22,44.57,0,0.139,0.0,3.702,43.2,76.83,27,980.0
1999,3,6,9,30,86,930,828,86,930,828,0,22,37.18,0,0.139,0.0,3.7920000000000003,43.2,76.8,27,980.0
1999,3,6,10,0,91,946,912,91,946,912,0,22,29.84,0,0.139,0.0,3.882,46.800000000000004,73.2,28,980.0
1999,3,6,10,30,93,958,978,93,958,978,0,22,22.6,0,0.139,0.0,3.958,46.800000000000004,73.17,28,980.0
1999,3,6,11,0,95,965,1025,95,965,1025,0,22,15.6,0,0.139,0.0,4.035,47.2,70.0,29,980.0
1999,3,6,11,30,96,969,1053,96,969,1053,0,22,9.39,0,0.139,0.0,4.094,47.2,69.96000000000001,29,980.0
1999,3,6,12,0,99,967,1060,99,967,1060,0,23,6.71,0,0.139,0.0,4.155,48.900000000000006,70.35000000000001,29,980.0
1999,3,6,12,30,440,39,479,98,964,1046,3,23,10.68,0,0.139,0.0,4.207,48.900000000000006,70.31,29,980.0
1999,3,6,13,0,100,954,1012,100,954,1012,0,23,17.19,0,0.139,0.0,4.26,48.7,70.86,29,980.0
1999,3,6,13,30,98,944,958,98,944,958,0,23,24.27,0,0.139,0.0,4.309,48.7,70.83,29,980.0
1999,3,6,14,0,95,928,886,95,928,886,0,23,31.54,0,0.139,0.0,4.359,53.2,72.67,29,980.0
1999,3,6,14,30,92,907,798,92,907,798,0,23,38.89,0,0.139,0.0,4.398,53.2,76.98,29,980.0
1999,3,6,15,0,84,885,696,84,885,696,0,24,46.29,0,0.139,0.0,4.438,62.300000000000004,80.09,29,980.0
1999,3,6,15,30,78,847,580,78,847,580,0,24,53.71,0,0.139,0.0,4.441,62.300000000000004,80.09,28,980.0
1999,3,6,16,0,69,801,456,69,801,456,0,24,61.15,0,0.139,0.0,4.444,72.5,83.0,28,980.0
1999,3,6,16,30,60,726,326,60,726,326,0,24,68.60000000000001,0,0.139,0.0,4.423,72.5,88.0,27,980.0
1999,3,6,17,0,48,611,195,48,611,195,0,25,76.05,0,0.139,0.1,4.404,44.900000000000006,91.68,27,980.0
1999,3,6,17,30,30,401,75,30,401,75,0,25,83.51,0,0.139,0.2,4.38,44.900000000000006,97.25,26,980.0
1999,3,6,18,0,0,0,0,0,0,0,0,25,90.97,0,0.139,0.30000000000000004,4.357,39.0,96.10000000000001,26,980.0
1999,3,6,18,30,0,0,0,0,0,0,0,25,98.44,0,0.139,0.30000000000000004,4.338,39.0,100.0,25,980.0
1999,3,6,19,0,0,0,0,0,0,0,0,24,105.91,1,0.139,0.4,4.32,36.1,98.83,25,980.0
1999,3,6,19,30,0,0,0,0,0,0,0,24,113.37,0,0.139,0.30000000000000004,4.307,36.1,100.0,24,980.0
1999,3,6,20,0,0,0,0,0,0,0,0,24,120.84,0,0.139,0.30000000000000004,4.2940000000000005,35.0,100.0,24,980.0
1999,3,6,20,30,0,0,0,0,0,0,0,23,128.3,0,0.139,0.2,4.284,35.0,100.0,24,980.0
1999,3,6,21,0,0,0,0,0,0,0,0,23,135.75,0,0.139,0.2,4.275,36.800000000000004,100.0,24,980.0
1999,3,6,21,30,0,0,0,0,0,0,0,23,143.19,0,0.139,0.1,4.284,36.800000000000004,100.0,23,980.0
1999,3,6,22,0,0,0,0,0,0,0,0,23,150.61,0,0.139,0.1,4.293,39.800000000000004,100.0,23,980.0
1999,3,6,22,30,0,0,0,0,0,0,0,23,157.98,0,0.139,0.1,4.309,39.800000000000004,100.0,23,980.0
1999,3,6,23,0,0,0,0,0,0,0,0,23,165.23,1,0.139,0.1,4.3260000000000005,40.1,100.0,23,980.0
1999,3,6,23,30,0,0,0,0,0,0,0,22,172.05,1,0.139,0.0,4.33,40.1,100.0,23,980.0
1999,3,7,0,0,0,0,0,0,0,0,0,22,175.46,1,0.139,0.0,4.3340000000000005,36.300000000000004,100.0,23,980.0
1999,3,7,0,30,0,0,0,0,0,0,0,22,170.5,1,0.139,0.0,4.312,36.300000000000004,100.0,22,980.0
1999,3,7,1,0,0,0,0,0,0,0,0,22,163.51,1,0.139,0.1,4.291,28.8,100.0,22,980.0
1999,3,7,1,30,0,0,0,0,0,0,0,22,156.22,0,0.139,0.1,4.224,28.8,100.0,22,980.0
1999,3,7,2,0,0,0,0,0,0,0,0,22,148.83,0,0.139,0.1,4.158,34.2,100.0,22,980.0
1999,3,7,2,30,0,0,0,0,0,0,0,22,141.4,0,0.139,0.1,4.043,34.2,100.0,22,980.0
1999,3,7,3,0,0,0,0,0,0,0,0,22,133.96,0,0.139,0.1,3.928,42.800000000000004,100.0,22,980.0
1999,3,7,3,30,0,0,0,0,0,0,0,21,126.51,0,0.139,0.1,3.771,42.800000000000004,100.0,21,980.0
1999,3,7,4,0,0,0,0,0,0,0,0,21,119.04,0,0.139,0.1,3.615,53.400000000000006,100.0,21,980.0
1999,3,7,4,30,0,0,0,0,0,0,0,21,111.58,0,0.139,0.1,3.443,53.400000000000006,100.0,21,980.0
1999,3,7,5,0,0,0,0,0,0,0,3,21,104.11,0,0.139,0.1,3.2720000000000002,64.2,100.0,21,980.0
1999,3,7,5,30,0,0,0,0,0,0,3,21,96.64,0,0.139,0.0,3.111,64.2,100.0,21,980.0
1999,3,7,6,0,0,0,0,0,0,0,3,22,89.17,0,0.139,0.0,2.951,68.2,100.0,22,980.0
1999,3,7,6,30,39,0,39,39,446,104,4,22,81.71000000000001,0,0.139,0.0,2.832,68.2,98.58,23,980.0
1999,3,7,7,0,107,101,135,57,640,231,3,23,74.24,0,0.139,0.0,2.714,68.0,98.83,24,980.0
1999,3,7,7,30,167,149,226,70,751,366,3,23,66.79,0,0.139,0.0,2.654,68.0,93.12,25,980.0
1999,3,7,8,0,77,829,500,77,829,500,0,23,59.33,0,0.139,0.0,2.594,49.6,87.60000000000001,26,980.0
1999,3,7,8,30,84,878,626,84,878,626,0,23,51.89,0,0.139,0.0,2.585,49.6,87.60000000000001,27,980.0
1999,3,7,9,0,89,915,743,89,915,743,0,22,44.46,0,0.139,0.0,2.577,33.6,76.28,28,980.0
1999,3,7,9,30,93,940,844,93,940,844,1,22,37.06,0,0.139,0.0,2.617,33.6,76.26,28,980.0
1999,3,7,10,0,97,958,929,97,958,929,0,21,29.71,0,0.139,0.0,2.657,29.1,69.74,29,980.0
1999,3,7,10,30,469,294,741,100,970,996,4,21,22.44,0,0.139,0.0,2.722,29.1,69.71000000000001,29,980.0
1999,3,7,11,0,452,392,830,103,976,1044,3,21,15.39,0,0.139,0.0,2.787,28.400000000000002,65.24,29,980.0
1999,3,7,11,30,455,429,879,104,979,1071,3,21,9.08,0,0.139,0.0,2.852,28.400000000000002,65.21000000000001,29,980.0
1999,3,7,12,0,106,977,1078,106,977,1078,0,21,6.33,0,0.139,0.0,2.919,27.900000000000002,65.49,30,980.0
1999,3,7,12,30,105,974,1063,105,974,1063,1,21,10.49,0,0.139,0.0,2.975,27.900000000000002,65.46000000000001,30,980.0
1999,3,7,13,0,431,464,875,106,965,1028,3,22,17.1,0,0.139,0.0,3.032,25.900000000000002,66.4,30,980.0
1999,3,7,13,30,104,953,973,104,953,973,0,22,24.22,0,0.139,0.0,3.079,25.900000000000002,66.37,29,980.0
1999,3,7,14,0,103,934,899,103,934,899,0,22,31.52,0,0.139,0.0,3.1270000000000002,25.200000000000003,68.16,29,980.0
1999,3,7,14,30,99,912,809,99,912,809,0,22,38.89,1,0.139,0.0,3.166,25.200000000000003,68.14,29,980.0
1999,3,7,15,0,95,880,703,95,880,703,0,23,46.300000000000004,1,0.139,0.0,3.205,28.700000000000003,71.25,29,980.0
1999,3,7,15,30,88,840,585,88,840,585,0,23,53.730000000000004,0,0.139,0.0,3.231,28.700000000000003,75.49,28,980.0
1999,3,7,16,0,81,781,458,81,781,458,0,23,61.18,1,0.139,0.0,3.258,30.8,77.59,28,980.0
1999,3,7,16,30,71,699,325,71,699,325,0,23,68.63,0,0.139,0.0,3.2720000000000002,30.8,82.26,27,980.0
1999,3,7,17,0,55,576,194,55,576,194,0,24,76.10000000000001,0,0.139,0.1,3.2880000000000003,30.8,84.81,27,980.0
1999,3,7,17,30,34,354,73,34,354,73,0,24,83.56,0,0.139,0.1,3.295,30.8,89.96000000000001,26,980.0
1999,3,7,18,0,0,0,0,0,0,0,0,24,91.03,0,0.139,0.2,3.303,28.5,94.57000000000001,25,980.0
1999,3,7,18,30,0,0,0,0,0,0,0,24,98.5,0,0.139,0.2,3.2960000000000003,28.5,100.0,24,980.0
1999,3,7,19,0,0,0,0,0,0,0,0,23,105.97,1,0.139,0.2,3.289,34.6,97.65,24,980.0
1999,3,7,19,30,0,0,0,0,0,0,0,23,113.44,1,0.139,0.1,3.262,34.6,100.0,24,980.0
1999,3,7,20,0,0,0,0,0,0,0,0,23,120.91,1,0.139,0.1,3.235,42.300000000000004,100.0,24,980.0
1999,3,7,20,30,0,0,0,0,0,0,0,23,128.38,1,0.139,0.0,3.188,42.300000000000004,100.0,23,980.0
1999,3,7,21,0,0,0,0,0,0,0,0,23,135.84,1,0.139,0.0,3.142,41.5,100.0,23,980.0
1999,3,7,21,30,0,0,0,0,0,0,0,23,143.28,0,0.139,0.0,3.094,41.5,100.0,23,980.0
1999,3,7,22,0,0,0,0,0,0,0,0,23,150.72,1,0.139,0.0,3.0460000000000003,40.400000000000006,100.0,23,980.0
1999,3,7,22,30,0,0,0,0,0,0,0,22,158.11,1,0.139,0.0,3.007,40.400000000000006,100.0,23,980.0
1999,3,7,23,0,0,0,0,0,0,0,0,22,165.4,1,0.139,0.0,2.969,34.5,100.0,23,980.0
1999,3,7,23,30,0,0,0,0,0,0,0,22,172.31,1,0.139,0.0,2.9330000000000003,34.5,100.0,22,980.0
1999,3,8,0,0,0,0,0,0,0,0,0,22,175.83,1,0.139,0.0,2.8970000000000002,29.0,100.0,22,980.0
1999,3,8,0,30,0,0,0,0,0,0,0,21,170.62,1,0.139,0.0,2.851,29.0,100.0,22,980.0
1999,3,8,1,0,0,0,0,0,0,0,0,21,163.55,1,0.139,0.0,2.805,28.900000000000002,100.0,22,980.0
1999,3,8,1,30,0,0,0,0,0,0,0,21,156.22,0,0.139,0.0,2.742,28.900000000000002,100.0,21,980.0
1999,3,8,2,0,0,0,0,0,0,0,0,21,148.82,0,0.139,0.1,2.6790000000000003,29.8,100.0,21,980.0
1999,3,8,2,30,0,0,0,0,0,0,0,21,141.38,0,0.139,0.1,2.614,29.8,100.0,21,980.0
1999,3,8,3,0,0,0,0,0,0,0,0,21,133.93,0,0.139,0.2,2.5500000000000003,30.700000000000003,100.0,21,980.0
1999,3,8,3,30,0,0,0,0,0,0,0,20,126.46000000000001,0,0.139,0.30000000000000004,2.501,30.700000000000003,100.0,21,980.0
1999,3,8,4,0,0,0,0,0,0,0,0,20,119.0,0,0.139,0.4,2.452,33.2,100.0,21,980.0
1999,3,8,4,30,0,0,0,0,0,0,1,20,111.53,0,0.139,0.4,2.43,33.2,100.0,20,980.0
1999,3,8,5,0,0,0,0,0,0,0,0,20,104.05,0,0.139,0.5,2.4090000000000003,40.800000000000004,100.0,20,980.0
1999,3,8,5,30,0,0,0,0,0,0,1,20,96.58,0,0.139,0.4,2.4090000000000003,40.800000000000004,100.0,20,980.0
1999,3,8,6,0,0,0,0,0,0,0,0,21,89.10000000000001,0,0.139,0.30000000000000004,2.41,48.7,100.0,21,980.0
1999,3,8,6,30,38,469,107,38,469,107,0,21,81.64,0,0.139,0.1,2.428,48.7,98.73,22,980.0
1999,3,8,7,0,56,656,235,56,656,235,0,22,74.17,0,0.139,0.0,2.446,49.7,90.88,24,980.0
1999,3,8,7,30,68,763,370,68,763,370,0,22,66.7,0,0.139,0.0,2.48,49.7,85.64,25,980.0
1999,3,8,8,0,76,836,503,76,836,503,0,21,59.24,0,0.139,0.0,2.5140000000000002,47.5,77.16,26,980.0
1999,3,8,8,30,82,883,629,82,883,629,0,21,51.800000000000004,0,0.139,0.0,2.5540000000000003,47.5,77.16,27,980.0
1999,3,8,9,0,86,920,744,86,920,744,0,21,44.36,0,0.139,0.0,2.596,46.7,71.09,28,980.0
1999,3,8,9,30,91,944,846,91,944,846,0,21,36.95,0,0.139,0.0,2.641,46.7,71.08,28,980.0
1999,3,8,10,0,93,963,931,93,963,931,0,21,29.57,0,0.139,0.0,2.6870000000000003,47.300000000000004,66.49,29,980.0
1999,3,8,10,30,96,975,999,96,975,999,0,21,22.28,1,0.139,0.0,2.735,47.300000000000004,66.47,29,980.0
1999,3,8,11,0,97,984,1047,97,984,1047,0,21,15.18,1,0.139,0.0,2.7840000000000003,46.800000000000004,62.68,29,980.0
1999,3,8,11,30,98,987,1074,98,987,1074,0,21,8.77,1,0.139,0.0,2.837,46.800000000000004,62.65,29,980.0
1999,3,8,12,0,98,987,1081,98,987,1081,0,21,5.96,1,0.139,0.0,2.891,46.7,59.57,30,980.0
1999,3,8,12,30,98,984,1066,98,984,1066,0,21,10.32,0,0.139,0.0,2.951,46.7,59.54,30,980.0
1999,3,8,13,0,98,975,1031,98,975,1031,0,21,17.02,1,0.139,0.0,3.011,50.800000000000004,60.74,30,980.0
1999,3,8,13,30,96,964,976,96,964,976,0,21,24.19,1,0.139,0.0,3.069,50.800000000000004,64.3,30,980.0
1999,3,8,14,0,95,946,902,95,946,902,0,22,31.51,1,0.139,0.0,3.1270000000000002,65.5,66.47,30,980.0
1999,3,8,14,30,91,925,811,91,925,811,0,22,38.9,1,0.139,0.0,3.178,65.5,66.45,29,980.0
1999,3,8,15,0,87,895,705,87,895,705,0,22,46.32,1,0.139,0.0,3.229,86.5,69.79,29,980.0
1999,3,8,15,30,81,856,588,81,856,588,0,22,53.76,0,0.139,0.0,3.267,86.5,73.94,28,980.0
1999,3,8,16,0,74,800,460,74,800,460,0,23,61.21,1,0.139,0.0,3.305,76.60000000000001,78.33,28,980.0
1999,3,8,16,30,65,722,328,65,722,328,0,23,68.67,0,0.139,0.0,3.325,76.60000000000001,83.03,27,980.0
1999,3,8,17,0,52,598,195,52,598,195,0,24,76.14,0,0.139,0.1,3.346,64.10000000000001,85.37,27,980.0
1999,3,8,17,30,32,380,74,32,380,74,0,24,83.61,0,0.139,0.1,3.351,64.10000000000001,90.56,26,980.0
1999,3,8,18,0,0,0,0,0,0,0,0,24,91.08,0,0.139,0.1,3.357,63.300000000000004,94.31,25,980.0
1999,3,8,18,30,0,0,0,0,0,0,0,24,98.56,0,0.139,0.1,3.354,63.300000000000004,100.0,24,980.0
1999,3,8,19,0,0,0,0,0,0,0,0,23,106.03,1,0.139,0.1,3.351,75.60000000000001,98.34,24,980.0
1999,3,8,19,30,0,0,0,0,0,0,0,23,113.51,1,0.139,0.1,3.339,75.60000000000001,100.0,23,980.0
1999,3,8,20,0,0,0,0,0,0,0,0,23,120.98,1,0.139,0.1,3.327,79.30000000000001,100.0,23,980.0
1999,3,8,20,30,0,0,0,0,0,0,0,23,128.45,1,0.139,0.1,3.309,79.30000000000001,100.0,23,980.0
1999,3,8,21,0,0,0,0,0,0,0,0,23,135.92000000000002,1,0.139,0.1,3.2920000000000003,79.60000000000001,100.0,23,980.0
1999,3,8,21,30,0,0,0,0,0,0,0,22,143.38,0,0.139,0.1,3.2880000000000003,79.60000000000001,100.0,22,980.0
1999,3,8,22,0,0,0,0,0,0,0,0,22,150.82,1,0.139,0.2,3.2840000000000003,78.7,100.0,22,980.0
1999,3,8,22,30,0,0,0,0,0,0,0,22,158.23,1,0.139,0.2,3.3000000000000003,78.7,100.0,22,980.0
1999,3,8,23,0,0,0,0,0,0,0,0,22,165.56,1,0.139,0.30000000000000004,3.317,73.3,100.0,22,980.0
1999,3,8,23,30,0,0,0,0,0,0,0,21,172.56,1,0.139,0.30000000000000004,3.354,73.3,100.0,22,980.0
1999,3,9,0,0,0,0,0,0,0,0,0,21,176.19,1,0.139,0.4,3.391,66.10000000000001,100.0,22,980.0
1999,3,9,0,30,0,0,0,0,0,0,0,21,170.73,1,0.139,0.4,3.45,66.10000000000001,100.0,21,980.0
1999,3,9,1,0,0,0,0,0,0,0,0,21,163.58,1,0.139,0.4,3.5100000000000002,61.1,100.0,21,980.0
1999,3,9,1,30,0,0,0,0,0,0,0,21,156.22,1,0.139,0.4,3.586,61.1,100.0,21,980.0
1999,3,9,2,0,0,0,0,0,0,0,0,21,148.8,1,0.139,0.4,3.6630000000000003,58.1,100.0,21,980.0
1999,3,9,2,30,0,0,0,0,0,0,0,20,141.35,1,0.139,0.30000000000000004,3.754,58.1,100.0,21,980.0
1999,3,9,3,0,0,0,0,0,0,0,0,20,133.89000000000001,0,0.139,0.30000000000000004,3.845,57.5,100.0,21,980.0
1999,3,9,3,30,0,0,0,0,0,0,0,20,126.42,0,0.139,0.30000000000000004,3.928,57.5,100.0,20,980.0
1999,3,9,4,0,0,0,0,0,0,0,1,20,118.95,0,0.139,0.4,4.011,61.900000000000006,100.0,20,980.0
1999,3,9,4,30,0,0,0,0,0,0,7,20,111.47,0,0.139,0.4,4.077,61.900000000000006,100.0,20,980.0
1999,3,9,5,0,0,0,0,0,0,0,0,20,103.99000000000001,0,0.139,0.4,4.142,65.60000000000001,100.0,20,980.0
1999,3,9,5,30,0,0,0,0,0,0,0,20,96.52,0,0.139,0.30000000000000004,4.199,65.60000000000001,100.0,20,980.0
1999,3,9,6,0,0,0,0,0,0,0,0,21,89.04,0,0.139,0.2,4.257,69.7,100.0,21,980.0
1999,3,9,6,30,38,439,102,38,439,102,0,21,81.56,0,0.139,0.1,4.317,69.7,99.16,22,980.0
1999,3,9,7,0,107,150,149,55,625,227,3,22,74.09,0,0.139,0.0,4.377,70.4,98.8,23,980.0
1999,3,9,7,30,67,732,357,67,732,357,0,22,66.62,0,0.139,0.0,4.445,70.4,93.06,24,980.0
1999,3,9,8,0,74,805,487,74,805,487,0,23,59.160000000000004,0,0.139,0.0,4.514,76.2,90.04,25,980.0
1999,3,9,8,30,81,852,610,81,852,610,0,23,51.7,0,0.139,0.0,4.589,76.2,84.88,26,980.0
1999,3,9,9,0,86,888,722,86,888,722,0,23,44.26,0,0.139,0.0,4.664,77.30000000000001,79.72,27,980.0
1999,3,9,9,30,90,912,821,90,912,821,0,23,36.83,0,0.139,0.0,4.735,77.30000000000001,79.7,27,980.0
1999,3,9,10,0,92,932,904,92,932,904,0,23,29.44,0,0.139,0.0,4.807,76.10000000000001,78.87,28,980.0
1999,3,9,10,30,94,945,970,94,945,970,0,23,22.12,0,0.139,0.0,4.867,76.10000000000001,78.84,28,980.0
1999,3,9,11,0,95,954,1017,95,954,1017,0,22,14.98,0,0.139,0.0,4.9270000000000005,79.10000000000001,73.98,28,980.0
1999,3,9,11,30,96,959,1045,96,959,1045,0,22,8.46,0,0.139,0.0,4.977,79.10000000000001,73.94,28,980.0
1999,3,9,12,0,516,295,810,96,960,1052,8,23,5.59,0,0.139,0.0,5.0280000000000005,84.30000000000001,74.60000000000001,29,980.0
1999,3,9,12,30,479,363,837,96,957,1038,8,23,10.15,0,0.139,0.0,5.064,84.30000000000001,74.57000000000001,28,980.0
1999,3,9,13,0,95,950,1004,95,950,1004,0,23,16.95,0,0.139,0.0,5.102,100.30000000000001,76.42,28,980.0
1999,3,9,13,30,93,940,951,93,940,951,1,23,24.16,0,0.139,0.0,5.121,100.30000000000001,80.97,28,980.0
1999,3,9,14,0,90,926,880,90,926,880,0,24,31.51,0,0.139,0.0,5.14,121.4,84.04,28,980.0
1999,3,9,14,30,87,906,792,87,906,792,0,24,38.910000000000004,0,0.139,0.0,5.135,121.4,84.02,27,980.0
1999,3,9,15,0,82,879,689,82,879,689,0,24,46.34,0,0.139,0.0,5.132,117.2,87.98,27,980.0
1999,3,9,15,30,77,842,574,77,842,574,0,24,53.79,0,0.139,0.0,5.1160000000000005,117.2,93.29,26,980.0
1999,3,9,16,0,70,790,450,70,790,450,0,25,61.25,0,0.139,0.0,5.1000000000000005,103.2,94.94,26,980.0
1999,3,9,16,30,61,713,320,61,713,320,0,25,68.72,0,0.139,0.0,5.074,103.2,100.0,25,980.0
1999,3,9,17,0,48,595,190,48,595,190,0,25,76.19,0,0.139,0.1,5.049,115.5,100.0,25,980.0
1999,3,9,17,30,30,381,72,30,381,72,0,24,83.66,0,0.139,0.1,5.023,115.5,100.0,24,980.0
1999,3,9,18,0,0,0,0,0,0,0,3,24,91.14,0,0.139,0.2,4.997,117.9,100.0,24,980.0
1999,3,9,18,30,0,0,0,0,0,0,1,23,98.62,0,0.139,0.2,4.972,117.9,100.0,24,980.0
1999,3,9,19,0,0,0,0,0,0,0,1,23,106.10000000000001,1,0.139,0.2,4.948,112.7,100.0,24,980.0
1999,3,9,19,30,0,0,0,0,0,0,3,23,113.58,0,0.139,0.2,4.9270000000000005,112.7,100.0,23,980.0
1999,3,9,20,0,0,0,0,0,0,0,3,23,121.06,0,0.139,0.2,4.906,104.80000000000001,100.0,23,980.0
1999,3,9,20,30,0,0,0,0,0,0,1,23,128.53,0,0.139,0.2,4.882,104.80000000000001,100.0,23,980.0
1999,3,9,21,0,0,0,0,0,0,0,3,23,136.01,0,0.139,0.2,4.8580000000000005,95.5,100.0,23,980.0
1999,3,9,21,30,0,0,0,0,0,0,7,22,143.47,0,0.139,0.2,4.833,95.5,100.0,23,980.0
1999,3,9,22,0,0,0,0,0,0,0,7,22,150.92000000000002,0,0.139,0.2,4.809,89.10000000000001,100.0,23,980.0
1999,3,9,22,30,0,0,0,0,0,0,7,22,158.35,0,0.139,0.2,4.782,89.10000000000001,100.0,22,980.0
1999,3,9,23,0,0,0,0,0,0,0,7,22,165.71,1,0.139,0.2,4.755,87.7,100.0,22,980.0
1999,3,9,23,30,0,0,0,0,0,0,7,22,172.8,1,0.139,0.2,4.734,87.7,100.0,22,980.0
1999,3,10,0,0,0,0,0,0,0,0,7,22,176.54,1,0.139,0.2,4.713,90.2,100.0,22,980.0
1999,3,10,0,30,0,0,0,0,0,0,7,22,170.82,1,0.139,0.1,4.697,90.2,100.0,22,980.0
1999,3,10,1,0,0,0,0,0,0,0,7,22,163.6,1,0.139,0.1,4.682,94.80000000000001,100.0,22,980.0
1999,3,10,1,30,0,0,0,0,0,0,7,22,156.21,0,0.139,0.1,4.675,94.80000000000001,100.0,22,980.0
1999,3,10,2,0,0,0,0,0,0,0,3,22,148.77,0,0.139,0.1,4.6690000000000005,98.7,100.0,22,980.0
1999,3,10,2,30,0,0,0,0,0,0,7,21,141.31,0,0.139,0.1,4.6770000000000005,98.7,100.0,22,980.0
1999,3,10,3,0,0,0,0,0,0,0,7,21,133.84,0,0.139,0.1,4.686,103.30000000000001,100.0,22,980.0
1999,3,10,3,30,0,0,0,0,0,0,7,21,126.37,0,0.139,0.1,4.713,103.30000000000001,100.0,21,980.0
1999,3,10,4,0,0,0,0,0,0,0,7,21,118.89,0,0.139,0.1,4.74,108.7,100.0,21,980.0
1999,3,10,4,30,0,0,0,0,0,0,3,21,111.41,0,0.139,0.1,4.7780000000000005,108.7,100.0,21,980.0
1999,3,10,5,0,0,0,0,0,0,0,3,21,103.93,0,0.139,0.2,4.816,110.9,100.0,21,980.0
1999,3,10,5,30,0,0,0,0,0,0,3,21,96.45,0,0.139,0.1,4.862,110.9,100.0,21,980.0
1999,3,10,6,0,4,0,4,9,124,12,7,22,88.97,4,0.139,0.1,4.909,111.60000000000001,100.0,22,980.0
1999,3,10,6,30,41,0,41,35,466,104,4,22,81.49,0,0.139,0.0,4.961,111.60000000000001,100.0,22,980.0
1999,3,10,7,0,95,323,184,50,647,229,7,23,74.01,0,0.139,0.0,5.014,115.9,100.0,23,980.0
1999,3,10,7,30,167,175,237,61,749,359,3,24,66.54,0,0.139,0.0,5.071,115.9,100.0,24,980.0
1999,3,10,8,0,66,823,489,66,823,489,1,24,59.07,0,0.139,0.0,5.1290000000000004,129.0,98.78,25,980.0
1999,3,10,8,30,292,136,377,71,868,611,3,24,51.6,0,0.139,0.0,5.186,129.0,98.79,25,980.0
1999,3,10,9,0,74,904,722,74,904,722,1,23,44.15,0,0.139,0.0,5.244,128.5,88.38,26,980.0
1999,3,10,9,30,392,276,614,77,927,820,8,23,36.72,0,0.139,0.0,5.298,128.5,88.38,26,980.0
1999,3,10,10,0,426,322,707,79,945,903,7,23,29.310000000000002,0,0.139,0.0,5.354,126.7,78.9,27,980.0
1999,3,10,10,30,486,211,683,81,957,969,8,23,21.97,0,0.139,0.0,5.404,126.7,78.86,27,980.0
1999,3,10,11,0,515,187,697,82,965,1016,8,22,14.780000000000001,0,0.139,0.0,5.455,126.30000000000001,73.25,28,980.0
1999,3,10,11,30,499,77,576,83,969,1043,8,22,8.17,0,0.139,0.0,5.493,126.30000000000001,73.2,28,980.0
1999,3,10,12,0,535,200,734,83,970,1050,8,22,5.22,0,0.139,0.0,5.531,128.8,72.58,28,980.0
1999,3,10,12,30,525,219,741,83,968,1036,7,22,10.0,0,0.139,0.0,5.558,128.8,76.89,28,980.0
1999,3,10,13,0,509,180,682,82,962,1003,8,22,16.89,0,0.139,0.0,5.586,127.9,77.37,28,980.0
1999,3,10,13,30,438,227,646,80,953,950,8,22,24.14,1,0.139,0.0,5.5920000000000005,127.9,77.35000000000001,27,980.0
1999,3,10,14,0,269,14,281,77,940,879,6,23,31.51,0,0.139,0.0,5.598,123.80000000000001,78.8,27,980.0
1999,3,10,14,30,314,29,337,74,921,791,6,22,38.92,0,0.139,0.0,5.564,123.80000000000001,83.54,26,980.0
1999,3,10,15,0,223,11,231,69,898,689,6,23,46.37,0,0.139,0.0,5.53,114.7,85.19,26,980.0
1999,3,10,15,30,235,31,253,65,863,575,6,23,53.82,0,0.139,0.0,5.454,114.7,85.19,26,980.0
1999,3,10,16,0,181,22,191,58,818,451,8,23,61.29,0,0.139,0.0,5.3790000000000004,107.4,86.42,26,980.0
1999,3,10,16,30,122,0,122,51,747,322,8,23,68.76,0,0.139,0.0,5.288,107.4,91.7,25,980.0
1999,3,10,17,0,87,219,139,41,637,192,8,23,76.24,0,0.139,0.0,5.197,105.9,93.52,25,980.0
1999,3,10,17,30,35,159,53,26,431,73,8,23,83.72,4,0.139,0.0,5.119,105.9,99.3,24,980.0
1999,3,10,18,0,0,0,0,0,0,0,8,23,91.2,0,0.139,0.1,5.041,104.7,99.36,24,980.0
1999,3,10,18,30,0,0,0,0,0,0,8,23,98.68,0,0.139,0.1,4.981,104.7,100.0,23,980.0
1999,3,10,19,0,0,0,0,0,0,0,8,23,106.16,1,0.139,0.2,4.922,99.80000000000001,100.0,23,980.0
1999,3,10,19,30,0,0,0,0,0,0,7,22,113.65,0,0.139,0.2,4.89,99.80000000000001,100.0,23,980.0
1999,3,10,20,0,0,0,0,0,0,0,7,22,121.13,0,0.139,0.30000000000000004,4.8580000000000005,91.10000000000001,100.0,23,980.0
1999,3,10,20,30,0,0,0,0,0,0,8,22,128.61,0,0.139,0.30000000000000004,4.849,91.10000000000001,100.0,22,980.0
1999,3,10,21,0,0,0,0,0,0,0,8,22,136.09,0,0.139,0.30000000000000004,4.841,84.9,100.0,22,980.0
1999,3,10,21,30,0,0,0,0,0,0,8,22,143.56,0,0.139,0.30000000000000004,4.8420000000000005,84.9,100.0,22,980.0
1999,3,10,22,0,0,0,0,0,0,0,8,22,151.02,0,0.139,0.30000000000000004,4.844,84.4,100.0,22,980.0
1999,3,10,22,30,0,0,0,0,0,0,8,22,158.47,0,0.139,0.30000000000000004,4.854,84.4,100.0,22,980.0
1999,3,10,23,0,0,0,0,0,0,0,8,22,165.86,1,0.139,0.4,4.865,88.5,100.0,22,980.0
1999,3,10,23,30,0,0,0,0,0,0,8,21,173.02,1,0.139,0.4,4.877,88.5,100.0,22,980.0
1999,3,11,0,0,0,0,0,0,0,0,8,21,176.89000000000001,1,0.139,0.4,4.889,100.0,100.0,22,980.0
1999,3,11,0,30,0,0,0,0,0,0,7,21,170.89000000000001,1,0.139,0.30000000000000004,4.902,100.0,100.0,21,980.0
1999,3,11,1,0,0,0,0,0,0,0,7,21,163.6,1,0.139,0.30000000000000004,4.916,115.7,100.0,21,980.0
1999,3,11,1,30,0,0,0,0,0,0,7,21,156.19,0,0.139,0.2,4.93,115.7,100.0,21,980.0
1999,3,11,2,0,0,0,0,0,0,0,7,21,148.74,0,0.139,0.2,4.944,128.1,100.0,21,980.0
1999,3,11,2,30,0,0,0,0,0,0,7,20,141.27,0,0.139,0.1,4.96,128.1,100.0,21,980.0
1999,3,11,3,0,0,0,0,0,0,0,8,20,133.8,0,0.139,0.1,4.976,135.8,100.0,21,980.0
1999,3,11,3,30,0,0,0,0,0,0,7,20,126.32000000000001,0,0.139,0.0,4.988,135.8,100.0,21,980.0
1999,3,11,4,0,0,0,0,0,0,0,8,20,118.83,0,0.139,0.0,5.001,143.8,100.0,21,980.0
1999,3,11,4,30,0,0,0,0,0,0,8,20,111.35000000000001,0,0.139,0.0,5.008,143.8,100.0,21,980.0
1999,3,11,5,0,0,0,0,0,0,0,4,20,103.87,0,0.139,0.0,5.015,148.20000000000002,100.0,21,980.0
1999,3,11,5,30,0,0,0,0,0,0,4,20,96.38,0,0.139,0.0,5.018,148.20000000000002,100.0,21,980.0
1999,3,11,6,0,0,0,0,10,136,12,4,21,88.89,4,0.139,0.0,5.021,151.70000000000002,100.0,21,980.0
1999,3,11,6,30,3,0,3,35,479,106,4,21,81.41,0,0.139,0.0,5.026,151.70000000000002,100.0,21,980.0
1999,3,11,7,0,63,0,63,50,651,230,4,21,73.93,0,0.139,0.0,5.032,153.20000000000002,97.92,22,980.0
1999,3,11,7,30,157,38,173,60,753,361,4,21,66.45,0,0.139,0.0,5.037,153.20000000000002,92.19,23,990.0
1999,3,11,8,0,227,94,276,67,819,490,4,22,58.980000000000004,0,0.139,0.0,5.042,156.0,89.08,24,990.0
1999,3,11,8,30,289,105,354,73,865,612,4,22,51.51,0,0.139,0.0,5.051,156.0,89.08,24,990.0
1999,3,11,9,0,199,6,204,78,899,724,4,22,44.050000000000004,0,0.139,0.0,5.061,142.3,83.75,25,990.0
1999,3,11,9,30,391,91,465,81,923,822,4,22,36.61,0,0.139,0.0,5.083,142.3,83.73,25,990.0
1999,3,11,10,0,443,112,541,83,941,905,4,21,29.19,0,0.139,0.0,5.106,122.0,77.38,26,990.0
1999,3,11,10,30,489,167,645,86,954,971,8,21,21.82,0,0.139,0.0,5.13,122.0,77.35000000000001,26,980.0
1999,3,11,11,0,500,281,773,86,963,1018,8,21,14.59,0,0.139,0.0,5.155,116.5,72.62,27,980.0
1999,3,11,11,30,456,45,502,86,968,1045,4,21,7.87,0,0.139,0.0,5.17,116.5,72.56,27,980.0
1999,3,11,12,0,482,59,541,85,970,1052,4,21,4.8500000000000005,0,0.139,0.0,5.1850000000000005,124.2,73.22,27,980.0
1999,3,11,12,30,528,181,707,85,968,1039,4,21,9.870000000000001,0,0.139,0.0,5.195,124.2,73.17,27,980.0
1999,3,11,13,0,498,111,604,82,964,1005,4,21,16.84,0,0.139,0.0,5.206,134.20000000000002,74.12,28,980.0
1999,3,11,13,30,477,148,613,81,954,952,4,21,24.13,0,0.139,0.0,5.222,134.20000000000002,74.09,28,980.0
1999,3,11,14,0,380,45,419,78,941,881,3,22,31.52,0,0.139,0.0,5.239,140.0,70.97,28,980.0
1999,3,11,14,30,353,366,638,75,922,792,3,22,38.94,0,0.139,0.0,5.2540000000000004,140.0,75.2,28,980.0
1999,3,11,15,0,70,897,690,70,897,690,1,22,46.4,0,0.139,0.0,5.2700000000000005,144.6,77.34,28,980.0
1999,3,11,15,30,222,451,489,66,862,575,8,22,53.86,0,0.139,0.0,5.279,144.6,77.34,27,980.0
1999,3,11,16,0,207,84,248,60,813,450,8,23,61.33,0,0.139,0.0,5.288,149.1,80.61,27,980.0
1999,3,11,16,30,133,16,139,53,741,320,4,23,68.81,0,0.139,0.0,5.297,149.1,85.5,26,980.0
1999,3,11,17,0,74,369,162,42,626,191,8,23,76.29,0,0.139,0.1,5.306,150.1,88.52,26,980.0
1999,3,11,17,30,32,264,61,26,417,72,7,23,83.77,4,0.139,0.1,5.324,150.1,93.95,25,980.0
1999,3,11,18,0,0,0,0,0,0,0,7,24,91.26,0,0.139,0.1,5.3420000000000005,185.10000000000002,94.4,25,980.0
1999,3,11,18,30,0,0,0,0,0,0,7,24,98.74000000000001,0,0.139,0.1,5.362,185.10000000000002,94.44,25,980.0
1999,3,11,19,0,0,0,0,0,0,0,7,23,106.23,1,0.139,0.1,5.383,193.0,92.25,25,980.0
1999,3,11,19,30,0,0,0,0,0,0,3,23,113.72,0,0.139,0.0,5.399,193.0,97.96000000000001,24,980.0
1999,3,11,20,0,0,0,0,0,0,0,8,23,121.2,0,0.139,0.0,5.415,226.8,96.59,24,980.0
1999,3,11,20,30,0,0,0,0,0,0,3,23,128.69,0,0.139,0.0,5.426,226.8,96.61,24,980.0
1999,3,11,21,0,0,0,0,0,0,0,4,23,136.17000000000002,0,0.139,0.1,5.437,328.5,96.27,24,980.0
1999,3,11,21,30,0,0,0,0,0,0,4,23,143.65,0,0.139,0.1,5.437,328.5,96.27,24,980.0
1999,3,11,22,0,0,0,0,0,0,0,4,23,151.12,0,0.139,0.2,5.438,347.8,95.34,24,980.0
1999,3,11,22,30,0,0,0,0,0,0,3,23,158.58,0,0.139,0.2,5.433,347.8,100.0,24,980.0
1999,3,11,23,0,0,0,0,0,0,0,3,23,166.0,1,0.139,0.2,5.428,347.20000000000005,100.0,24,980.0
1999,3,11,23,30,0,0,0,0,0,0,3,23,173.24,1,0.139,0.2,5.421,347.20000000000005,100.0,23,980.0
1999,3,12,0,0,0,0,0,0,0,0,3,23,177.22,1,0.139,0.2,5.415,354.70000000000005,100.0,23,980.0
1999,3,12,0,30,0,0,0,0,0,0,7,23,170.94,1,0.139,0.1,5.407,354.70000000000005,100.0,23,980.0
1999,3,12,1,0,0,0,0,0,0,0,7,23,163.6,1,0.139,0.1,5.401,9.600000000000001,100.0,23,980.0
1999,3,12,1,30,0,0,0,0,0,0,7,23,156.17000000000002,0,0.139,0.1,5.391,9.600000000000001,100.0,23,980.0
1999,3,12,2,0,0,0,0,0,0,0,7,22,148.70000000000002,0,0.139,0.1,5.382,126.30000000000001,98.44,23,980.0
1999,3,12,2,30,0,0,0,0,0,0,7,22,141.23,0,0.139,0.1,5.368,126.30000000000001,100.0,23,980.0
1999,3,12,3,0,0,0,0,0,0,0,7,22,133.75,0,0.139,0.2,5.354,141.9,100.0,23,980.0
1999,3,12,3,30,0,0,0,0,0,0,4,22,126.26,0,0.139,0.30000000000000004,5.335,141.9,100.0,22,980.0
1999,3,12,4,0,0,0,0,0,0,0,4,22,118.77,0,0.139,0.4,5.316,141.4,100.0,22,980.0
1999,3,12,4,30,0,0,0,0,0,0,4,22,111.29,0,0.139,0.4,5.297,141.4,100.0,22,980.0
1999,3,12,5,0,0,0,0,0,0,0,4,22,103.8,0,0.139,0.5,5.2780000000000005,140.4,100.0,22,980.0
1999,3,12,5,30,0,0,0,0,0,0,4,22,96.31,0,0.139,0.4,5.268,140.4,100.0,22,980.0
1999,3,12,6,0,3,0,3,10,161,13,4,22,88.82000000000001,4,0.139,0.30000000000000004,5.259,136.0,100.0,22,980.0
1999,3,12,6,30,27,0,27,33,498,108,4,22,81.34,0,0.139,0.1,5.265,136.0,100.0,23,980.0
1999,3,12,7,0,28,0,28,47,666,232,4,23,73.85000000000001,0,0.139,0.0,5.272,121.9,100.0,24,980.0
1999,3,12,7,30,66,0,66,56,765,363,4,23,66.37,0,0.139,0.0,5.287,121.9,94.94,24,980.0
1999,3,12,8,0,87,0,87,62,830,491,4,23,58.89,0,0.139,0.0,5.3020000000000005,115.7,89.51,25,990.0
1999,3,12,8,30,162,0,162,67,874,613,4,23,51.42,0,0.139,0.0,5.314,115.7,89.51,25,990.0
1999,3,12,9,0,280,26,299,71,906,724,4,22,43.95,0,0.139,0.0,5.327,105.80000000000001,80.42,26,990.0
1999,3,12,9,30,374,64,426,75,929,822,4,22,36.5,0,0.139,0.0,5.339,105.80000000000001,80.4,26,990.0
1999,3,12,10,0,397,49,441,77,946,904,4,22,29.060000000000002,0,0.139,0.0,5.352,108.5,74.57000000000001,27,980.0
1999,3,12,10,30,483,125,600,79,959,970,3,22,21.68,0,0.139,0.0,5.367,108.5,74.53,27,980.0
1999,3,12,11,0,507,251,751,79,967,1017,3,22,14.41,0,0.139,0.0,5.382,124.10000000000001,69.98,28,980.0
1999,3,12,11,30,451,322,771,80,971,1044,3,22,7.59,1,0.139,0.0,5.398,124.10000000000001,69.94,28,980.0
1999,3,12,12,0,80,973,1050,80,973,1050,0,22,4.49,1,0.139,0.0,5.414,142.9,70.06,28,980.0
1999,3,12,12,30,80,970,1037,80,970,1037,0,22,9.74,0,0.139,0.0,5.426,142.9,70.02,28,980.0
1999,3,12,13,0,79,965,1003,79,965,1003,0,22,16.8,1,0.139,0.0,5.439,157.4,70.48,28,980.0
1999,3,12,13,30,77,955,950,77,955,950,0,22,24.12,1,0.139,0.0,5.455,157.4,70.44,28,980.0
1999,3,12,14,0,75,942,878,75,942,878,0,22,31.53,1,0.139,0.0,5.471,164.9,71.88,28,980.0
1999,3,12,14,30,366,209,528,72,923,790,3,22,38.97,1,0.139,0.0,5.481,164.9,76.17,28,980.0
1999,3,12,15,0,317,207,460,69,898,687,3,23,46.43,1,0.139,0.0,5.4910000000000005,170.4,79.23,28,980.0
1999,3,12,15,30,273,186,383,64,862,573,3,23,53.9,0,0.139,0.0,5.503,170.4,79.23,27,980.0
1999,3,12,16,0,203,201,300,58,814,448,3,23,61.38,1,0.139,0.0,5.516,179.60000000000002,81.85000000000001,27,980.0
1999,3,12,16,30,68,696,319,51,741,319,8,23,68.86,0,0.139,0.0,5.532,179.60000000000002,86.82000000000001,26,980.0
1999,3,12,17,0,41,627,189,41,627,189,0,24,76.34,0,0.139,0.0,5.549,178.60000000000002,89.05,26,980.0
1999,3,12,17,30,26,418,71,26,418,71,7,24,83.83,4,0.139,0.1,5.5680000000000005,178.60000000000002,94.51,25,980.0
1999,3,12,18,0,0,0,0,0,0,0,3,24,91.32000000000001,0,0.139,0.2,5.587,182.60000000000002,94.84,25,980.0
1999,3,12,18,30,0,0,0,0,0,0,7,24,98.81,0,0.139,0.2,5.606,182.60000000000002,94.88,25,980.0
1999,3,12,19,0,0,0,0,0,0,0,7,23,106.29,1,0.139,0.30000000000000004,5.625,172.8,93.21000000000001,25,980.0
1999,3,12,19,30,0,0,0,0,0,0,7,23,113.78,1,0.139,0.30000000000000004,5.64,172.8,98.97,24,980.0
1999,3,12,20,0,0,0,0,0,0,0,7,23,121.27,1,0.139,0.30000000000000004,5.656,146.1,97.79,24,980.0
1999,3,12,20,30,0,0,0,0,0,0,6,23,128.76,1,0.139,0.30000000000000004,5.664,146.1,97.81,24,980.0
1999,3,12,21,0,0,0,0,0,0,0,6,23,136.25,1,0.139,0.30000000000000004,5.673,110.0,97.75,24,980.0
1999,3,12,21,30,0,0,0,0,0,0,6,23,143.74,0,0.139,0.30000000000000004,5.672,110.0,100.0,24,980.0
1999,3,12,22,0,0,0,0,0,0,0,6,23,151.22,0,0.139,0.30000000000000004,5.672,96.0,100.0,24,980.0
1999,3,12,22,30,0,0,0,0,0,0,6,23,158.68,0,0.139,0.30000000000000004,5.659,96.0,100.0,23,980.0
1999,3,12,23,0,0,0,0,0,0,0,6,23,166.12,1,0.139,0.30000000000000004,5.646,94.5,100.0,23,980.0
1999,3,12,23,30,0,0,0,0,0,0,6,23,173.44,1,0.139,0.30000000000000004,5.618,94.5,100.0,23,980.0
1999,3,13,0,0,0,0,0,0,0,0,6,23,177.54,1,0.139,0.30000000000000004,5.591,95.2,100.0,23,980.0
1999,3,13,0,30,0,0,0,0,0,0,7,22,170.97,1,0.139,0.30000000000000004,5.555,95.2,100.0,23,980.0
1999,3,13,1,0,0,0,0,0,0,0,7,22,163.59,1,0.139,0.30000000000000004,5.519,100.0,100.0,23,980.0
1999,3,13,1,30,0,0,0,0,0,0,7,22,156.13,0,0.139,0.30000000000000004,5.478,100.0,100.0,22,980.0
1999,3,13,2,0,0,0,0,0,0,0,7,22,148.66,0,0.139,0.30000000000000004,5.438,104.7,100.0,22,980.0
1999,3,13,2,30,0,0,0,0,0,0,7,22,141.18,0,0.139,0.2,5.393,104.7,100.0,22,980.0
1999,3,13,3,0,0,0,0,0,0,0,8,22,133.69,0,0.139,0.2,5.349,109.0,100.0,22,980.0
1999,3,13,3,30,0,0,0,0,0,0,8,22,126.2,0,0.139,0.1,5.309,109.0,100.0,22,980.0
1999,3,13,4,0,0,0,0,0,0,0,4,22,118.71000000000001,0,0.139,0.1,5.2700000000000005,111.5,100.0,22,980.0
1999,3,13,4,30,0,0,0,0,0,0,4,21,111.22,0,0.139,0.0,5.236,111.5,100.0,22,980.0
1999,3,13,5,0,0,0,0,0,0,0,4,21,103.73,0,0.139,0.0,5.203,113.2,100.0,22,980.0
1999,3,13,5,30,0,0,0,0,0,0,7,21,96.24000000000001,0,0.139,0.0,5.173,113.2,100.0,22,980.0
1999,3,13,6,0,12,0,12,10,161,14,7,22,88.75,4,0.139,0.0,5.1450000000000005,113.0,100.0,22,980.0
1999,3,13,6,30,44,361,99,33,497,109,8,22,81.26,0,0.139,0.0,5.1290000000000004,113.0,100.0,23,980.0
1999,3,13,7,0,99,299,182,47,669,234,8,23,73.77,0,0.139,0.0,5.114,111.30000000000001,100.0,24,980.0
1999,3,13,7,30,167,211,252,56,767,364,8,23,66.29,0,0.139,0.0,5.12,111.30000000000001,94.55,24,980.0
1999,3,13,8,0,230,102,283,61,833,493,7,23,58.800000000000004,0,0.139,0.0,5.127,113.0,89.13,25,980.0
1999,3,13,8,30,282,77,331,66,877,615,7,23,51.32,0,0.139,0.0,5.1530000000000005,113.0,89.14,26,980.0
1999,3,13,9,0,279,25,298,69,909,725,6,22,43.85,0,0.139,0.0,5.179,115.10000000000001,82.68,27,980.0
1999,3,13,9,30,311,24,331,73,932,823,6,22,36.39,0,0.139,0.0,5.215,115.10000000000001,77.96000000000001,27,980.0
1999,3,13,10,0,354,29,379,75,949,906,6,22,28.94,0,0.139,0.0,5.252,111.60000000000001,72.02,28,980.0
1999,3,13,10,30,424,46,467,76,961,971,8,22,21.54,0,0.139,0.0,5.277,111.60000000000001,71.99,28,980.0
1999,3,13,11,0,515,149,660,78,968,1017,8,22,14.23,0,0.139,0.0,5.303,101.4,71.36,29,980.0
1999,3,13,11,30,528,225,752,79,973,1044,8,22,7.32,0,0.139,0.0,5.317,101.4,71.31,29,980.0
1999,3,13,12,0,530,238,768,80,973,1051,8,22,4.13,0,0.139,0.0,5.331,95.9,67.26,29,980.0
1999,3,13,12,30,524,225,747,79,971,1037,8,22,9.64,0,0.139,0.0,5.349,95.9,67.22,29,980.0
1999,3,13,13,0,477,339,802,79,965,1003,7,22,16.77,0,0.139,0.0,5.368,97.80000000000001,67.5,29,980.0
1999,3,13,13,30,454,315,742,78,955,950,8,22,24.13,0,0.139,0.0,5.396,97.80000000000001,67.46000000000001,29,980.0
1999,3,13,14,0,363,439,737,76,941,878,7,22,31.55,0,0.139,0.0,5.424,106.30000000000001,68.83,29,980.0
1999,3,13,14,30,73,922,790,73,922,790,0,22,39.0,0,0.139,0.0,5.46,106.30000000000001,72.92,29,980.0
1999,3,13,15,0,69,896,687,69,896,687,1,23,46.47,0,0.139,0.0,5.496,108.7,75.84,29,980.0
1999,3,13,15,30,65,861,572,65,861,572,0,23,53.94,0,0.139,0.0,5.524,108.7,75.84,28,980.0
1999,3,13,16,0,100,699,434,59,811,447,8,24,61.42,0,0.139,0.0,5.553,113.2,79.58,28,980.0
1999,3,13,16,30,147,190,215,52,738,318,3,24,68.91,0,0.139,0.0,5.572,113.2,84.38,27,980.0
1999,3,13,17,0,90,101,114,42,622,188,3,24,76.4,0,0.139,0.1,5.5920000000000005,94.4,87.94,27,980.0
1999,3,13,17,30,26,412,70,26,412,70,1,24,83.89,0,0.139,0.1,5.6000000000000005,94.4,93.29,26,980.0
1999,3,13,18,0,0,0,0,0,0,0,0,23,91.38,0,0.139,0.2,5.6080000000000005,53.2,88.45,26,980.0
1999,3,13,18,30,0,0,0,0,0,0,0,23,98.87,0,0.139,0.2,5.603,53.2,93.86,26,980.0
1999,3,13,19,0,0,0,0,0,0,0,0,23,106.36,1,0.139,0.2,5.599,27.8,92.63,26,980.0
1999,3,13,19,30,0,0,0,0,0,0,0,23,113.85000000000001,0,0.139,0.2,5.589,27.8,92.65,25,980.0
1999,3,13,20,0,0,0,0,0,0,0,1,23,121.35000000000001,0,0.139,0.30000000000000004,5.579,12.0,91.77,25,980.0
1999,3,13,20,30,0,0,0,0,0,0,1,23,128.84,0,0.139,0.30000000000000004,5.5680000000000005,12.0,91.79,25,980.0
1999,3,13,21,0,0,0,0,0,0,0,1,23,136.33,0,0.139,0.30000000000000004,5.557,358.90000000000003,91.41,25,980.0
1999,3,13,21,30,0,0,0,0,0,0,3,23,143.82,0,0.139,0.30000000000000004,5.549,358.90000000000003,97.02,24,980.0
1999,3,13,22,0,0,0,0,0,0,0,1,23,151.31,0,0.139,0.30000000000000004,5.541,354.70000000000005,96.51,24,980.0
1999,3,13,22,30,0,0,0,0,0,0,1,23,158.78,0,0.139,0.30000000000000004,5.542,354.70000000000005,96.49000000000001,24,980.0
1999,3,13,23,0,0,0,0,0,0,0,1,23,166.24,1,0.139,0.30000000000000004,5.543,352.5,96.44,24,980.0
1999,3,13,23,30,0,0,0,0,0,0,1,23,173.62,1,0.139,0.2,5.5440000000000005,352.5,96.41,24,980.0
1999,3,14,0,0,0,0,0,0,0,0,1,23,177.82,1,0.139,0.2,5.546,353.6,96.27,24,980.0
1999,3,14,0,30,0,0,0,0,0,0,7,23,170.99,1,0.139,0.2,5.547,353.6,96.24000000000001,24,980.0
1999,3,14,1,0,0,0,0,0,0,0,7,23,163.56,1,0.139,0.2,5.548,21.700000000000003,98.05,24,980.0
1999,3,14,1,30,0,0,0,0,0,0,7,23,156.09,0,0.139,0.1,5.539,21.700000000000003,98.04,24,980.0
1999,3,14,2,0,0,0,0,0,0,0,7,23,148.61,0,0.139,0.1,5.53,38.2,95.34,24,980.0
1999,3,14,2,30,0,0,0,0,0,0,4,23,141.12,0,0.139,0.1,5.511,38.2,100.0,24,980.0
1999,3,14,3,0,0,0,0,0,0,0,4,23,133.63,0,0.139,0.1,5.492,80.0,100.0,24,980.0
1999,3,14,3,30,0,0,0,0,0,0,4,23,126.14,0,0.139,0.1,5.471,80.0,100.0,23,980.0
1999,3,14,4,0,0,0,0,0,0,0,7,23,118.65,0,0.139,0.2,5.4510000000000005,129.9,100.0,23,980.0
1999,3,14,4,30,0,0,0,0,0,0,3,23,111.15,0,0.139,0.2,5.4350000000000005,129.9,100.0,23,980.0
1999,3,14,5,0,0,0,0,0,0,0,1,22,103.66,0,0.139,0.2,5.4190000000000005,161.0,99.97,23,980.0
1999,3,14,5,30,0,0,0,0,0,0,1,23,96.17,0,0.139,0.2,5.404,161.0,100.0,23,980.0
1999,3,14,6,0,3,0,3,10,157,14,3,23,88.67,4,0.139,0.2,5.389,176.0,100.0,23,980.0
1999,3,14,6,30,29,0,29,34,491,110,3,23,81.18,4,0.139,0.1,5.383,176.0,100.0,23,980.0
1999,3,14,7,0,63,0,63,48,660,234,3,23,73.69,0,0.139,0.0,5.378,193.5,100.0,24,980.0
1999,3,14,7,30,144,11,148,58,759,365,3,23,66.2,0,0.139,0.0,5.381,193.5,100.0,24,980.0
1999,3,14,8,0,233,157,315,65,825,493,3,23,58.71,0,0.139,0.0,5.385,160.5,97.58,25,980.0
1999,3,14,8,30,284,271,454,70,869,614,3,23,51.230000000000004,0,0.139,0.0,5.39,160.5,97.58,25,980.0
1999,3,14,9,0,295,33,318,74,902,725,3,23,43.75,0,0.139,0.0,5.396,152.3,92.43,25,980.0
1999,3,14,9,30,406,191,561,77,925,823,3,23,36.28,0,0.139,0.0,5.407,152.3,92.41,25,980.0
1999,3,14,10,0,399,392,742,79,943,906,7,23,28.830000000000002,0,0.139,0.0,5.4190000000000005,146.1,87.35000000000001,26,980.0
1999,3,14,10,30,479,261,723,81,955,971,3,23,21.400000000000002,0,0.139,0.0,5.439,146.1,87.31,26,980.0
1999,3,14,11,0,82,963,1017,82,963,1017,1,23,14.06,0,0.139,0.0,5.46,155.20000000000002,86.86,27,980.0
1999,3,14,11,30,83,968,1044,83,968,1044,8,23,7.0600000000000005,4,0.139,0.0,5.477,155.20000000000002,86.82000000000001,27,980.0
1999,3,14,12,0,508,321,828,83,969,1050,8,23,3.7800000000000002,0,0.139,0.0,5.495,167.4,81.19,27,980.0
1999,3,14,12,30,82,967,1036,82,967,1036,0,23,9.55,0,0.139,0.0,5.508,167.4,81.14,27,980.0
1999,3,14,13,0,81,961,1002,81,961,1002,0,23,16.75,0,0.139,0.0,5.521,177.3,80.56,27,980.0
1999,3,14,13,30,80,951,948,80,951,948,0,23,24.13,0,0.139,0.0,5.532,177.3,80.54,27,980.0
1999,3,14,14,0,77,938,877,77,938,877,7,23,31.57,4,0.139,0.0,5.545,176.9,80.89,27,980.0
1999,3,14,14,30,287,530,699,74,919,788,8,23,39.03,0,0.139,0.0,5.548,176.9,80.87,27,980.0
1999,3,14,15,0,71,893,685,71,893,685,0,23,46.51,0,0.139,0.0,5.551,171.8,81.49,27,980.0
1999,3,14,15,30,66,857,570,66,857,570,0,23,53.99,0,0.139,0.0,5.548,171.8,86.42,26,980.0
1999,3,14,16,0,60,807,446,60,807,446,0,24,61.47,0,0.139,0.0,5.546,150.5,89.06,26,980.0
1999,3,14,16,30,147,176,210,53,734,316,3,24,68.96000000000001,0,0.139,0.0,5.548,150.5,94.51,25,980.0
1999,3,14,17,0,83,247,141,43,616,187,3,23,76.45,0,0.139,0.1,5.5520000000000005,180.60000000000002,93.85000000000001,25,980.0
1999,3,14,17,30,26,403,69,26,403,69,1,23,83.95,0,0.139,0.1,5.539,180.60000000000002,93.88,25,980.0
1999,3,14,18,0,0,0,0,0,0,0,0,24,91.44,0,0.139,0.2,5.526,220.20000000000002,95.7,25,980.0
1999,3,14,18,30,0,0,0,0,0,0,0,24,98.93,0,0.139,0.2,5.5,220.20000000000002,100.0,24,980.0
1999,3,14,19,0,0,0,0,0,0,0,0,23,106.43,1,0.139,0.30000000000000004,5.476,234.3,99.24000000000001,24,980.0
1999,3,14,19,30,0,0,0,0,0,0,0,23,113.92,0,0.139,0.30000000000000004,5.44,234.3,99.27,24,980.0
1999,3,14,20,0,0,0,0,0,0,0,1,23,121.42,0,0.139,0.4,5.405,245.4,98.9,24,980.0
1999,3,14,20,30,0,0,0,0,0,0,7,23,128.91,0,0.139,0.4,5.353,245.4,100.0,24,980.0
1999,3,14,21,0,0,0,0,0,0,0,8,23,136.41,0,0.139,0.4,5.301,246.9,100.0,24,980.0
1999,3,14,21,30,0,0,0,0,0,0,6,23,143.9,0,0.139,0.4,5.251,246.9,100.0,23,980.0
1999,3,14,22,0,0,0,0,0,0,0,6,23,151.39000000000001,0,0.139,0.5,5.202,243.9,100.0,23,980.0
1999,3,14,22,30,0,0,0,0,0,0,7,23,158.88,0,0.139,0.5,5.1770000000000005,243.9,100.0,23,980.0
1999,3,14,23,0,0,0,0,0,0,0,7,23,166.35,1,0.139,0.5,5.1530000000000005,237.9,100.0,23,980.0
1999,3,14,23,30,0,0,0,0,0,0,7,23,173.78,1,0.139,0.4,5.148,237.9,100.0,23,980.0
1999,3,15,0,0,0,0,0,0,0,0,7,23,178.06,1,0.139,0.4,5.144,227.5,100.0,23,980.0
1999,3,15,0,30,0,0,0,0,0,0,7,23,170.98,1,0.139,0.4,5.1530000000000005,227.5,100.0,23,980.0
1999,3,15,1,0,0,0,0,0,0,0,7,22,163.53,1,0.139,0.4,5.163,218.0,99.76,23,980.0
1999,3,15,1,30,0,0,0,0,0,0,7,22,156.05,0,0.139,0.4,5.172,218.0,99.75,23,980.0
1999,3,15,2,0,0,0,0,0,0,0,7,22,148.56,0,0.139,0.4,5.181,210.3,99.03,23,980.0
1999,3,15,2,30,0,0,0,0,0,0,7,22,141.06,0,0.139,0.4,5.183,210.3,100.0,23,980.0
1999,3,15,3,0,0,0,0,0,0,0,7,22,133.57,0,0.139,0.4,5.186,204.70000000000002,100.0,23,980.0
1999,3,15,3,30,0,0,0,0,0,0,7,22,126.07000000000001,0,0.139,0.4,5.173,204.70000000000002,100.0,23,980.0
1999,3,15,4,0,0,0,0,0,0,0,7,22,118.58,0,0.139,0.4,5.1610000000000005,197.4,100.0,23,980.0
1999,3,15,4,30,0,0,0,0,0,0,7,22,111.08,0,0.139,0.4,5.143,197.4,100.0,22,980.0
1999,3,15,5,0,0,0,0,0,0,0,7,22,103.59,0,0.139,0.4,5.126,198.10000000000002,100.0,22,980.0
1999,3,15,5,30,0,0,0,0,0,0,7,22,96.09,0,0.139,0.30000000000000004,5.104,198.10000000000002,100.0,22,980.0
1999,3,15,6,0,7,0,7,11,151,15,7,22,88.59,4,0.139,0.30000000000000004,5.083,213.10000000000002,100.0,23,980.0
1999,3,15,6,30,52,0,52,36,484,110,8,22,81.10000000000001,4,0.139,0.1,5.066,213.10000000000002,100.0,23,980.0
1999,3,15,7,0,104,22,110,50,657,235,4,23,73.61,0,0.139,0.0,5.05,243.9,100.0,23,980.0
1999,3,15,7,30,157,36,172,60,756,366,4,23,66.12,1,0.139,0.0,5.027,243.9,100.0,23,980.0
1999,3,15,8,0,210,43,233,66,825,495,4,24,58.63,1,0.139,0.1,5.005,347.90000000000003,100.0,24,980.0
1999,3,15,8,30,287,144,378,71,870,617,8,24,51.14,1,0.139,0.0,4.971,347.90000000000003,100.0,25,980.0
1999,3,15,9,0,340,146,446,74,905,729,8,23,43.660000000000004,1,0.139,0.0,4.939,331.40000000000003,94.07000000000001,26,980.0
1999,3,15,9,30,404,126,506,77,929,827,8,23,36.18,0,0.139,0.0,4.917,331.40000000000003,88.64,26,980.0
1999,3,15,10,0,426,148,557,78,948,910,8,22,28.71,1,0.139,0.0,4.8950000000000005,333.1,78.43,27,980.0
1999,3,15,10,30,457,149,597,80,960,975,8,22,21.28,1,0.139,0.0,4.898,333.1,78.39,27,980.0
1999,3,15,11,0,479,150,625,81,969,1022,8,22,13.9,1,0.139,0.0,4.901,215.5,77.21000000000001,27,980.0
1999,3,15,11,30,491,155,645,81,973,1048,6,22,6.8100000000000005,1,0.139,0.0,4.926,215.5,77.17,27,980.0
1999,3,15,12,0,494,155,649,81,974,1054,6,22,3.45,1,0.139,0.0,4.9510000000000005,128.5,76.29,28,980.0
1999,3,15,12,30,520,121,640,81,972,1040,6,22,9.48,0,0.139,0.0,4.977,128.5,76.25,27,980.0
1999,3,15,13,0,471,154,619,80,966,1005,6,22,16.740000000000002,1,0.139,0.0,5.003,47.5,76.02,27,980.0
1999,3,15,13,30,446,153,586,78,956,951,6,22,24.150000000000002,1,0.139,0.0,5.026,47.5,75.99,27,980.0
1999,3,15,14,0,411,152,541,76,943,879,6,23,31.6,1,0.139,0.0,5.05,73.60000000000001,79.55,27,980.0
1999,3,15,14,30,344,309,584,73,924,790,7,23,39.07,1,0.139,0.0,5.0600000000000005,73.60000000000001,84.35000000000001,27,980.0
1999,3,15,15,0,298,305,508,69,898,687,7,23,46.550000000000004,1,0.139,0.1,5.071,74.9,84.85000000000001,27,980.0
1999,3,15,15,30,260,276,422,65,862,571,7,23,54.04,0,0.139,0.1,5.075,74.9,84.85000000000001,26,980.0
1999,3,15,16,0,190,294,330,59,813,447,7,23,61.53,1,0.139,0.1,5.08,72.2,85.86,26,980.0
1999,3,15,16,30,132,317,246,52,739,317,8,23,69.02,0,0.139,0.1,5.087,72.2,91.11,25,980.0
1999,3,15,17,0,57,519,178,42,623,187,8,23,76.51,0,0.139,0.1,5.095,91.5,93.23,25,980.0
1999,3,15,17,30,27,362,65,26,409,68,3,23,84.01,4,0.139,0.2,5.107,91.5,98.99000000000001,24,980.0
1999,3,15,18,0,0,0,0,0,0,0,2,23,91.5,0,0.139,0.30000000000000004,5.12,81.60000000000001,95.57000000000001,24,980.0
1999,3,15,18,30,0,0,0,0,0,0,3,23,99.0,0,0.139,0.30000000000000004,5.135,81.60000000000001,100.0,23,980.0
1999,3,15,19,0,0,0,0,0,0,0,3,23,106.49000000000001,1,0.139,0.30000000000000004,5.151,64.7,100.0,23,980.0
1999,3,15,19,30,0,0,0,0,0,0,3,23,113.99000000000001,1,0.139,0.30000000000000004,5.164,64.7,100.0,23,980.0
1999,3,15,20,0,0,0,0,0,0,0,3,22,121.49000000000001,1,0.139,0.30000000000000004,5.1770000000000005,55.7,98.47,23,980.0
1999,3,15,20,30,0,0,0,0,0,0,7,22,128.99,1,0.139,0.30000000000000004,5.183,55.7,100.0,22,980.0
1999,3,15,21,0,0,0,0,0,0,0,7,22,136.48,1,0.139,0.30000000000000004,5.191,53.0,100.0,22,980.0
1999,3,15,21,30,0,0,0,0,0,0,7,22,143.98,0,0.139,0.2,5.181,53.0,100.0,22,980.0
1999,3,15,22,0,0,0,0,0,0,0,7,21,151.47,0,0.139,0.2,5.171,54.300000000000004,97.52,22,980.0
1999,3,15,22,30,0,0,0,0,0,0,7,21,158.97,0,0.139,0.1,5.139,54.300000000000004,97.48,22,980.0
1999,3,15,23,0,0,0,0,0,0,0,7,21,166.46,1,0.139,0.1,5.107,31.400000000000002,97.99000000000001,22,980.0
1999,3,15,23,30,0,0,0,0,0,0,7,21,173.92000000000002,1,0.139,0.1,5.061,31.400000000000002,97.94,22,980.0
1999,3,16,0,0,0,0,0,0,0,0,7,21,178.25,1,0.139,0.1,5.016,310.1,97.25,22,980.0
1999,3,16,0,30,0,0,0,0,0,0,7,21,170.96,1,0.139,0.1,4.974,310.1,97.22,22,980.0
1999,3,16,1,0,0,0,0,0,0,0,7,21,163.48,1,0.139,0.2,4.933,263.2,94.55,22,980.0
1999,3,16,1,30,0,0,0,0,0,0,7,21,155.99,0,0.139,0.2,4.901,263.2,94.54,22,980.0
1999,3,16,2,0,0,0,0,0,0,0,1,20,148.5,0,0.139,0.30000000000000004,4.87,267.0,91.0,22,980.0
1999,3,16,2,30,0,0,0,0,0,0,1,20,141.0,0,0.139,0.30000000000000004,4.849,267.0,91.0,22,980.0
1999,3,16,3,0,0,0,0,0,0,0,0,19,133.5,0,0.139,0.30000000000000004,4.829,288.40000000000003,87.71000000000001,22,980.0
1999,3,16,3,30,0,0,0,0,0,0,0,19,126.01,0,0.139,0.2,4.82,288.40000000000003,87.73,22,980.0
1999,3,16,4,0,0,0,0,0,0,0,3,19,118.51,0,0.139,0.2,4.811,332.20000000000005,85.84,22,980.0
1999,3,16,4,30,0,0,0,0,0,0,7,19,111.01,0,0.139,0.2,4.811,332.20000000000005,85.87,22,980.0
1999,3,16,5,0,0,0,0,0,0,0,3,19,103.51,0,0.139,0.30000000000000004,4.813,32.9,86.01,22,980.0
1999,3,16,5,30,0,0,0,0,0,0,7,19,96.02,0,0.139,0.2,4.82,32.9,86.04,22,980.0
1999,3,16,6,0,13,0,13,11,190,16,7,20,88.52,4,0.139,0.2,4.828,72.8,92.03,22,980.0
1999,3,16,6,30,45,329,96,32,520,113,7,20,81.02,1,0.139,0.1,4.851,72.8,92.06,22,980.0
1999,3,16,7,0,82,425,202,45,682,239,8,22,73.53,1,0.139,0.1,4.874,111.5,100.0,22,980.0
1999,3,16,7,30,135,437,313,54,777,369,8,22,66.03,0,0.139,0.1,4.909,111.5,95.28,23,980.0
1999,3,16,8,0,160,546,445,59,839,497,7,22,58.54,0,0.139,0.1,4.945,90.60000000000001,93.57000000000001,24,980.0
1999,3,16,8,30,291,230,436,64,882,618,4,22,51.050000000000004,0,0.139,0.0,4.981,90.60000000000001,88.16,25,980.0
1999,3,16,9,0,347,249,528,67,913,729,4,21,43.56,0,0.139,0.0,5.017,93.30000000000001,74.26,27,980.0
1999,3,16,9,30,394,278,619,70,935,826,3,21,36.08,0,0.139,0.0,5.055,93.30000000000001,70.0,27,980.0
1999,3,16,10,0,413,367,736,73,951,908,7,21,28.61,0,0.139,0.0,5.094,93.2,67.62,28,980.0
1999,3,16,10,30,462,325,766,75,962,973,7,21,21.150000000000002,0,0.139,0.0,5.13,93.2,67.59,28,980.0
1999,3,16,11,0,403,410,802,77,970,1019,7,21,13.75,4,0.139,0.0,5.167,92.2,65.34,29,980.0
1999,3,16,11,30,466,392,856,77,974,1045,8,21,6.57,0,0.139,0.0,5.198,92.2,65.31,29,980.0
1999,3,16,12,0,531,231,762,77,974,1051,8,22,3.13,0,0.139,0.0,5.229,90.2,66.47,29,980.0
1999,3,16,12,30,511,283,791,77,972,1036,7,22,9.42,0,0.139,0.0,5.253,90.2,66.43,29,980.0
1999,3,16,13,0,433,420,835,76,966,1002,7,22,16.740000000000002,0,0.139,0.0,5.2780000000000005,88.0,67.16,29,980.0
1999,3,16,13,30,404,423,790,74,957,948,7,22,24.18,0,0.139,0.0,5.295,88.0,67.13,29,980.0
1999,3,16,14,0,403,350,701,72,944,875,8,22,31.64,0,0.139,0.0,5.313,86.80000000000001,68.46000000000001,29,980.0
1999,3,16,14,30,69,925,787,69,925,787,0,22,39.12,0,0.139,0.0,5.322,86.80000000000001,72.52,29,980.0
1999,3,16,15,0,232,548,609,65,900,684,8,23,46.6,0,0.139,0.0,5.331,90.4,75.28,29,980.0
1999,3,16,15,30,269,210,392,61,865,569,3,23,54.09,0,0.139,0.0,5.323,90.4,75.28,28,980.0
1999,3,16,16,0,56,816,444,56,816,444,0,23,61.58,0,0.139,0.0,5.316,92.7,78.26,28,980.0
1999,3,16,16,30,49,744,315,49,744,315,0,23,69.08,0,0.139,0.0,5.296,92.7,82.97,27,980.0
1999,3,16,17,0,40,627,185,40,627,185,7,24,76.57000000000001,3,0.139,0.1,5.277,78.0,85.97,27,980.0
1999,3,16,17,30,25,415,68,25,415,68,7,24,84.07000000000001,4,0.139,0.1,5.256,78.0,91.19,26,980.0
1999,3,16,18,0,0,0,0,0,0,0,6,24,91.57000000000001,0,0.139,0.2,5.236,89.0,95.37,26,980.0
1999,3,16,18,30,0,0,0,0,0,0,6,24,99.06,0,0.139,0.2,5.219,89.0,95.4,25,980.0
1999,3,16,19,0,0,0,0,0,0,0,6,23,106.56,1,0.139,0.30000000000000004,5.203,91.9,93.14,25,980.0
1999,3,16,19,30,0,0,0,0,0,0,6,23,114.06,0,0.139,0.30000000000000004,5.189,91.9,98.88,24,980.0
1999,3,16,20,0,0,0,0,0,0,0,6,23,121.56,0,0.139,0.30000000000000004,5.1770000000000005,97.9,98.21000000000001,24,980.0
1999,3,16,20,30,0,0,0,0,0,0,6,23,129.06,0,0.139,0.2,5.163,97.9,98.23,24,980.0
1999,3,16,21,0,0,0,0,0,0,0,6,23,136.56,0,0.139,0.2,5.15,105.10000000000001,97.9,24,980.0
1999,3,16,21,30,0,0,0,0,0,0,6,23,144.05,0,0.139,0.2,5.132,105.10000000000001,100.0,23,980.0
1999,3,16,22,0,0,0,0,0,0,0,6,23,151.55,0,0.139,0.2,5.114,114.60000000000001,100.0,23,980.0
1999,3,16,22,30,0,0,0,0,0,0,6,23,159.05,0,0.139,0.2,5.089,114.60000000000001,100.0,23,980.0
1999,3,16,23,0,0,0,0,0,0,0,6,23,166.55,1,0.139,0.2,5.064,129.6,100.0,23,980.0
1999,3,16,23,30,0,0,0,0,0,0,6,22,174.03,1,0.139,0.2,5.041,129.6,100.0,23,980.0
1999,3,17,0,0,0,0,0,0,0,0,6,22,178.35,1,0.139,0.2,5.018,146.0,100.0,23,980.0
1999,3,17,0,30,0,0,0,0,0,0,7,22,170.92000000000002,1,0.139,0.2,5.008,146.0,100.0,22,980.0
1999,3,17,1,0,0,0,0,0,0,0,7,22,163.43,1,0.139,0.2,4.998,151.0,100.0,22,980.0
1999,3,17,1,30,0,0,0,0,0,0,7,22,155.93,0,0.139,0.2,5.0,151.0,100.0,22,980.0
1999,3,17,2,0,0,0,0,0,0,0,7,22,148.43,1,0.139,0.2,5.003,144.4,100.0,22,980.0
1999,3,17,2,30,0,0,0,0,0,0,7,22,140.93,0,0.139,0.2,5.009,144.4,100.0,22,980.0
1999,3,17,3,0,0,0,0,0,0,0,8,22,133.43,0,0.139,0.2,5.016,131.8,100.0,22,980.0
1999,3,17,3,30,0,0,0,0,0,0,7,22,125.93,0,0.139,0.2,5.0200000000000005,131.8,100.0,22,980.0
1999,3,17,4,0,0,0,0,0,0,0,8,22,118.44,0,0.139,0.30000000000000004,5.025,117.5,100.0,22,980.0
1999,3,17,4,30,0,0,0,0,0,0,8,22,110.94,0,0.139,0.30000000000000004,5.026,117.5,100.0,22,980.0
1999,3,17,5,0,0,0,0,0,0,0,8,22,103.44,0,0.139,0.4,5.027,106.2,100.0,22,980.0
1999,3,17,5,30,0,0,0,0,0,0,4,22,95.94,0,0.139,0.30000000000000004,5.023,106.2,100.0,22,980.0
1999,3,17,6,0,16,0,16,11,183,16,3,22,88.44,4,0.139,0.2,5.019,100.7,100.0,22,980.0
1999,3,17,6,30,33,512,114,33,512,114,0,23,80.94,0,0.139,0.1,5.014,100.7,100.0,23,980.0
1999,3,17,7,0,108,40,120,46,677,239,3,23,73.45,0,0.139,0.0,5.01,110.2,97.55,24,980.0
1999,3,17,7,30,170,200,252,55,773,370,3,23,65.95,0,0.139,0.0,5.015,110.2,91.93,25,980.0
1999,3,17,8,0,223,279,369,60,836,498,3,23,58.45,0,0.139,0.0,5.021,98.5,84.22,26,980.0
1999,3,17,8,30,264,369,497,65,879,619,7,23,50.96,0,0.139,0.0,5.038,98.5,84.22,27,980.0
1999,3,17,9,0,248,560,654,69,910,730,8,22,43.47,0,0.139,0.0,5.055,55.1,75.83,28,980.0
1999,3,17,9,30,72,933,827,72,933,827,0,22,35.980000000000004,0,0.139,0.0,5.0840000000000005,55.1,71.52,28,980.0
1999,3,17,10,0,75,949,909,75,949,909,0,22,28.5,0,0.139,0.0,5.113,39.800000000000004,66.33,29,980.0
1999,3,17,10,30,482,254,719,76,960,973,8,22,21.03,0,0.139,0.0,5.149,39.800000000000004,66.3,29,980.0
1999,3,17,11,0,509,247,750,78,967,1019,8,22,13.61,0,0.139,0.0,5.1850000000000005,60.6,66.37,30,980.0
1999,3,17,11,30,426,33,459,79,971,1045,7,22,6.3500000000000005,0,0.139,0.0,5.221,60.6,66.32000000000001,30,980.0
1999,3,17,12,0,398,26,425,80,972,1051,6,22,2.83,0,0.139,0.0,5.258,90.2,63.26,30,980.0
1999,3,17,12,30,500,82,581,79,969,1036,6,22,9.39,0,0.139,0.0,5.295,90.2,63.22,30,980.0
1999,3,17,13,0,504,222,717,79,963,1001,8,22,16.76,0,0.139,0.0,5.3340000000000005,110.5,64.27,30,980.0
1999,3,17,13,30,455,85,532,77,953,947,8,22,24.21,0,0.139,0.0,5.372,110.5,64.23,30,980.0
1999,3,17,14,0,434,209,613,76,938,875,8,22,31.68,0,0.139,0.0,5.4110000000000005,121.60000000000001,65.44,30,980.0
1999,3,17,14,30,297,24,315,73,919,786,6,22,39.160000000000004,0,0.139,0.0,5.45,121.60000000000001,69.29,29,980.0
1999,3,17,15,0,328,116,407,70,892,682,6,23,46.65,0,0.139,0.0,5.49,134.20000000000002,71.0,29,980.0
1999,3,17,15,30,184,5,188,65,856,567,6,23,54.15,0,0.139,0.0,5.527,134.20000000000002,75.23,28,980.0
1999,3,17,16,0,114,0,114,60,805,442,6,23,61.64,0,0.139,0.0,5.564,115.9,78.51,28,980.0
1999,3,17,16,30,146,100,182,53,730,313,6,23,69.14,0,0.139,0.0,5.591,115.9,83.24,27,980.0
1999,3,17,17,0,86,176,127,42,610,183,7,24,76.63,0,0.139,0.0,5.619,63.7,86.11,27,980.0
1999,3,17,17,30,34,115,46,26,393,66,7,24,84.13,4,0.139,0.0,5.627,63.7,91.36,26,980.0
1999,3,17,18,0,0,0,0,0,0,0,6,24,91.63,0,0.139,0.1,5.635,76.9,89.03,26,980.0
1999,3,17,18,30,0,0,0,0,0,0,6,24,99.13,0,0.139,0.1,5.621,76.9,94.48,25,980.0
1999,3,17,19,0,0,0,0,0,0,0,6,24,106.63,1,0.139,0.1,5.607,93.0,95.84,25,980.0
1999,3,17,19,30,0,0,0,0,0,0,7,24,114.13,0,0.139,0.1,5.5760000000000005,93.0,100.0,24,980.0
1999,3,17,20,0,0,0,0,0,0,0,8,24,121.63,0,0.139,0.1,5.545,102.4,100.0,24,980.0
1999,3,17,20,30,0,0,0,0,0,0,7,24,129.13,0,0.139,0.1,5.506,102.4,100.0,24,980.0
1999,3,17,21,0,0,0,0,0,0,0,7,24,136.63,0,0.139,0.1,5.4670000000000005,108.5,100.0,24,980.0
1999,3,17,21,30,0,0,0,0,0,0,7,23,144.13,0,0.139,0.1,5.4270000000000005,108.5,100.0,24,980.0
1999,3,17,22,0,0,0,0,0,0,0,7,23,151.63,0,0.139,0.1,5.3870000000000005,112.4,100.0,24,980.0
1999,3,17,22,30,0,0,0,0,0,0,7,23,159.13,0,0.139,0.2,5.353,112.4,100.0,23,980.0
1999,3,17,23,0,0,0,0,0,0,0,7,23,166.63,1,0.139,0.30000000000000004,5.319,116.5,100.0,23,980.0
1999,3,17,23,30,0,0,0,0,0,0,7,23,174.13,1,0.139,0.30000000000000004,5.291,116.5,100.0,23,980.0
1999,3,18,0,0,0,0,0,0,0,0,7,23,178.36,1,0.139,0.4,5.264,124.30000000000001,100.0,23,980.0
1999,3,18,0,30,0,0,0,0,0,0,0,23,170.86,1,0.139,0.30000000000000004,5.242,124.30000000000001,100.0,23,980.0
1999,3,18,1,0,0,0,0,0,0,0,0,23,163.36,1,0.139,0.30000000000000004,5.22,141.4,100.0,23,980.0
1999,3,18,1,30,0,0,0,0,0,0,0,23,155.86,0,0.139,0.30000000000000004,5.2090000000000005,141.4,100.0,23,980.0
1999,3,18,2,0,0,0,0,0,0,0,0,23,148.36,0,0.139,0.30000000000000004,5.198,163.4,100.0,23,980.0
1999,3,18,2,30,0,0,0,0,0,0,3,23,140.86,0,0.139,0.30000000000000004,5.2,163.4,100.0,23,980.0
1999,3,18,3,0,0,0,0,0,0,0,3,23,133.36,0,0.139,0.30000000000000004,5.202,167.0,100.0,23,980.0
1999,3,18,3,30,0,0,0,0,0,0,3,23,125.86,0,0.139,0.30000000000000004,5.2090000000000005,167.0,100.0,23,980.0
1999,3,18,4,0,0,0,0,0,0,0,3,23,118.36,0,0.139,0.30000000000000004,5.216,149.0,100.0,23,980.0
1999,3,18,4,30,0,0,0,0,0,0,4,23,110.86,0,0.139,0.30000000000000004,5.228,149.0,100.0,23,980.0
1999,3,18,5,0,0,0,0,0,0,0,1,23,103.36,0,0.139,0.4,5.2410000000000005,123.80000000000001,100.0,23,980.0
1999,3,18,5,30,0,0,0,0,0,0,4,23,95.86,0,0.139,0.30000000000000004,5.256,123.80000000000001,100.0,23,980.0
1999,3,18,6,0,2,0,2,12,177,17,4,23,88.36,4,0.139,0.30000000000000004,5.272,116.30000000000001,100.0,23,980.0
1999,3,18,6,30,19,0,19,35,501,114,4,23,80.86,0,0.139,0.1,5.2780000000000005,116.30000000000001,96.0,24,980.0
1999,3,18,7,0,79,0,79,48,669,239,4,23,73.36,0,0.139,0.0,5.284,103.5,89.41,25,980.0
1999,3,18,7,30,173,145,233,57,765,370,3,23,65.87,0,0.139,0.0,5.282,103.5,89.42,25,980.0
1999,3,18,8,0,64,826,498,64,826,498,0,22,58.370000000000005,0,0.139,0.0,5.281,95.4,83.35000000000001,26,980.0
1999,3,18,8,30,292,230,438,70,870,619,3,22,50.870000000000005,0,0.139,0.0,5.282,95.4,78.60000000000001,27,980.0
1999,3,18,9,0,76,898,729,76,898,729,0,23,43.38,0,0.139,0.0,5.285,84.4,74.74,28,980.0
1999,3,18,9,30,80,921,826,80,921,826,0,23,35.89,0,0.139,0.0,5.291,84.4,74.72,28,980.0
1999,3,18,10,0,84,936,908,84,936,908,0,23,28.400000000000002,0,0.139,0.0,5.298,82.60000000000001,71.31,29,980.0
1999,3,18,10,30,86,949,972,86,949,972,0,23,20.92,0,0.139,0.0,5.314,82.60000000000001,71.28,29,980.0
1999,3,18,11,0,88,956,1018,88,956,1018,0,23,13.47,0,0.139,0.0,5.331,83.0,71.78,29,980.0
1999,3,18,11,30,454,44,498,89,960,1044,3,23,6.140000000000001,0,0.139,0.0,5.357,83.0,71.73,29,980.0
1999,3,18,12,0,487,358,846,90,959,1049,2,23,2.56,0,0.139,0.0,5.383,85.0,67.93,30,980.0
1999,3,18,12,30,351,20,371,90,957,1034,8,23,9.370000000000001,0,0.139,0.0,5.413,85.0,67.88,30,980.0
1999,3,18,13,0,349,21,369,90,949,999,6,23,16.78,0,0.139,0.0,5.4430000000000005,89.9,68.59,30,980.0
1999,3,18,13,30,317,18,334,88,939,945,8,23,24.240000000000002,0,0.139,0.0,5.468,89.9,72.61,30,980.0
1999,3,18,14,0,225,10,234,86,924,872,6,23,31.73,0,0.139,0.0,5.494,105.60000000000001,73.95,30,980.0
1999,3,18,14,30,380,245,570,82,904,783,8,23,39.22,0,0.139,0.0,5.519,105.60000000000001,73.93,29,980.0
1999,3,18,15,0,253,490,589,79,875,679,8,24,46.71,0,0.139,0.0,5.5440000000000005,129.20000000000002,76.23,29,980.0
1999,3,18,15,30,194,524,500,73,838,564,8,24,54.21,0,0.139,0.0,5.561,129.20000000000002,80.77,28,980.0
1999,3,18,16,0,122,610,411,67,784,439,8,25,61.7,0,0.139,0.0,5.58,127.30000000000001,83.86,28,980.0
1999,3,18,16,30,146,104,183,58,706,309,3,25,69.2,0,0.139,0.0,5.586,127.30000000000001,88.91,27,980.0
1999,3,18,17,0,87,86,107,46,582,180,7,25,76.7,3,0.139,0.0,5.593,86.80000000000001,92.24,27,980.0
1999,3,18,17,30,34,36,38,27,359,64,7,25,84.2,4,0.139,0.0,5.577,86.80000000000001,97.85000000000001,26,980.0
1999,3,18,18,0,0,0,0,0,0,0,7,25,91.7,0,0.139,0.1,5.562,94.0,97.87,26,980.0
1999,3,18,18,30,0,0,0,0,0,0,7,25,99.2,0,0.139,0.1,5.534,94.0,100.0,25,980.0
1999,3,18,19,0,0,0,0,0,0,0,7,25,106.7,1,0.139,0.2,5.506,92.80000000000001,100.0,25,980.0
1999,3,18,19,30,0,0,0,0,0,0,7,25,114.2,0,0.139,0.2,5.464,92.80000000000001,100.0,25,980.0
1999,3,18,20,0,0,0,0,0,0,0,3,25,121.7,0,0.139,0.2,5.423,93.0,100.0,25,980.0
1999,3,18,20,30,0,0,0,0,0,0,3,24,129.2,0,0.139,0.1,5.373,93.0,100.0,24,980.0
1999,3,18,21,0,0,0,0,0,0,0,3,24,136.70000000000002,0,0.139,0.1,5.324,95.4,100.0,24,980.0
1999,3,18,21,30,0,0,0,0,0,0,7,24,144.20000000000002,0,0.139,0.0,5.287,95.4,100.0,24,980.0
1999,3,18,22,0,0,0,0,0,0,0,7,24,151.70000000000002,0,0.139,0.0,5.251,106.7,100.0,24,980.0
1999,3,18,22,30,0,0,0,0,0,0,7,24,159.20000000000002,0,0.139,0.0,5.24,106.7,100.0,24,980.0
1999,3,18,23,0,0,0,0,0,0,0,7,24,166.70000000000002,1,0.139,0.0,5.23,98.60000000000001,100.0,24,980.0
1999,3,18,23,30,0,0,0,0,0,0,7,23,174.19,1,0.139,0.1,5.242,98.60000000000001,100.0,24,980.0
1999,3,19,0,0,0,0,0,0,0,0,7,23,178.27,1,0.139,0.2,5.2540000000000004,91.5,100.0,24,980.0
1999,3,19,0,30,0,0,0,0,0,0,7,23,170.78,1,0.139,0.30000000000000004,5.273,91.5,100.0,24,980.0
1999,3,19,1,0,0,0,0,0,0,0,7,23,163.29,1,0.139,0.4,5.2940000000000005,77.7,100.0,24,980.0
1999,3,19,1,30,0,0,0,0,0,0,7,23,155.79,0,0.139,0.4,5.306,77.7,100.0,24,980.0
1999,3,19,2,0,0,0,0,0,0,0,7,23,148.29,0,0.139,0.5,5.319,68.5,100.0,24,980.0
1999,3,19,2,30,0,0,0,0,0,0,7,23,140.78,0,0.139,0.5,5.314,68.5,100.0,23,980.0
1999,3,19,3,0,0,0,0,0,0,0,4,23,133.28,0,0.139,0.5,5.309,76.2,100.0,23,980.0
1999,3,19,3,30,0,0,0,0,0,0,7,23,125.78,0,0.139,0.5,5.298,76.2,100.0,23,980.0
1999,3,19,4,0,0,0,0,0,0,0,1,23,118.28,0,0.139,0.5,5.287,91.60000000000001,100.0,23,980.0
1999,3,19,4,30,0,0,0,0,0,0,1,22,110.78,0,0.139,0.4,5.276,91.60000000000001,100.0,23,980.0
1999,3,19,5,0,0,0,0,0,0,0,0,22,103.28,0,0.139,0.4,5.265,99.7,100.0,23,980.0
1999,3,19,5,30,0,0,0,0,0,0,0,22,95.78,0,0.139,0.30000000000000004,5.247,99.7,100.0,23,980.0
1999,3,19,6,0,12,162,17,12,162,17,0,23,88.28,0,0.139,0.2,5.23,99.7,100.0,23,980.0
1999,3,19,6,30,37,486,114,37,486,114,0,23,80.78,0,0.139,0.1,5.218,99.7,100.0,23,980.0
1999,3,19,7,0,51,653,239,51,653,239,0,24,73.28,0,0.139,0.0,5.207,97.60000000000001,100.0,24,980.0
1999,3,19,7,30,61,752,370,61,752,370,0,24,65.78,0,0.139,0.0,5.21,97.60000000000001,100.0,24,980.0
1999,3,19,8,0,67,820,498,67,820,498,0,25,58.28,0,0.139,0.0,5.213,104.60000000000001,100.0,25,980.0
1999,3,19,8,30,73,864,619,73,864,619,0,25,50.79,0,0.139,0.0,5.232,104.60000000000001,100.0,25,980.0
1999,3,19,9,0,350,242,526,77,897,730,3,25,43.29,0,0.139,0.0,5.251,106.9,94.37,26,980.0
1999,3,19,9,30,80,920,827,80,920,827,0,25,35.79,0,0.139,0.0,5.275,106.9,88.97,27,980.0
1999,3,19,10,0,82,938,909,82,938,909,0,23,28.3,0,0.139,0.0,5.299,81.4,78.58,28,980.0
1999,3,19,10,30,84,950,973,84,950,973,0,23,20.82,0,0.139,0.0,5.314,81.4,78.54,28,980.0
1999,3,19,11,0,290,15,305,86,958,1018,3,23,13.35,0,0.139,0.0,5.33,49.400000000000006,76.85000000000001,29,980.0
1999,3,19,11,30,458,46,504,87,962,1044,3,23,5.96,0,0.139,0.0,5.347,49.400000000000006,76.8,29,980.0
1999,3,19,12,0,283,15,299,88,961,1049,4,23,2.33,0,0.139,0.0,5.365,54.400000000000006,71.85000000000001,29,980.0
1999,3,19,12,30,407,29,436,88,959,1034,4,23,9.370000000000001,0,0.139,0.0,5.388,54.400000000000006,71.82000000000001,29,980.0
1999,3,19,13,0,453,375,812,88,951,999,3,23,16.81,0,0.139,0.0,5.412,86.7,72.28,29,980.0
1999,3,19,13,30,465,264,706,86,941,944,3,23,24.29,0,0.139,0.0,5.441,86.7,72.25,29,980.0
1999,3,19,14,0,85,924,871,85,924,871,0,23,31.78,0,0.139,0.0,5.47,105.5,73.93,29,980.0
1999,3,19,14,30,386,150,502,82,904,782,8,23,39.27,0,0.139,0.0,5.492,105.5,78.31,28,980.0
1999,3,19,15,0,326,227,482,78,876,678,8,24,46.77,0,0.139,0.0,5.515,63.800000000000004,81.24,28,980.0
1999,3,19,15,30,246,48,274,73,839,563,8,24,54.27,0,0.139,0.0,5.522,63.800000000000004,86.12,28,980.0
1999,3,19,16,0,177,22,188,65,788,438,6,24,61.76,0,0.139,0.1,5.53,65.4,87.11,28,980.0
1999,3,19,16,30,145,91,177,57,710,309,6,24,69.26,0,0.139,0.1,5.524,65.4,87.13,27,980.0
1999,3,19,17,0,86,75,103,45,591,180,7,24,76.76,3,0.139,0.1,5.518,70.7,87.63,27,980.0
1999,3,19,17,30,33,29,36,26,368,63,7,24,84.26,4,0.139,0.1,5.493,70.7,92.96000000000001,26,980.0
1999,3,19,18,0,0,0,0,0,0,0,6,24,91.76,0,0.139,0.1,5.469,103.4,92.13,26,980.0
1999,3,19,18,30,0,0,0,0,0,0,6,24,99.26,0,0.139,0.1,5.432,103.4,97.77,25,980.0
1999,3,19,19,0,0,0,0,0,0,0,6,24,106.76,1,0.139,0.1,5.396,121.9,97.03,25,980.0
1999,3,19,19,30,0,0,0,0,0,0,7,24,114.26,0,0.139,0.1,5.359,121.9,100.0,24,980.0
1999,3,19,20,0,0,0,0,0,0,0,7,24,121.76,0,0.139,0.1,5.324,131.1,100.0,24,980.0
1999,3,19,20,30,0,0,0,0,0,0,7,24,129.26,0,0.139,0.1,5.298,131.1,100.0,24,980.0
1999,3,19,21,0,0,0,0,0,0,0,7,24,136.76,0,0.139,0.1,5.273,136.8,100.0,24,980.0
1999,3,19,21,30,0,0,0,0,0,0,7,23,144.26,0,0.139,0.1,5.2620000000000005,136.8,100.0,24,980.0
1999,3,19,22,0,0,0,0,0,0,0,8,23,151.76,0,0.139,0.1,5.252,143.6,100.0,24,980.0
1999,3,19,22,30,0,0,0,0,0,0,7,23,159.26,0,0.139,0.1,5.256,143.6,100.0,23,980.0
1999,3,19,23,0,0,0,0,0,0,0,7,23,166.76,1,0.139,0.2,5.26,155.9,100.0,23,980.0
1999,3,19,23,30,0,0,0,0,0,0,7,23,174.24,1,0.139,0.2,5.2700000000000005,155.9,100.0,23,980.0
1999,3,20,0,0,0,0,0,0,0,0,7,23,178.09,1,0.139,0.2,5.281,169.8,100.0,23,980.0
1999,3,20,0,30,0,0,0,0,0,0,7,23,170.69,1,0.139,0.1,5.289,169.8,100.0,23,980.0
1999,3,20,1,0,0,0,0,0,0,0,7,23,163.20000000000002,1,0.139,0.1,5.298,179.4,100.0,23,980.0
1999,3,20,1,30,0,0,0,0,0,0,7,22,155.70000000000002,0,0.139,0.1,5.3020000000000005,179.4,100.0,23,980.0
1999,3,20,2,0,0,0,0,0,0,0,7,22,148.20000000000002,0,0.139,0.1,5.307,185.20000000000002,100.0,23,980.0
1999,3,20,2,30,0,0,0,0,0,0,7,22,140.70000000000002,0,0.139,0.1,5.316,185.20000000000002,100.0,23,980.0
1999,3,20,3,0,0,0,0,0,0,0,7,22,133.2,0,0.139,0.1,5.325,187.8,100.0,23,980.0
1999,3,20,3,30,0,0,0,0,0,0,7,22,125.7,0,0.139,0.1,5.3580000000000005,187.8,100.0,22,980.0
1999,3,20,4,0,0,0,0,0,0,0,7,22,118.2,0,0.139,0.1,5.391,178.0,100.0,22,980.0
1999,3,20,4,30,0,0,0,0,0,0,7,22,110.7,0,0.139,0.1,5.455,178.0,100.0,22,980.0
1999,3,20,5,0,0,0,0,0,0,0,3,22,103.2,0,0.139,0.2,5.5200000000000005,152.3,100.0,22,980.0
1999,3,20,5,30,0,0,0,0,0,0,7,22,95.7,0,0.139,0.1,5.582,152.3,100.0,22,980.0
1999,3,20,6,0,5,0,5,13,143,17,7,23,88.2,4,0.139,0.1,5.6450000000000005,130.70000000000002,100.0,23,980.0
1999,3,20,6,30,33,0,33,39,461,114,4,23,80.7,0,0.139,0.0,5.678,130.70000000000002,100.0,23,980.0
1999,3,20,7,0,99,333,195,56,623,237,8,24,73.2,0,0.139,0.0,5.711,112.7,100.0,24,980.0
1999,3,20,7,30,175,137,231,68,725,366,4,24,65.7,0,0.139,0.0,5.729,112.7,100.0,24,980.0
1999,3,20,8,0,235,192,337,77,790,494,3,24,58.2,0,0.139,0.0,5.747,77.7,100.0,24,980.0
1999,3,20,8,30,240,458,530,84,837,614,8,24,50.7,0,0.139,0.0,5.766,77.7,100.0,24,980.0
1999,3,20,9,0,331,333,574,89,871,724,7,25,43.2,0,0.139,0.0,5.787,64.0,100.0,25,980.0
1999,3,20,9,30,405,226,590,93,896,821,7,25,35.7,0,0.139,0.0,5.814,64.0,100.0,25,980.0
1999,3,20,10,0,434,302,701,96,914,902,7,24,28.21,0,0.139,0.0,5.841,58.0,99.74000000000001,25,980.0
1999,3,20,10,30,99,927,966,99,927,966,0,24,20.72,0,0.139,0.0,5.854,58.0,99.71000000000001,25,980.0
1999,3,20,11,0,452,394,836,99,937,1012,8,24,13.23,0,0.139,0.0,5.868,54.300000000000004,99.04,25,980.0
1999,3,20,11,30,532,180,712,100,942,1037,8,24,5.8,0,0.139,0.0,5.848,54.300000000000004,99.0,25,980.0
1999,3,20,12,0,534,202,737,98,946,1043,7,24,2.15,0,0.139,0.0,5.828,51.300000000000004,97.93,25,980.0
1999,3,20,12,30,500,326,822,97,944,1029,7,24,9.38,0,0.139,0.0,5.775,51.300000000000004,97.88,25,980.0
1999,3,20,13,0,504,207,703,93,941,995,8,24,16.85,0,0.139,0.0,5.723,49.300000000000004,96.48,25,980.0
1999,3,20,13,30,435,63,492,91,932,941,6,24,24.34,0,0.139,0.0,5.643,49.300000000000004,96.44,25,980.0
1999,3,20,14,0,404,69,464,86,921,869,6,24,31.84,0,0.139,0.0,5.563,56.7,95.41,25,980.0
1999,3,20,14,30,361,70,415,83,901,781,6,24,39.33,0,0.139,0.0,5.478,56.7,100.0,25,980.0
1999,3,20,15,0,233,13,242,77,878,678,6,24,46.83,0,0.139,0.0,5.3950000000000005,71.9,100.0,25,980.0
1999,3,20,15,30,167,1,168,72,841,562,6,24,54.33,0,0.139,0.0,5.319,71.9,100.0,24,980.0
1999,3,20,16,0,138,0,138,64,792,438,6,24,61.83,0,0.139,0.0,5.244,113.30000000000001,100.0,24,980.0
1999,3,20,16,30,114,0,114,56,716,309,6,24,69.33,0,0.139,0.0,5.183,113.30000000000001,100.0,24,980.0
1999,3,20,17,0,71,0,71,44,597,180,6,24,76.83,0,0.139,0.1,5.124,117.0,100.0,24,980.0
1999,3,20,17,30,25,0,25,26,374,63,6,23,84.33,4,0.139,0.2,5.0840000000000005,117.0,100.0,23,980.0
1999,3,20,18,0,0,0,0,0,0,0,6,23,91.83,0,0.139,0.30000000000000004,5.0440000000000005,108.7,100.0,23,980.0
1999,3,20,18,30,0,0,0,0,0,0,6,23,99.33,0,0.139,0.30000000000000004,5.008,108.7,100.0,23,980.0
1999,3,20,19,0,0,0,0,0,0,0,6,23,106.83,1,0.139,0.30000000000000004,4.972,103.60000000000001,100.0,23,980.0
1999,3,20,19,30,0,0,0,0,0,0,6,22,114.33,0,0.139,0.2,4.934,103.60000000000001,100.0,22,980.0
1999,3,20,20,0,0,0,0,0,0,0,6,22,121.83,0,0.139,0.1,4.897,106.60000000000001,100.0,22,980.0
1999,3,20,20,30,0,0,0,0,0,0,7,22,129.33,0,0.139,0.0,4.868,106.60000000000001,100.0,22,980.0
1999,3,20,21,0,0,0,0,0,0,0,8,22,136.83,0,0.139,0.0,4.839,114.9,100.0,22,980.0
1999,3,20,21,30,0,0,0,0,0,0,8,22,144.33,0,0.139,0.0,4.817,114.9,100.0,22,980.0
1999,3,20,22,0,0,0,0,0,0,0,8,22,151.82,0,0.139,0.0,4.795,123.10000000000001,100.0,22,980.0
1999,3,20,22,30,0,0,0,0,0,0,4,22,159.32,0,0.139,0.0,4.787,123.10000000000001,100.0,22,980.0
1999,3,20,23,0,0,0,0,0,0,0,4,22,166.8,1,0.139,0.0,4.78,131.4,100.0,22,980.0
1999,3,20,23,30,0,0,0,0,0,0,4,22,174.25,1,0.139,0.0,4.7780000000000005,131.4,100.0,22,980.0
1999,3,21,0,0,0,0,0,0,0,0,4,22,177.86,1,0.139,0.1,4.776,133.1,100.0,22,980.0
1999,3,21,0,30,0,0,0,0,0,0,7,22,170.58,1,0.139,0.2,4.771,133.1,100.0,22,980.0
1999,3,21,1,0,0,0,0,0,0,0,7,22,163.11,1,0.139,0.30000000000000004,4.766,136.3,100.0,22,980.0
1999,3,21,1,30,0,0,0,0,0,0,7,22,155.61,0,0.139,0.30000000000000004,4.752,136.3,100.0,22,980.0
1999,3,21,2,0,0,0,0,0,0,0,7,22,148.12,0,0.139,0.4,4.739,140.5,100.0,22,980.0
1999,3,21,2,30,0,0,0,0,0,0,0,21,140.62,0,0.139,0.4,4.718,140.5,100.0,22,980.0
1999,3,21,3,0,0,0,0,0,0,0,7,21,133.12,0,0.139,0.5,4.698,145.3,100.0,22,980.0
1999,3,21,3,30,0,0,0,0,0,0,7,21,125.62,0,0.139,0.5,4.681,145.3,100.0,22,980.0
1999,3,21,4,0,0,0,0,0,0,0,7,21,118.12,0,0.139,0.6000000000000001,4.665,149.8,100.0,22,980.0
1999,3,21,4,30,0,0,0,0,0,0,7,21,110.62,0,0.139,0.5,4.659,149.8,100.0,21,980.0
1999,3,21,5,0,0,0,0,0,0,0,3,21,103.12,0,0.139,0.5,4.6530000000000005,150.9,100.0,21,980.0
1999,3,21,5,30,0,0,0,0,0,0,7,21,95.62,0,0.139,0.30000000000000004,4.6530000000000005,150.9,100.0,21,980.0
1999,3,21,6,0,19,0,19,12,205,19,7,21,88.12,4,0.139,0.2,4.6530000000000005,147.9,100.0,22,980.0
1999,3,21,6,30,34,521,119,34,521,119,0,22,80.62,0,0.139,0.1,4.657,147.9,100.0,22,980.0
1999,3,21,7,0,70,558,232,47,682,245,7,23,73.12,0,0.139,0.0,4.662,142.4,100.0,23,980.0
1999,3,21,7,30,137,1,138,56,775,376,3,23,65.62,0,0.139,0.0,4.673,142.4,100.0,23,980.0
1999,3,21,8,0,62,837,504,62,837,504,0,24,58.120000000000005,0,0.139,0.0,4.684,137.9,100.0,24,980.0
1999,3,21,8,30,67,880,625,67,880,625,0,24,50.620000000000005,0,0.139,0.0,4.703,137.9,100.0,24,980.0
1999,3,21,9,0,342,286,551,70,911,735,3,24,43.12,0,0.139,0.0,4.722,141.9,100.0,25,980.0
1999,3,21,9,30,73,934,832,73,934,832,0,24,35.62,0,0.139,0.0,4.7540000000000004,141.9,100.0,25,980.0
1999,3,21,10,0,74,950,913,74,950,913,0,24,28.12,0,0.139,0.0,4.787,148.6,97.47,25,980.0
1999,3,21,10,30,76,962,977,76,962,977,0,24,20.62,0,0.139,0.0,4.823,148.6,97.43,25,980.0
1999,3,21,11,0,517,162,675,77,969,1021,2,23,13.13,0,0.139,0.0,4.859,153.3,87.99,26,980.0
1999,3,21,11,30,459,410,867,77,973,1046,8,23,5.66,0,0.139,0.0,4.894,153.3,87.95,26,980.0
1999,3,21,12,0,344,527,871,78,973,1051,8,23,2.0300000000000002,4,0.139,0.0,4.93,161.60000000000002,80.92,27,980.0
1999,3,21,12,30,431,53,484,78,971,1036,8,23,9.42,4,0.139,0.0,4.955,161.60000000000002,80.87,27,980.0
1999,3,21,13,0,427,41,467,78,964,1000,6,23,16.9,0,0.139,0.0,4.981,168.5,80.9,27,980.0
1999,3,21,13,30,283,15,297,76,954,946,6,23,24.400000000000002,0,0.139,0.0,4.993,168.5,80.87,27,980.0
1999,3,21,14,0,263,13,275,75,940,873,6,23,31.900000000000002,0,0.139,0.0,5.006,172.8,81.3,28,980.0
1999,3,21,14,30,232,10,241,72,921,784,6,23,39.4,0,0.139,0.0,5.0040000000000004,172.8,81.28,27,980.0
1999,3,21,15,0,232,13,241,69,894,680,6,23,46.9,0,0.139,0.0,5.002,175.20000000000002,82.3,27,980.0
1999,3,21,15,30,246,50,276,64,858,564,6,23,54.4,0,0.139,0.0,4.98,175.20000000000002,82.3,27,980.0
1999,3,21,16,0,202,88,244,58,808,439,6,24,61.9,0,0.139,0.0,4.9590000000000005,182.10000000000002,86.43,27,980.0
1999,3,21,16,30,135,267,229,51,734,309,6,24,69.4,0,0.139,0.0,4.942,182.10000000000002,91.68,26,980.0
1999,3,21,17,0,86,116,112,41,614,180,6,25,76.9,0,0.139,0.1,4.925,179.9,95.0,26,980.0
1999,3,21,17,30,32,69,39,24,394,63,7,25,84.4,4,0.139,0.2,4.916,179.9,100.0,25,980.0
1999,3,21,18,0,0,0,0,0,0,0,7,24,91.9,0,0.139,0.30000000000000004,4.907,172.60000000000002,98.58,25,980.0
1999,3,21,18,30,0,0,0,0,0,0,7,24,99.4,0,0.139,0.30000000000000004,4.904,172.60000000000002,100.0,25,980.0
1999,3,21,19,0,0,0,0,0,0,0,7,24,106.9,1,0.138,0.4,4.901,158.10000000000002,100.0,25,980.0
1999,3,21,19,30,0,0,0,0,0,0,7,24,114.4,0,0.138,0.4,4.893,158.10000000000002,100.0,24,980.0
1999,3,21,20,0,0,0,0,0,0,0,7,24,121.9,0,0.138,0.4,4.885,151.9,100.0,24,980.0
1999,3,21,20,30,0,0,0,0,0,0,7,23,129.39000000000001,0,0.138,0.30000000000000004,4.869,151.9,100.0,23,980.0
1999,3,21,21,0,0,0,0,0,0,0,7,23,136.89000000000001,0,0.138,0.30000000000000004,4.853,150.0,100.0,23,980.0
1999,3,21,21,30,0,0,0,0,0,0,6,23,144.39000000000001,0,0.138,0.2,4.835,150.0,100.0,23,980.0
1999,3,21,22,0,0,0,0,0,0,0,6,23,151.88,0,0.138,0.2,4.817,150.20000000000002,100.0,23,980.0
1999,3,21,22,30,0,0,0,0,0,0,6,22,159.37,0,0.138,0.2,4.8,150.20000000000002,100.0,23,980.0
1999,3,21,23,0,0,0,0,0,0,0,6,22,166.84,1,0.138,0.30000000000000004,4.784,155.60000000000002,100.0,23,980.0
1999,3,21,23,30,0,0,0,0,0,0,6,22,174.24,1,0.138,0.30000000000000004,4.763,155.60000000000002,100.0,22,980.0
1999,3,22,0,0,0,0,0,0,0,0,6,22,177.58,1,0.138,0.4,4.743,163.9,100.0,22,980.0
1999,3,22,0,30,0,0,0,0,0,0,6,22,170.45000000000002,1,0.138,0.4,4.714,163.9,100.0,22,980.0
1999,3,22,1,0,0,0,0,0,0,0,6,22,163.0,1,0.138,0.4,4.6850000000000005,170.5,100.0,22,980.0
1999,3,22,1,30,0,0,0,0,0,0,6,22,155.52,0,0.138,0.4,4.658,170.5,100.0,22,980.0
1999,3,22,2,0,0,0,0,0,0,0,6,22,148.03,0,0.138,0.4,4.632,175.4,100.0,22,980.0
1999,3,22,2,30,0,0,0,0,0,0,6,21,140.53,0,0.138,0.4,4.615,175.4,100.0,22,980.0
1999,3,22,3,0,0,0,0,0,0,0,8,21,133.04,0,0.138,0.4,4.599,176.5,100.0,22,980.0
1999,3,22,3,30,0,0,0,0,0,0,8,21,125.54,0,0.138,0.30000000000000004,4.598,176.5,100.0,21,980.0
1999,3,22,4,0,0,0,0,0,0,0,8,21,118.04,0,0.138,0.30000000000000004,4.597,173.4,100.0,21,980.0
1999,3,22,4,30,0,0,0,0,0,0,8,21,110.54,0,0.138,0.2,4.611,173.4,100.0,21,980.0
1999,3,22,5,0,0,0,0,0,0,0,8,21,103.04,0,0.138,0.2,4.625,167.5,100.0,21,980.0
1999,3,22,5,30,0,0,0,0,0,0,7,21,95.54,0,0.138,0.1,4.65,167.5,100.0,21,980.0
1999,3,22,6,0,4,0,4,13,202,20,8,22,88.04,4,0.138,0.1,4.675,163.20000000000002,100.0,22,980.0
1999,3,22,6,30,24,0,24,35,515,120,8,22,80.54,0,0.138,0.0,4.71,163.20000000000002,100.0,22,980.0
1999,3,22,7,0,91,0,91,49,673,246,8,23,73.04,0,0.138,0.0,4.745,156.8,100.0,23,980.0
1999,3,22,7,30,141,5,144,58,767,376,8,23,65.54,0,0.138,0.0,4.788,156.8,100.0,24,980.0
1999,3,22,8,0,173,5,176,64,832,504,8,24,58.04,0,0.138,0.0,4.831,156.9,100.0,25,980.0
1999,3,22,8,30,198,7,202,69,874,625,4,24,50.54,0,0.138,0.0,4.882,156.9,99.51,25,980.0
1999,3,22,9,0,357,157,473,72,906,734,7,24,43.04,0,0.138,0.0,4.934,148.6,91.91,26,980.0
1999,3,22,9,30,407,130,513,75,928,831,8,24,35.54,0,0.138,0.0,4.999,148.6,91.89,27,980.0
1999,3,22,10,0,455,175,610,76,946,911,8,23,28.04,0,0.138,0.0,5.065,136.8,83.12,28,980.0
1999,3,22,10,30,470,88,552,78,957,974,8,23,20.54,0,0.138,0.0,5.14,136.8,83.09,28,980.0
1999,3,22,11,0,513,135,646,78,964,1018,8,23,13.040000000000001,0,0.138,0.0,5.216,126.4,77.52,28,980.0
1999,3,22,11,30,514,97,611,79,968,1043,7,23,5.54,0,0.138,0.0,5.281,126.4,77.48,28,980.0
1999,3,22,12,0,534,185,719,79,969,1047,8,23,1.99,0,0.138,0.0,5.346,117.5,77.75,28,980.0
1999,3,22,12,30,524,207,729,78,966,1032,8,23,9.47,0,0.138,0.0,5.392,117.5,77.7,28,980.0
1999,3,22,13,0,474,337,797,78,959,996,7,23,16.96,0,0.138,0.0,5.439,112.10000000000001,78.17,28,980.0
1999,3,22,13,30,403,418,783,76,950,941,8,23,24.46,0,0.138,0.0,5.4670000000000005,112.10000000000001,82.82000000000001,28,980.0
1999,3,22,14,0,74,936,868,74,936,868,0,24,31.96,0,0.138,0.0,5.495,106.10000000000001,83.86,28,980.0
1999,3,22,14,30,71,916,779,71,916,779,0,24,39.46,0,0.138,0.0,5.496,106.10000000000001,83.85000000000001,27,980.0
1999,3,22,15,0,68,890,676,68,890,676,0,24,46.96,0,0.138,0.0,5.497,98.9,85.85000000000001,27,980.0
1999,3,22,15,30,63,854,560,63,854,560,0,24,54.46,0,0.138,0.0,5.478,98.9,91.04,26,980.0
1999,3,22,16,0,58,804,436,58,804,436,0,24,61.96,0,0.138,0.0,5.46,83.4,93.95,26,980.0
1999,3,22,16,30,51,729,307,51,729,307,0,24,69.46000000000001,0,0.138,0.0,5.438,83.4,99.71000000000001,25,980.0
1999,3,22,17,0,40,609,178,40,609,178,4,25,76.96000000000001,4,0.138,0.0,5.417,60.6,100.0,25,980.0
1999,3,22,17,30,24,388,62,24,388,62,4,24,84.46000000000001,4,0.138,0.0,5.401,60.6,100.0,24,980.0
1999,3,22,18,0,0,0,0,0,0,0,4,24,91.96000000000001,0,0.138,0.0,5.385,55.7,100.0,24,980.0
1999,3,22,18,30,0,0,0,0,0,0,3,24,99.46000000000001,0,0.138,0.0,5.371,55.7,100.0,24,980.0
1999,3,22,19,0,0,0,0,0,0,0,3,24,106.96000000000001,1,0.138,0.0,5.357,55.0,100.0,24,980.0
1999,3,22,19,30,0,0,0,0,0,0,4,23,114.46000000000001,0,0.138,0.0,5.346,55.0,100.0,24,980.0
1999,3,22,20,0,0,0,0,0,0,0,4,23,121.96000000000001,0,0.138,0.0,5.336,53.900000000000006,100.0,24,980.0
1999,3,22,20,30,0,0,0,0,0,0,4,23,129.46,0,0.138,0.0,5.332,53.900000000000006,100.0,23,980.0
1999,3,22,21,0,0,0,0,0,0,0,4,23,136.95000000000002,0,0.138,0.1,5.329,57.800000000000004,100.0,23,980.0
1999,3,22,21,30,0,0,0,0,0,0,7,23,144.44,0,0.138,0.1,5.324,57.800000000000004,100.0,23,980.0
1999,3,22,22,0,0,0,0,0,0,0,7,23,151.93,0,0.138,0.2,5.321,57.400000000000006,100.0,23,980.0
1999,3,22,22,30,0,0,0,0,0,0,7,23,159.41,0,0.138,0.2,5.317,57.400000000000006,100.0,23,980.0
1999,3,22,23,0,0,0,0,0,0,0,7,23,166.87,1,0.138,0.30000000000000004,5.313,48.5,100.0,23,980.0
1999,3,22,23,30,0,0,0,0,0,0,7,23,174.19,1,0.138,0.30000000000000004,5.305,48.5,100.0,23,980.0
1999,3,23,0,0,0,0,0,0,0,0,7,23,177.27,1,0.138,0.4,5.298,34.0,100.0,23,980.0
1999,3,23,0,30,0,0,0,0,0,0,7,23,170.31,1,0.138,0.30000000000000004,5.292,34.0,100.0,23,980.0
1999,3,23,1,0,0,0,0,0,0,0,7,22,162.89000000000001,1,0.138,0.30000000000000004,5.287,15.5,99.89,23,980.0
1999,3,23,1,30,0,0,0,0,0,0,7,22,155.42000000000002,0,0.138,0.30000000000000004,5.2860000000000005,15.5,99.88,23,980.0
1999,3,23,2,0,0,0,0,0,0,0,8,22,147.93,0,0.138,0.30000000000000004,5.285,0.8,99.15,23,980.0
1999,3,23,2,30,0,0,0,0,0,0,7,22,140.44,0,0.138,0.30000000000000004,5.288,0.8,100.0,23,980.0
1999,3,23,3,0,0,0,0,0,0,0,8,22,132.95,0,0.138,0.30000000000000004,5.291,1.4000000000000001,100.0,23,980.0
1999,3,23,3,30,0,0,0,0,0,0,7,22,125.45,0,0.138,0.30000000000000004,5.295,1.4000000000000001,100.0,22,980.0
1999,3,23,4,0,0,0,0,0,0,0,8,22,117.95,0,0.138,0.4,5.299,21.0,100.0,22,980.0
1999,3,23,4,30,0,0,0,0,0,0,7,22,110.46000000000001,0,0.138,0.4,5.306,21.0,100.0,22,980.0
1999,3,23,5,0,0,0,0,0,0,0,7,22,102.96000000000001,0,0.138,0.4,5.313,33.5,100.0,22,980.0
1999,3,23,5,30,0,0,0,0,0,0,8,22,95.46000000000001,0,0.138,0.30000000000000004,5.32,33.5,100.0,22,980.0
1999,3,23,6,0,4,0,4,13,214,20,8,22,87.96000000000001,4,0.138,0.30000000000000004,5.328,33.7,100.0,22,980.0
1999,3,23,6,30,24,0,24,34,522,121,8,22,80.46000000000001,0,0.138,0.1,5.337,33.7,100.0,22,980.0
1999,3,23,7,0,109,30,118,47,680,246,8,23,72.96000000000001,0,0.138,0.0,5.347,33.300000000000004,100.0,23,980.0
1999,3,23,7,30,171,67,199,55,772,376,8,23,65.46000000000001,0,0.138,0.0,5.353,33.300000000000004,100.0,23,980.0
1999,3,23,8,0,221,51,248,59,836,503,8,24,57.96,0,0.138,0.0,5.36,33.5,100.0,24,990.0
1999,3,23,8,30,295,105,362,64,877,623,8,24,50.46,0,0.138,0.0,5.367,33.5,100.0,24,990.0
1999,3,23,9,0,357,186,494,66,909,732,8,23,42.96,0,0.138,0.0,5.3740000000000006,38.900000000000006,94.15,25,990.0
1999,3,23,9,30,404,241,601,69,931,828,7,23,35.46,0,0.138,0.0,5.39,38.900000000000006,94.13,25,990.0
1999,3,23,10,0,442,274,684,71,947,908,8,23,27.96,0,0.138,0.0,5.406,26.900000000000002,86.67,26,990.0
1999,3,23,10,30,490,206,683,73,958,971,7,23,20.46,0,0.138,0.0,5.421,26.900000000000002,86.64,26,980.0
1999,3,23,11,0,512,133,642,75,965,1016,8,23,12.96,0,0.138,0.0,5.437,12.600000000000001,85.31,27,980.0
1999,3,23,11,30,511,94,605,75,969,1040,8,23,5.46,0,0.138,0.0,5.446,12.600000000000001,85.25,27,980.0
1999,3,23,12,0,534,166,700,76,970,1045,7,23,2.0300000000000002,0,0.138,0.0,5.456,347.0,79.63,27,980.0
1999,3,23,12,30,523,210,730,75,967,1030,8,23,9.53,0,0.138,0.0,5.461,347.0,79.58,27,980.0
1999,3,23,13,0,431,415,829,74,962,994,8,23,17.03,0,0.138,0.0,5.4670000000000005,304.3,79.4,27,980.0
1999,3,23,13,30,72,952,939,72,952,939,0,23,24.53,0,0.138,0.0,5.478,304.3,79.35000000000001,27,980.0
1999,3,23,14,0,353,450,735,70,939,866,8,23,32.04,0,0.138,0.0,5.4910000000000005,278.6,79.66,27,980.0
1999,3,23,14,30,272,17,286,67,919,777,8,23,39.54,0,0.138,0.0,5.505,278.6,79.65,27,980.0
1999,3,23,15,0,239,16,251,64,894,673,8,23,47.04,0,0.138,0.0,5.519,263.40000000000003,81.36,27,980.0
1999,3,23,15,30,216,449,476,60,858,558,7,23,54.54,0,0.138,0.0,5.53,263.40000000000003,81.36,27,980.0
1999,3,23,16,0,54,810,434,54,810,434,0,24,62.03,0,0.138,0.0,5.541,258.0,83.94,27,980.0
1999,3,23,16,30,47,736,305,47,736,305,0,24,69.53,0,0.138,0.0,5.553,258.0,89.03,26,980.0
1999,3,23,17,0,38,618,176,38,618,176,7,24,77.03,3,0.138,0.1,5.565,274.5,95.86,26,980.0
1999,3,23,17,30,23,400,61,23,400,61,1,24,84.53,0,0.138,0.2,5.572,274.5,100.0,25,980.0
1999,3,23,18,0,0,0,0,0,0,0,0,24,92.03,0,0.138,0.30000000000000004,5.58,278.1,100.0,25,980.0
1999,3,23,18,30,0,0,0,0,0,0,0,24,99.53,0,0.138,0.30000000000000004,5.59,278.1,100.0,24,980.0
1999,3,23,19,0,0,0,0,0,0,0,0,24,107.03,1,0.138,0.30000000000000004,5.601,283.8,100.0,24,980.0
1999,3,23,19,30,0,0,0,0,0,0,0,23,114.53,0,0.138,0.30000000000000004,5.612,283.8,100.0,23,980.0
1999,3,23,20,0,0,0,0,0,0,0,1,23,122.02,0,0.138,0.30000000000000004,5.6240000000000006,289.5,100.0,23,980.0
1999,3,23,20,30,0,0,0,0,0,0,0,23,129.52,0,0.138,0.2,5.628,289.5,100.0,23,980.0
1999,3,23,21,0,0,0,0,0,0,0,0,23,137.01,0,0.138,0.2,5.632,295.40000000000003,100.0,23,980.0
1999,3,23,21,30,0,0,0,0,0,0,0,22,144.5,0,0.138,0.2,5.631,295.40000000000003,100.0,23,980.0
1999,3,23,22,0,0,0,0,0,0,0,0,22,151.98,0,0.138,0.2,5.63,301.0,100.0,23,980.0
1999,3,23,22,30,0,0,0,0,0,0,0,22,159.45000000000002,0,0.138,0.2,5.618,301.0,100.0,22,980.0
1999,3,23,23,0,0,0,0,0,0,0,0,22,166.88,1,0.138,0.30000000000000004,5.607,305.3,100.0,22,980.0
1999,3,23,23,30,0,0,0,0,0,0,0,22,174.13,1,0.138,0.30000000000000004,5.586,305.3,100.0,22,980.0
1999,3,24,0,0,0,0,0,0,0,0,0,22,176.93,1,0.138,0.4,5.566,304.1,100.0,22,980.0
1999,3,24,0,30,0,0,0,0,0,0,7,22,170.15,1,0.138,0.4,5.539,304.1,100.0,22,980.0
1999,3,24,1,0,0,0,0,0,0,0,7,22,162.77,1,0.138,0.4,5.5120000000000005,296.6,100.0,22,980.0
1999,3,24,1,30,0,0,0,0,0,0,7,22,155.31,0,0.138,0.4,5.485,296.6,100.0,22,980.0
1999,3,24,2,0,0,0,0,0,0,0,7,22,147.83,0,0.138,0.5,5.4590000000000005,290.6,100.0,22,980.0
1999,3,24,2,30,0,0,0,0,0,0,7,22,140.35,0,0.138,0.5,5.4350000000000005,290.6,100.0,22,980.0
1999,3,24,3,0,0,0,0,0,0,0,4,22,132.86,0,0.138,0.5,5.412,292.8,100.0,22,980.0
1999,3,24,3,30,0,0,0,0,0,0,3,21,125.36,0,0.138,0.5,5.402,292.8,100.0,22,980.0
1999,3,24,4,0,0,0,0,0,0,0,4,21,117.87,0,0.138,0.5,5.392,305.8,100.0,22,980.0
1999,3,24,4,30,0,0,0,0,0,0,4,21,110.37,0,0.138,0.30000000000000004,5.3870000000000005,305.8,100.0,21,980.0
1999,3,24,5,0,0,0,0,0,0,0,4,21,102.87,0,0.138,0.2,5.382,318.6,100.0,21,980.0
1999,3,24,5,30,0,0,0,0,0,0,4,21,95.38,0,0.138,0.1,5.378,318.6,100.0,21,980.0
1999,3,24,6,0,11,0,11,13,222,21,4,22,87.87,4,0.138,0.0,5.375,323.40000000000003,100.0,22,980.0
1999,3,24,6,30,59,30,64,34,526,122,3,22,80.38,0,0.138,0.0,5.386,323.40000000000003,100.0,22,980.0
1999,3,24,7,0,75,0,75,46,684,247,3,23,72.88,0,0.138,0.0,5.397,324.6,100.0,23,980.0
1999,3,24,7,30,167,51,189,54,775,377,3,23,65.38,0,0.138,0.0,5.425,324.6,100.0,24,980.0
1999,3,24,8,0,233,84,278,58,837,503,3,24,57.88,0,0.138,0.0,5.454,320.40000000000003,100.0,25,980.0
1999,3,24,8,30,293,242,448,63,878,623,3,24,50.38,0,0.138,0.0,5.49,320.40000000000003,98.27,25,980.0
1999,3,24,9,0,358,174,486,66,908,732,3,24,42.88,0,0.138,0.0,5.526,339.20000000000005,91.18,26,980.0
1999,3,24,9,30,69,930,827,69,930,827,0,24,35.38,0,0.138,0.0,5.563,339.20000000000005,91.16,26,980.0
1999,3,24,10,0,453,211,641,70,946,907,3,24,27.88,0,0.138,0.0,5.6000000000000005,21.200000000000003,83.83,27,980.0
1999,3,24,10,30,469,86,550,71,957,969,3,24,20.38,0,0.138,0.0,5.639,21.200000000000003,83.79,27,980.0
1999,3,24,11,0,508,117,623,72,965,1013,3,23,12.89,0,0.138,0.0,5.679,57.0,78.43,28,980.0
1999,3,24,11,30,525,126,650,72,969,1037,3,23,5.4,0,0.138,0.0,5.714,57.0,78.39,28,980.0
1999,3,24,12,0,72,969,1041,72,969,1041,1,23,2.15,0,0.138,0.0,5.75,88.80000000000001,78.38,28,980.0
1999,3,24,12,30,512,106,617,71,967,1025,2,23,9.620000000000001,0,0.138,0.0,5.7860000000000005,88.80000000000001,78.33,28,980.0
1999,3,24,13,0,70,961,989,70,961,989,0,24,17.11,0,0.138,0.0,5.822,125.0,79.2,28,980.0
1999,3,24,13,30,472,154,613,69,952,934,8,24,24.61,0,0.138,0.0,5.8660000000000005,125.0,79.16,28,980.0
1999,3,24,14,0,418,278,653,68,937,862,7,24,32.11,0,0.138,0.0,5.91,117.60000000000001,83.01,28,980.0
1999,3,24,14,30,65,918,773,65,918,773,0,24,39.61,0,0.138,0.0,5.953,117.60000000000001,87.97,27,980.0
1999,3,24,15,0,18,0,18,64,890,670,6,25,47.11,0,0.138,0.0,5.996,75.60000000000001,90.36,27,980.0
1999,3,24,15,30,265,125,337,60,855,555,6,25,54.61,0,0.138,0.0,6.033,75.60000000000001,95.82000000000001,26,980.0
1999,3,24,16,0,187,310,333,56,801,431,8,25,62.11,0,0.138,0.0,6.071,52.5,97.26,26,980.0
1999,3,24,16,30,138,215,213,49,726,302,8,25,69.61,0,0.138,0.0,6.103,52.5,100.0,25,980.0
1999,3,24,17,0,84,121,111,39,604,174,7,25,77.10000000000001,0,0.138,0.1,6.1370000000000005,73.4,100.0,25,980.0
1999,3,24,17,30,31,71,38,23,382,59,8,25,84.60000000000001,4,0.138,0.1,6.147,73.4,100.0,25,980.0
1999,3,24,18,0,0,0,0,0,0,0,6,25,92.10000000000001,0,0.138,0.2,6.157,74.60000000000001,100.0,25,980.0
1999,3,24,18,30,0,0,0,0,0,0,8,24,99.60000000000001,0,0.138,0.2,6.136,74.60000000000001,100.0,24,980.0
1999,3,24,19,0,0,0,0,0,0,0,8,24,107.09,1,0.138,0.2,6.115,77.60000000000001,100.0,24,980.0
1999,3,24,19,30,0,0,0,0,0,0,7,24,114.59,0,0.138,0.1,6.079,77.60000000000001,100.0,24,980.0
1999,3,24,20,0,0,0,0,0,0,0,7,24,122.08,0,0.138,0.1,6.043,82.60000000000001,100.0,24,980.0
1999,3,24,20,30,0,0,0,0,0,0,7,24,129.57,0,0.138,0.1,6.001,82.60000000000001,100.0,24,980.0
1999,3,24,21,0,0,0,0,0,0,0,7,24,137.06,0,0.138,0.1,5.96,88.9,100.0,24,980.0
1999,3,24,21,30,0,0,0,0,0,0,8,23,144.55,0,0.138,0.1,5.915,88.9,100.0,24,980.0
1999,3,24,22,0,0,0,0,0,0,0,7,23,152.02,0,0.138,0.1,5.87,100.7,100.0,24,980.0
1999,3,24,22,30,0,0,0,0,0,0,8,23,159.48,0,0.138,0.1,5.8260000000000005,100.7,100.0,23,980.0
1999,3,24,23,0,0,0,0,0,0,0,8,23,166.88,1,0.138,0.1,5.782,109.60000000000001,100.0,23,980.0
1999,3,24,23,30,0,0,0,0,0,0,8,23,174.03,1,0.138,0.1,5.746,109.60000000000001,100.0,23,980.0
1999,3,25,0,0,0,0,0,0,0,0,8,23,176.59,1,0.138,0.1,5.71,117.10000000000001,100.0,23,980.0
1999,3,25,0,30,0,0,0,0,0,0,8,23,169.99,1,0.138,0.1,5.689,117.10000000000001,100.0,23,980.0
1999,3,25,1,0,0,0,0,0,0,0,8,23,162.64000000000001,1,0.138,0.1,5.67,123.5,100.0,23,980.0
1999,3,25,1,30,0,0,0,0,0,0,8,23,155.20000000000002,0,0.138,0.1,5.664,123.5,100.0,23,980.0
1999,3,25,2,0,0,0,0,0,0,0,4,23,147.73,0,0.138,0.2,5.659,128.4,100.0,23,980.0
1999,3,25,2,30,0,0,0,0,0,0,8,23,140.25,0,0.138,0.2,5.651,128.4,100.0,23,980.0
1999,3,25,3,0,0,0,0,0,0,0,8,23,132.76,0,0.138,0.30000000000000004,5.643,133.3,100.0,23,980.0
1999,3,25,3,30,0,0,0,0,0,0,4,22,125.27,0,0.138,0.30000000000000004,5.626,133.3,100.0,23,980.0
1999,3,25,4,0,0,0,0,0,0,0,4,22,117.78,0,0.138,0.4,5.61,139.8,100.0,23,980.0
1999,3,25,4,30,0,0,0,0,0,0,4,22,110.28,0,0.138,0.4,5.596,139.8,100.0,22,980.0
1999,3,25,5,0,0,0,0,0,0,0,3,22,102.79,0,0.138,0.4,5.5840000000000005,142.5,100.0,22,980.0
1999,3,25,5,30,0,0,0,0,0,0,3,22,95.29,0,0.138,0.2,5.5840000000000005,142.5,100.0,22,980.0
1999,3,25,6,0,22,0,22,13,232,22,3,23,87.79,4,0.138,0.1,5.585,138.6,100.0,23,980.0
1999,3,25,6,30,33,533,123,33,533,123,0,23,80.3,0,0.138,0.0,5.591,138.6,100.0,23,980.0
1999,3,25,7,0,45,687,248,45,687,248,0,24,72.8,0,0.138,0.0,5.598,126.5,100.0,24,980.0
1999,3,25,7,30,53,777,377,53,777,377,0,24,65.3,0,0.138,0.0,5.59,126.5,100.0,24,980.0
1999,3,25,8,0,58,837,504,58,837,504,0,25,57.800000000000004,0,0.138,0.0,5.5840000000000005,131.5,100.0,25,980.0
1999,3,25,8,30,62,878,623,62,878,623,0,25,50.31,0,0.138,0.0,5.555,131.5,94.67,26,980.0
1999,3,25,9,0,66,908,732,66,908,732,0,24,42.81,0,0.138,0.0,5.527,135.5,85.21000000000001,27,980.0
1999,3,25,9,30,69,930,828,69,930,828,0,24,35.31,0,0.138,0.0,5.4990000000000006,135.5,85.18,27,980.0
1999,3,25,10,0,72,945,908,72,945,908,0,23,27.810000000000002,0,0.138,0.0,5.472,133.9,77.64,28,980.0
1999,3,25,10,30,73,957,971,73,957,971,0,23,20.32,0,0.138,0.0,5.462,133.9,77.61,28,980.0
1999,3,25,11,0,501,99,597,75,964,1015,2,23,12.83,0,0.138,0.0,5.453,133.9,72.85000000000001,29,980.0
1999,3,25,11,30,76,968,1040,76,968,1040,1,23,5.37,0,0.138,0.0,5.46,133.9,72.8,29,980.0
1999,3,25,12,0,77,968,1044,77,968,1044,8,23,2.33,4,0.138,0.0,5.4670000000000005,133.20000000000002,72.79,29,980.0
1999,3,25,12,30,509,102,611,77,965,1028,8,23,9.72,0,0.138,0.0,5.481,133.20000000000002,72.74,29,980.0
1999,3,25,13,0,454,58,510,76,959,992,6,23,17.2,0,0.138,0.0,5.497,133.6,72.71000000000001,29,980.0
1999,3,25,13,30,251,12,262,74,949,937,6,23,24.7,0,0.138,0.0,5.515,133.6,72.68,29,980.0
1999,3,25,14,0,271,14,283,72,935,864,6,23,32.19,0,0.138,0.0,5.533,135.4,74.06,29,980.0
1999,3,25,14,30,337,47,373,69,916,774,6,23,39.69,0,0.138,0.0,5.546,135.4,78.45,29,980.0
1999,3,25,15,0,314,84,371,65,890,671,6,24,47.19,0,0.138,0.0,5.5600000000000005,142.5,81.51,29,980.0
1999,3,25,15,30,246,55,278,61,854,555,6,24,54.68,0,0.138,0.0,5.558,142.5,81.51,28,980.0
1999,3,25,16,0,190,51,214,55,805,431,6,25,62.18,0,0.138,0.0,5.557,147.0,84.01,28,980.0
1999,3,25,16,30,141,98,176,48,730,302,6,25,69.68,0,0.138,0.0,5.546,147.0,89.06,27,980.0
1999,3,25,17,0,82,84,101,39,609,174,6,25,77.17,4,0.138,0.0,5.535,154.70000000000002,91.45,27,980.0
1999,3,25,17,30,31,36,34,23,386,59,6,25,84.67,4,0.138,0.1,5.516,154.70000000000002,97.01,26,980.0
1999,3,25,18,0,0,0,0,0,0,0,7,25,92.17,0,0.138,0.2,5.498,162.9,97.13,26,980.0
1999,3,25,18,30,0,0,0,0,0,0,7,25,99.66,0,0.138,0.2,5.471,162.9,100.0,25,980.0
1999,3,25,19,0,0,0,0,0,0,0,7,25,107.16,1,0.138,0.30000000000000004,5.445,148.8,100.0,25,980.0
1999,3,25,19,30,0,0,0,0,0,0,7,25,114.65,0,0.138,0.30000000000000004,5.415,148.8,100.0,25,980.0
1999,3,25,20,0,0,0,0,0,0,0,6,25,122.14,0,0.138,0.30000000000000004,5.386,139.20000000000002,100.0,25,980.0
1999,3,25,20,30,0,0,0,0,0,0,6,24,129.63,0,0.138,0.30000000000000004,5.353,139.20000000000002,100.0,24,980.0
1999,3,25,21,0,0,0,0,0,0,0,6,24,137.12,0,0.138,0.30000000000000004,5.321,135.5,100.0,24,980.0
1999,3,25,21,30,0,0,0,0,0,0,6,24,144.59,0,0.138,0.2,5.2940000000000005,135.5,100.0,24,980.0
1999,3,25,22,0,0,0,0,0,0,0,8,24,152.06,0,0.138,0.2,5.268,135.70000000000002,100.0,24,980.0
1999,3,25,22,30,0,0,0,0,0,0,7,23,159.5,0,0.138,0.1,5.255,135.70000000000002,100.0,24,980.0
1999,3,25,23,0,0,0,0,0,0,0,7,23,166.87,1,0.138,0.1,5.242,135.4,100.0,24,980.0
1999,3,25,23,30,0,0,0,0,0,0,7,23,173.91,1,0.138,0.0,5.2330000000000005,135.4,100.0,23,980.0
1999,3,26,0,0,0,0,0,0,0,0,7,23,176.23,1,0.138,0.0,5.2250000000000005,132.6,100.0,23,980.0
1999,3,26,0,30,0,0,0,0,0,0,7,23,169.8,1,0.138,0.0,5.212,132.6,100.0,23,980.0
1999,3,26,1,0,0,0,0,0,0,0,7,23,162.5,1,0.138,0.0,5.2,131.3,100.0,23,980.0
1999,3,26,1,30,0,0,0,0,0,0,7,23,155.08,0,0.138,0.0,5.175,131.3,100.0,23,980.0
1999,3,26,2,0,0,0,0,0,0,0,7,23,147.62,0,0.138,0.0,5.151,132.4,100.0,23,980.0
1999,3,26,2,30,0,0,0,0,0,0,7,23,140.15,0,0.138,0.0,5.125,132.4,100.0,23,980.0
1999,3,26,3,0,0,0,0,0,0,0,7,23,132.67000000000002,0,0.138,0.0,5.099,133.70000000000002,100.0,23,980.0
1999,3,26,3,30,0,0,0,0,0,0,7,22,125.18,0,0.138,0.0,5.08,133.70000000000002,100.0,23,980.0
1999,3,26,4,0,0,0,0,0,0,0,7,22,117.69,0,0.138,0.0,5.061,139.6,100.0,23,980.0
1999,3,26,4,30,0,0,0,0,0,0,7,22,110.2,0,0.138,0.0,5.048,139.6,100.0,22,980.0
1999,3,26,5,0,0,0,0,0,0,0,7,22,102.7,0,0.138,0.1,5.035,143.20000000000002,100.0,22,980.0
1999,3,26,5,30,0,0,0,0,0,0,7,22,95.21000000000001,0,0.138,0.0,5.03,143.20000000000002,100.0,22,980.0
1999,3,26,6,0,15,0,15,14,224,23,7,23,87.71000000000001,4,0.138,0.0,5.026,143.6,100.0,23,980.0
1999,3,26,6,30,59,141,84,35,526,125,8,23,80.22,4,0.138,0.0,5.0360000000000005,143.6,100.0,24,980.0
1999,3,26,7,0,116,175,168,47,684,250,8,23,72.72,0,0.138,0.0,5.046,137.0,97.23,25,980.0
1999,3,26,7,30,164,296,288,55,774,380,8,23,65.22,0,0.138,0.0,5.08,137.0,91.64,25,980.0
1999,3,26,8,0,238,200,345,61,835,507,7,23,57.730000000000004,0,0.138,0.0,5.1160000000000005,134.8,86.48,26,980.0
1999,3,26,8,30,295,238,448,65,876,626,7,23,50.230000000000004,0,0.138,0.0,5.173,134.8,86.49,26,980.0
1999,3,26,9,0,347,268,545,69,906,735,7,23,42.74,0,0.138,0.0,5.232,132.3,82.21000000000001,27,990.0
1999,3,26,9,30,389,310,643,72,927,830,7,23,35.24,0,0.138,0.0,5.293,132.3,82.19,27,980.0
1999,3,26,10,0,389,412,754,75,942,910,7,23,27.75,0,0.138,0.0,5.355,131.5,78.19,28,980.0
1999,3,26,10,30,469,305,755,77,953,972,7,23,20.26,0,0.138,0.0,5.408,131.5,78.15,28,980.0
1999,3,26,11,0,516,162,675,79,960,1016,4,23,12.780000000000001,0,0.138,0.0,5.462,136.20000000000002,78.61,29,980.0
1999,3,26,11,30,460,401,860,80,963,1039,7,23,5.37,0,0.138,0.0,5.505,136.20000000000002,78.56,29,980.0
1999,3,26,12,0,459,424,883,81,963,1043,8,24,2.56,0,0.138,0.0,5.549,142.20000000000002,74.47,29,980.0
1999,3,26,12,30,509,273,779,80,960,1027,8,23,9.83,0,0.138,0.0,5.582,142.20000000000002,74.43,29,980.0
1999,3,26,13,0,424,442,846,79,954,991,7,24,17.3,0,0.138,0.0,5.6160000000000005,150.1,75.48,29,980.0
1999,3,26,13,30,78,944,935,78,944,935,1,24,24.79,0,0.138,0.0,5.641,150.1,75.44,29,980.0
1999,3,26,14,0,76,930,862,76,930,862,0,24,32.28,0,0.138,0.0,5.666,158.60000000000002,78.01,29,980.0
1999,3,26,14,30,73,910,772,73,910,772,8,24,39.77,4,0.138,0.0,5.6770000000000005,158.60000000000002,82.64,28,980.0
1999,3,26,15,0,69,883,669,69,883,669,1,25,47.26,0,0.138,0.0,5.688,166.9,84.77,28,980.0
1999,3,26,15,30,257,85,306,65,846,553,6,25,54.76,0,0.138,0.0,5.683,166.9,89.86,28,980.0
1999,3,26,16,0,177,27,190,59,794,429,6,25,62.26,0,0.138,0.0,5.68,162.9,91.78,28,980.0
1999,3,26,16,30,137,209,210,52,718,300,6,25,69.75,0,0.138,0.0,5.6770000000000005,162.9,97.35000000000001,27,980.0
1999,3,26,17,0,79,187,120,41,591,172,6,25,77.25,4,0.138,0.0,5.674,163.20000000000002,98.48,27,980.0
1999,3,26,17,30,30,107,40,24,363,57,6,25,84.74,4,0.138,0.0,5.676,163.20000000000002,100.0,26,980.0
1999,3,26,18,0,0,0,0,0,0,0,6,25,92.24,0,0.138,0.1,5.679,181.60000000000002,100.0,26,980.0
1999,3,26,18,30,0,0,0,0,0,0,6,25,99.73,0,0.138,0.1,5.6850000000000005,181.60000000000002,100.0,25,980.0
1999,3,26,19,0,0,0,0,0,0,0,6,25,107.22,1,0.138,0.1,5.691,179.10000000000002,100.0,25,980.0
1999,3,26,19,30,0,0,0,0,0,0,6,24,114.71000000000001,0,0.138,0.1,5.695,179.10000000000002,100.0,25,980.0
1999,3,26,20,0,0,0,0,0,0,0,6,24,122.2,0,0.138,0.1,5.699,174.5,100.0,25,980.0
1999,3,26,20,30,0,0,0,0,0,0,6,24,129.69,0,0.138,0.1,5.705,174.5,100.0,24,980.0
1999,3,26,21,0,0,0,0,0,0,0,6,24,137.16,0,0.138,0.2,5.713,174.70000000000002,100.0,24,980.0
1999,3,26,21,30,0,0,0,0,0,0,6,24,144.64000000000001,0,0.138,0.2,5.713,174.70000000000002,100.0,24,980.0
1999,3,26,22,0,0,0,0,0,0,0,6,24,152.09,0,0.138,0.2,5.713,177.5,100.0,24,980.0
1999,3,26,22,30,0,0,0,0,0,0,6,24,159.51,0,0.138,0.2,5.711,177.5,100.0,24,980.0
1999,3,26,23,0,0,0,0,0,0,0,6,24,166.85,1,0.138,0.2,5.7090000000000005,179.3,100.0,24,980.0
1999,3,26,23,30,0,0,0,0,0,0,6,23,173.77,1,0.138,0.2,5.702,179.3,100.0,24,980.0
1999,3,27,0,0,0,0,0,0,0,0,6,23,175.87,1,0.138,0.2,5.697,180.9,100.0,24,980.0
1999,3,27,0,30,0,0,0,0,0,0,6,23,169.61,1,0.138,0.1,5.687,180.9,100.0,23,980.0
1999,3,27,1,0,0,0,0,0,0,0,6,23,162.35,1,0.138,0.1,5.678,185.8,100.0,23,980.0
1999,3,27,1,30,0,0,0,0,0,0,6,23,154.95000000000002,0,0.138,0.1,5.664,185.8,100.0,23,980.0
1999,3,27,2,0,0,0,0,0,0,0,6,23,147.51,0,0.138,0.1,5.651,187.9,100.0,23,980.0
1999,3,27,2,30,0,0,0,0,0,0,6,23,140.04,0,0.138,0.0,5.638,187.9,100.0,23,980.0
1999,3,27,3,0,0,0,0,0,0,0,6,23,132.57,0,0.138,0.0,5.626,192.20000000000002,100.0,23,980.0
1999,3,27,3,30,0,0,0,0,0,0,6,23,125.08,0,0.138,0.0,5.623,192.20000000000002,100.0,23,980.0
1999,3,27,4,0,0,0,0,0,0,0,7,23,117.60000000000001,0,0.138,0.0,5.62,198.20000000000002,100.0,23,980.0
1999,3,27,4,30,0,0,0,0,0,0,7,22,110.11,0,0.138,0.0,5.622,198.20000000000002,100.0,23,980.0
1999,3,27,5,0,0,0,0,0,0,0,7,22,102.62,0,0.138,0.0,5.6240000000000006,201.9,100.0,23,980.0
1999,3,27,5,30,0,0,0,0,0,0,7,22,95.12,0,0.138,0.0,5.63,201.9,100.0,23,980.0
1999,3,27,6,0,1,0,1,14,237,23,7,23,87.63,4,0.138,0.0,5.636,202.60000000000002,100.0,23,980.0
1999,3,27,6,30,10,0,10,34,535,125,7,23,80.14,0,0.138,0.0,5.643,202.60000000000002,100.0,23,990.0
1999,3,27,7,0,21,0,21,45,687,250,7,23,72.64,0,0.138,0.0,5.65,201.9,100.0,24,990.0
1999,3,27,7,30,94,0,94,53,776,379,7,23,65.15,0,0.138,0.0,5.647,201.9,100.0,24,990.0
1999,3,27,8,0,237,104,293,58,837,505,7,24,57.65,0,0.138,0.0,5.644,196.0,100.0,24,990.0
1999,3,27,8,30,184,4,187,62,877,624,8,24,50.160000000000004,0,0.138,0.0,5.633,196.0,100.0,24,990.0
1999,3,27,9,0,304,36,331,64,908,732,7,24,42.67,0,0.138,0.0,5.622,183.0,100.0,25,990.0
1999,3,27,9,30,288,18,303,67,930,827,8,24,35.18,0,0.138,0.0,5.6160000000000005,183.0,100.0,25,990.0
1999,3,27,10,0,223,10,232,68,946,906,4,24,27.69,0,0.138,0.0,5.61,173.8,95.29,25,990.0
1999,3,27,10,30,326,19,344,70,957,968,8,24,20.21,0,0.138,0.0,5.621,173.8,95.25,25,990.0
1999,3,27,11,0,432,40,472,71,964,1012,4,23,12.75,0,0.138,0.0,5.633,173.4,87.8,26,990.0
1999,3,27,11,30,266,14,281,71,968,1035,4,23,5.39,0,0.138,0.0,5.654,173.4,87.75,26,980.0
1999,3,27,12,0,500,77,578,72,968,1039,4,23,2.83,0,0.138,0.0,5.676,181.20000000000002,86.35000000000001,26,980.0
1999,3,27,12,30,243,13,256,71,966,1023,7,23,9.96,0,0.138,0.0,5.7010000000000005,181.20000000000002,86.31,26,980.0
1999,3,27,13,0,145,2,148,71,959,987,7,23,17.400000000000002,0,0.138,0.0,5.726,192.70000000000002,85.48,27,980.0
1999,3,27,13,30,224,10,234,69,950,931,6,23,24.88,0,0.138,0.0,5.746,192.70000000000002,85.44,26,980.0
1999,3,27,14,0,158,3,161,67,936,858,6,23,32.37,0,0.138,0.0,5.767,179.20000000000002,86.49,26,980.0
1999,3,27,14,30,230,10,238,65,917,769,6,23,39.85,0,0.138,0.0,5.781,179.20000000000002,86.47,26,980.0
1999,3,27,15,0,223,11,231,61,892,665,6,24,47.35,0,0.138,0.0,5.795,132.20000000000002,89.09,26,980.0
1999,3,27,15,30,212,20,224,57,857,550,6,24,54.84,0,0.138,0.0,5.797,132.20000000000002,94.51,25,980.0
1999,3,27,16,0,157,6,160,51,807,426,6,24,62.33,0,0.138,0.0,5.8,100.80000000000001,95.71000000000001,25,980.0
1999,3,27,16,30,121,8,124,45,733,298,6,24,69.83,0,0.138,0.0,5.795,100.80000000000001,100.0,24,980.0
1999,3,27,17,0,80,187,121,36,614,171,6,24,77.32000000000001,0,0.138,0.0,5.79,351.20000000000005,100.0,24,980.0
1999,3,27,17,30,29,126,40,21,391,57,6,24,84.81,4,0.138,0.1,5.782,351.20000000000005,100.0,24,980.0
1999,3,27,18,0,0,0,0,0,0,0,6,23,92.3,0,0.138,0.2,5.775,328.3,97.78,24,980.0
1999,3,27,18,30,0,0,0,0,0,0,7,23,99.79,0,0.138,0.2,5.759,328.3,100.0,23,980.0
1999,3,27,19,0,0,0,0,0,0,0,7,23,107.28,1,0.138,0.30000000000000004,5.743,329.8,100.0,23,980.0
1999,3,27,19,30,0,0,0,0,0,0,7,23,114.77,0,0.138,0.30000000000000004,5.719,329.8,100.0,23,980.0
1999,3,27,20,0,0,0,0,0,0,0,7,23,122.26,0,0.138,0.30000000000000004,5.696,333.70000000000005,100.0,23,980.0
1999,3,27,20,30,0,0,0,0,0,0,7,23,129.74,0,0.138,0.30000000000000004,5.673,333.70000000000005,100.0,23,980.0
1999,3,27,21,0,0,0,0,0,0,0,7,23,137.21,0,0.138,0.30000000000000004,5.65,334.3,100.0,23,980.0
1999,3,27,21,30,0,0,0,0,0,0,6,22,144.67000000000002,0,0.138,0.30000000000000004,5.6290000000000004,334.3,100.0,23,980.0
1999,3,27,22,0,0,0,0,0,0,0,6,22,152.12,0,0.138,0.30000000000000004,5.6080000000000005,324.0,100.0,23,980.0
1999,3,27,22,30,0,0,0,0,0,0,6,22,159.52,0,0.138,0.30000000000000004,5.589,324.0,100.0,22,980.0
1999,3,27,23,0,0,0,0,0,0,0,6,22,166.81,1,0.138,0.30000000000000004,5.571,304.90000000000003,100.0,22,980.0
1999,3,27,23,30,0,0,0,0,0,0,6,22,173.61,1,0.138,0.2,5.551,304.90000000000003,100.0,22,980.0
1999,3,28,0,0,0,0,0,0,0,0,6,22,175.5,1,0.138,0.1,5.531,288.6,100.0,22,980.0
1999,3,28,0,30,0,0,0,0,0,0,7,22,169.4,1,0.138,0.0,5.5120000000000005,288.6,100.0,22,980.0
1999,3,28,1,0,0,0,0,0,0,0,7,22,162.20000000000002,1,0.138,0.0,5.493,279.2,100.0,22,980.0
1999,3,28,1,30,0,0,0,0,0,0,7,22,154.82,0,0.138,0.0,5.482,279.2,100.0,22,980.0
1999,3,28,2,0,0,0,0,0,0,0,7,22,147.39000000000001,0,0.138,0.0,5.471,278.6,100.0,22,980.0
1999,3,28,2,30,0,0,0,0,0,0,7,21,139.94,0,0.138,0.0,5.464,278.6,100.0,22,980.0
1999,3,28,3,0,0,0,0,0,0,0,8,21,132.47,0,0.138,0.0,5.458,281.6,100.0,22,980.0
1999,3,28,3,30,0,0,0,0,0,0,7,21,124.99000000000001,0,0.138,0.1,5.4590000000000005,281.6,100.0,21,980.0
1999,3,28,4,0,0,0,0,0,0,0,8,21,117.5,0,0.138,0.30000000000000004,5.46,280.5,100.0,21,980.0
1999,3,28,4,30,0,0,0,0,0,0,8,21,110.02,0,0.138,0.4,5.462,280.5,100.0,21,980.0
1999,3,28,5,0,0,0,0,0,0,0,8,21,102.53,0,0.138,0.5,5.464,275.6,100.0,22,980.0
1999,3,28,5,30,0,0,0,0,0,0,8,21,95.04,0,0.138,0.30000000000000004,5.462,275.6,100.0,22,980.0
1999,3,28,6,0,13,0,13,14,257,25,4,22,87.55,4,0.138,0.2,5.461,264.7,100.0,22,980.0
1999,3,28,6,30,61,34,67,32,548,127,8,22,80.06,0,0.138,0.1,5.463,264.7,100.0,22,980.0
1999,3,28,7,0,88,0,88,43,696,252,8,23,72.57000000000001,0,0.138,0.1,5.465,267.1,100.0,23,980.0
1999,3,28,7,30,168,46,188,50,783,381,8,23,65.07000000000001,0,0.138,0.1,5.4750000000000005,267.1,100.0,23,990.0
1999,3,28,8,0,214,36,233,56,841,507,8,24,57.58,0,0.138,0.1,5.486,227.10000000000002,100.0,24,990.0
1999,3,28,8,30,287,73,335,60,881,625,8,24,50.09,0,0.138,0.1,5.506,227.10000000000002,100.0,24,990.0
1999,3,28,9,0,277,23,294,64,909,733,8,24,42.6,0,0.138,0.1,5.526,186.8,99.04,25,990.0
1999,3,28,9,30,328,29,353,67,930,828,7,24,35.12,0,0.138,0.0,5.548,186.8,93.33,26,990.0
1999,3,28,10,0,437,88,516,70,945,907,8,23,27.64,0,0.138,0.0,5.571,180.70000000000002,81.5,27,990.0
1999,3,28,10,30,490,157,638,71,956,969,8,23,20.17,0,0.138,0.0,5.6000000000000005,180.70000000000002,81.46000000000001,27,980.0
1999,3,28,11,0,506,256,756,72,963,1012,8,23,12.73,0,0.138,0.0,5.63,148.70000000000002,76.74,28,980.0
1999,3,28,11,30,517,107,624,72,967,1035,4,23,5.45,0,0.138,0.0,5.656,148.70000000000002,76.68,28,980.0
1999,3,28,12,0,525,124,650,73,967,1039,4,23,3.13,0,0.138,0.0,5.682,131.8,76.25,28,980.0
1999,3,28,12,30,522,177,697,72,965,1022,4,23,10.11,0,0.138,0.0,5.712,131.8,76.21000000000001,28,980.0
1999,3,28,13,0,447,54,500,72,958,986,4,23,17.52,0,0.138,0.0,5.743,152.9,76.92,28,980.0
1999,3,28,13,30,464,237,679,70,948,930,3,23,24.98,0,0.138,0.0,5.776,152.9,76.89,28,980.0
1999,3,28,14,0,409,299,662,68,934,857,3,23,32.46,0,0.138,0.0,5.8100000000000005,157.9,78.53,28,980.0
1999,3,28,14,30,369,97,444,66,915,768,4,23,39.94,0,0.138,0.0,5.835,157.9,83.22,28,980.0
1999,3,28,15,0,63,888,664,63,888,664,0,24,47.43,0,0.138,0.0,5.86,141.3,85.31,28,980.0
1999,3,28,15,30,59,852,549,59,852,549,0,24,54.92,0,0.138,0.0,5.868,141.3,85.3,27,980.0
1999,3,28,16,0,54,802,425,54,802,425,1,24,62.410000000000004,0,0.138,0.0,5.876,130.70000000000002,86.39,27,980.0
1999,3,28,16,30,47,727,297,47,727,297,0,24,69.9,0,0.138,0.0,5.873,130.70000000000002,91.62,27,980.0
1999,3,28,17,0,38,604,170,38,604,170,1,25,77.39,0,0.138,0.1,5.871,126.60000000000001,94.61,27,980.0
1999,3,28,17,30,22,378,56,22,378,56,1,25,84.88,0,0.138,0.1,5.872,126.60000000000001,94.64,26,980.0
1999,3,28,18,0,0,0,0,0,0,0,0,24,92.37,0,0.138,0.1,5.873,91.10000000000001,89.46000000000001,26,980.0
1999,3,28,18,30,0,0,0,0,0,0,0,24,99.86,0,0.138,0.1,5.86,91.10000000000001,94.93,25,980.0
1999,3,28,19,0,0,0,0,0,0,0,0,23,107.35000000000001,1,0.138,0.2,5.847,91.0,91.17,25,980.0
1999,3,28,19,30,0,0,0,0,0,0,3,23,114.83,0,0.138,0.2,5.822,91.0,91.19,25,980.0
1999,3,28,20,0,0,0,0,0,0,0,1,23,122.31,0,0.138,0.2,5.798,95.2,90.92,25,980.0
1999,3,28,20,30,0,0,0,0,0,0,3,23,129.79,0,0.138,0.2,5.774,95.2,96.52,25,980.0
1999,3,28,21,0,0,0,0,0,0,0,1,23,137.25,0,0.138,0.30000000000000004,5.75,96.10000000000001,96.56,25,980.0
1999,3,28,21,30,0,0,0,0,0,0,1,23,144.71,0,0.138,0.30000000000000004,5.732,96.10000000000001,96.55,24,980.0
1999,3,28,22,0,0,0,0,0,0,0,0,23,152.14000000000001,0,0.138,0.30000000000000004,5.714,99.30000000000001,95.82000000000001,24,980.0
1999,3,28,22,30,0,0,0,0,0,0,3,23,159.52,0,0.138,0.30000000000000004,5.699,99.30000000000001,95.8,24,980.0
1999,3,28,23,0,0,0,0,0,0,0,3,23,166.77,1,0.138,0.30000000000000004,5.684,119.9,94.99,24,980.0
1999,3,28,23,30,0,0,0,0,0,0,3,23,173.43,1,0.138,0.30000000000000004,5.671,119.9,100.0,24,980.0
1999,3,29,0,0,0,0,0,0,0,0,3,23,175.12,1,0.138,0.4,5.659,161.10000000000002,100.0,24,980.0
1999,3,29,0,30,0,0,0,0,0,0,7,23,169.19,1,0.138,0.4,5.647,161.10000000000002,100.0,23,980.0
1999,3,29,1,0,0,0,0,0,0,0,7,22,162.04,1,0.138,0.4,5.635,188.10000000000002,99.52,23,980.0
1999,3,29,1,30,0,0,0,0,0,0,7,22,154.69,0,0.138,0.4,5.618,188.10000000000002,99.51,23,980.0
1999,3,29,2,0,0,0,0,0,0,0,8,22,147.27,0,0.138,0.4,5.601,197.60000000000002,98.96000000000001,23,980.0
1999,3,29,2,30,0,0,0,0,0,0,7,22,139.82,0,0.138,0.4,5.58,197.60000000000002,100.0,22,980.0
1999,3,29,3,0,0,0,0,0,0,0,8,22,132.36,0,0.138,0.4,5.5600000000000005,202.20000000000002,100.0,22,980.0
1999,3,29,3,30,0,0,0,0,0,0,7,22,124.89,0,0.138,0.30000000000000004,5.551,202.20000000000002,100.0,22,980.0
1999,3,29,4,0,0,0,0,0,0,0,7,22,117.41,0,0.138,0.30000000000000004,5.543,212.70000000000002,100.0,22,980.0
1999,3,29,4,30,0,0,0,0,0,0,8,22,109.93,0,0.138,0.2,5.54,212.70000000000002,100.0,22,980.0
1999,3,29,5,0,0,0,0,0,0,0,8,22,102.44,0,0.138,0.2,5.538,218.9,100.0,22,980.0
1999,3,29,5,30,0,0,0,0,0,0,4,22,94.96000000000001,0,0.138,0.1,5.527,218.9,100.0,22,980.0
1999,3,29,6,0,13,0,13,15,233,25,4,22,87.47,4,0.138,0.1,5.516,214.3,100.0,22,980.0
1999,3,29,6,30,62,38,69,36,526,128,3,22,79.98,0,0.138,0.0,5.502,214.3,100.0,23,980.0
1999,3,29,7,0,119,91,146,48,680,253,3,23,72.49,0,0.138,0.0,5.489,195.60000000000002,100.0,24,980.0
1999,3,29,7,30,179,118,229,56,770,382,3,23,65.0,0,0.138,0.0,5.49,195.60000000000002,97.57000000000001,24,980.0
1999,3,29,8,0,239,111,299,61,833,508,3,24,57.51,0,0.138,0.0,5.492,160.10000000000002,94.71000000000001,25,980.0
1999,3,29,8,30,294,252,456,66,874,627,3,24,50.03,0,0.138,0.0,5.5120000000000005,160.10000000000002,89.27,26,980.0
1999,3,29,9,0,347,88,413,70,903,735,3,23,42.54,0,0.138,0.0,5.532,115.0,82.95,27,980.0
1999,3,29,9,30,393,83,462,73,924,830,3,23,35.06,0,0.138,0.0,5.554,115.0,82.93,27,980.0
1999,3,29,10,0,76,939,909,76,939,909,1,23,27.59,0,0.138,0.0,5.5760000000000005,46.300000000000004,77.04,28,980.0
1999,3,29,10,30,78,950,970,78,950,970,0,23,20.13,0,0.138,0.0,5.606,46.300000000000004,77.0,28,980.0
1999,3,29,11,0,506,112,616,81,956,1013,3,23,12.72,0,0.138,0.0,5.636,46.800000000000004,72.32000000000001,29,980.0
1999,3,29,11,30,522,121,643,81,959,1037,8,23,5.54,0,0.138,0.0,5.671,46.800000000000004,72.27,29,980.0
1999,3,29,12,0,494,339,833,83,958,1040,8,23,3.44,0,0.138,0.0,5.707,68.60000000000001,72.17,29,980.0
1999,3,29,12,30,390,436,819,82,955,1023,7,23,10.26,4,0.138,0.0,5.745,68.60000000000001,72.12,29,980.0
1999,3,29,13,0,478,85,560,81,949,986,8,23,17.64,0,0.138,0.0,5.783,76.4,73.23,29,980.0
1999,3,29,13,30,430,63,487,80,939,930,8,23,25.09,0,0.138,0.0,5.817,76.4,77.56,29,980.0
1999,3,29,14,0,324,24,345,77,924,857,8,24,32.56,0,0.138,0.0,5.852,85.10000000000001,80.53,29,980.0
1999,3,29,14,30,181,5,185,74,904,767,6,24,40.03,0,0.138,0.0,5.867,85.10000000000001,80.53,28,980.0
1999,3,29,15,0,322,152,425,71,877,663,8,25,47.52,0,0.138,0.0,5.882000000000001,84.4,84.04,28,980.0
1999,3,29,15,30,160,0,160,66,840,548,6,25,55.0,0,0.138,0.0,5.869,84.4,89.09,27,980.0
1999,3,29,16,0,117,0,117,60,787,424,6,25,62.49,0,0.138,0.0,5.856,72.9,89.96000000000001,27,980.0
1999,3,29,16,30,44,0,44,52,709,295,6,25,69.98,0,0.138,0.0,5.824,72.9,89.98,27,980.0
1999,3,29,17,0,81,58,93,41,582,168,8,25,77.46000000000001,0,0.138,0.1,5.793,63.7,92.05,27,980.0
1999,3,29,17,30,29,13,30,23,350,54,7,25,84.95,4,0.138,0.1,5.76,63.7,97.64,26,980.0
1999,3,29,18,0,0,0,0,0,0,0,7,25,92.44,0,0.138,0.1,5.728,18.8,98.02,26,980.0
1999,3,29,18,30,0,0,0,0,0,0,7,25,99.92,0,0.138,0.1,5.698,18.8,98.05,26,980.0
1999,3,29,19,0,0,0,0,0,0,0,7,24,107.41,1,0.138,0.2,5.668,1.3,92.25,26,980.0
1999,3,29,19,30,0,0,0,0,0,0,8,24,114.89,0,0.138,0.2,5.644,1.3,97.9,25,980.0
1999,3,29,20,0,0,0,0,0,0,0,7,24,122.36,0,0.138,0.2,5.621,349.1,96.41,25,980.0
1999,3,29,20,30,0,0,0,0,0,0,7,24,129.83,0,0.138,0.2,5.588,349.1,96.42,25,980.0
1999,3,29,21,0,0,0,0,0,0,0,7,24,137.29,0,0.138,0.2,5.556,338.6,95.42,25,980.0
1999,3,29,21,30,0,0,0,0,0,0,7,24,144.74,0,0.138,0.2,5.518,338.6,95.41,25,980.0
1999,3,29,22,0,0,0,0,0,0,0,7,24,152.15,0,0.138,0.2,5.481,343.40000000000003,94.64,25,980.0
1999,3,29,22,30,0,0,0,0,0,0,7,24,159.51,0,0.138,0.2,5.452,343.40000000000003,100.0,24,980.0
1999,3,29,23,0,0,0,0,0,0,0,7,24,166.71,1,0.138,0.2,5.423,356.5,100.0,24,980.0
1999,3,29,23,30,0,0,0,0,0,0,7,24,173.23,1,0.138,0.1,5.404,356.5,100.0,24,980.0
1999,3,30,0,0,0,0,0,0,0,0,7,24,174.75,1,0.138,0.1,5.386,31.200000000000003,100.0,24,980.0
1999,3,30,0,30,0,0,0,0,0,0,7,24,168.96,1,0.138,0.1,5.371,31.200000000000003,100.0,24,980.0
1999,3,30,1,0,0,0,0,0,0,0,7,24,161.87,1,0.138,0.1,5.356,105.80000000000001,100.0,24,980.0
1999,3,30,1,30,0,0,0,0,0,0,7,24,154.55,0,0.138,0.1,5.337,105.80000000000001,100.0,24,980.0
1999,3,30,2,0,0,0,0,0,0,0,7,24,147.15,0,0.138,0.1,5.319,153.8,100.0,24,980.0
1999,3,30,2,30,0,0,0,0,0,0,7,24,139.71,0,0.138,0.1,5.298,153.8,100.0,24,980.0
1999,3,30,3,0,0,0,0,0,0,0,3,24,132.26,0,0.138,0.2,5.2780000000000005,201.0,100.0,24,980.0
1999,3,30,3,30,0,0,0,0,0,0,7,23,124.79,0,0.138,0.30000000000000004,5.263,201.0,100.0,23,980.0
1999,3,30,4,0,0,0,0,0,0,0,7,23,117.32000000000001,0,0.138,0.4,5.249,224.3,100.0,23,980.0
1999,3,30,4,30,0,0,0,0,0,0,7,23,109.84,0,0.138,0.4,5.253,224.3,100.0,23,980.0
1999,3,30,5,0,0,0,0,0,0,0,1,23,102.36,0,0.138,0.5,5.257,226.10000000000002,100.0,23,980.0
1999,3,30,5,30,0,0,0,0,0,0,3,23,94.87,0,0.138,0.30000000000000004,5.273,226.10000000000002,100.0,23,980.0
1999,3,30,6,0,26,0,26,15,230,26,3,23,87.39,4,0.138,0.2,5.29,221.9,100.0,23,980.0
1999,3,30,6,30,37,523,128,37,523,128,1,23,79.9,0,0.138,0.1,5.314,221.9,100.0,23,980.0
1999,3,30,7,0,50,674,254,50,674,254,0,24,72.42,0,0.138,0.0,5.34,202.10000000000002,100.0,24,980.0
1999,3,30,7,30,59,764,383,59,764,383,0,24,64.93,0,0.138,0.0,5.383,202.10000000000002,100.0,24,980.0
1999,3,30,8,0,240,191,343,65,826,509,3,24,57.45,0,0.138,0.0,5.426,190.60000000000002,98.83,25,980.0
1999,3,30,8,30,70,867,628,70,867,628,0,24,49.96,0,0.138,0.0,5.474,190.60000000000002,98.84,26,980.0
1999,3,30,9,0,271,500,640,72,899,735,8,24,42.480000000000004,0,0.138,0.0,5.523,188.0,91.98,27,980.0
1999,3,30,9,30,76,920,830,76,920,830,1,24,35.01,0,0.138,0.0,5.553,188.0,86.72,27,980.0
1999,3,30,10,0,76,938,908,76,938,908,0,24,27.54,0,0.138,0.0,5.5840000000000005,183.20000000000002,80.67,28,980.0
1999,3,30,10,30,410,447,830,78,949,970,8,24,20.1,0,0.138,0.0,5.588,183.20000000000002,80.63,28,980.0
1999,3,30,11,0,316,564,867,78,957,1013,8,24,12.72,4,0.138,0.0,5.593,66.0,79.71000000000001,28,980.0
1999,3,30,11,30,466,383,848,79,961,1036,8,24,5.65,0,0.138,0.0,5.58,66.0,79.66,28,980.0
1999,3,30,12,0,410,29,440,79,962,1039,6,24,3.77,0,0.138,0.0,5.569,55.6,79.3,28,980.0
1999,3,30,12,30,521,167,686,78,960,1022,8,24,10.43,0,0.138,0.0,5.561,55.6,79.26,28,980.0
1999,3,30,13,0,421,442,842,77,954,986,8,24,17.77,0,0.138,0.0,5.555,52.7,79.53,29,980.0
1999,3,30,13,30,466,140,594,75,944,930,8,24,25.2,0,0.138,0.0,5.557,52.7,79.5,29,980.0
1999,3,30,14,0,396,66,452,72,931,856,8,24,32.660000000000004,0,0.138,0.0,5.5600000000000005,46.2,80.36,29,980.0
1999,3,30,14,30,294,25,314,69,912,766,6,24,40.13,0,0.138,0.0,5.574,46.2,80.35000000000001,28,980.0
1999,3,30,15,0,298,60,339,65,886,662,6,24,47.6,0,0.138,0.0,5.59,54.5,82.93,28,980.0
1999,3,30,15,30,181,535,488,61,849,547,8,24,55.09,0,0.138,0.0,5.613,54.5,82.94,28,980.0
1999,3,30,16,0,190,263,311,56,798,423,6,25,62.57,0,0.138,0.0,5.636,47.900000000000006,86.28,28,980.0
1999,3,30,16,30,132,239,213,48,721,295,7,25,70.05,0,0.138,0.0,5.6450000000000005,47.900000000000006,91.47,27,980.0
1999,3,30,17,0,65,377,146,38,597,167,7,25,77.54,0,0.138,0.1,5.655,46.1,89.62,27,980.0
1999,3,30,17,30,25,251,47,22,367,54,7,25,85.02,4,0.138,0.2,5.649,46.1,95.07000000000001,26,980.0
1999,3,30,18,0,0,0,0,0,0,0,7,24,92.51,0,0.138,0.30000000000000004,5.644,50.7,92.81,26,980.0
1999,3,30,18,30,0,0,0,0,0,0,7,24,99.99000000000001,0,0.138,0.30000000000000004,5.633,50.7,98.5,26,980.0
1999,3,30,19,0,0,0,0,0,0,0,7,24,107.47,1,0.138,0.4,5.623,54.400000000000006,96.65,26,980.0
1999,3,30,19,30,0,0,0,0,0,0,7,24,114.94,0,0.138,0.4,5.604,54.400000000000006,96.67,25,980.0
1999,3,30,20,0,0,0,0,0,0,0,8,24,122.41,0,0.138,0.4,5.586,60.7,95.7,25,980.0
1999,3,30,20,30,0,0,0,0,0,0,3,24,129.88,0,0.138,0.4,5.557,60.7,100.0,25,980.0
1999,3,30,21,0,0,0,0,0,0,0,7,24,137.33,0,0.138,0.4,5.529,79.0,100.0,25,980.0
1999,3,30,21,30,0,0,0,0,0,0,3,24,144.76,0,0.138,0.4,5.5040000000000004,79.0,100.0,24,980.0
1999,3,30,22,0,0,0,0,0,0,0,3,23,152.17000000000002,0,0.138,0.4,5.479,106.9,99.96000000000001,24,980.0
1999,3,30,22,30,0,0,0,0,0,0,3,23,159.5,0,0.138,0.30000000000000004,5.458,106.9,100.0,24,980.0
1999,3,30,23,0,0,0,0,0,0,0,3,23,166.64000000000001,1,0.138,0.30000000000000004,5.438,134.4,100.0,24,980.0
1999,3,30,23,30,0,0,0,0,0,0,3,23,173.01,1,0.138,0.2,5.423,134.4,100.0,23,980.0
1999,3,31,0,0,0,0,0,0,0,0,3,23,174.37,1,0.138,0.2,5.409,152.3,100.0,23,980.0
1999,3,31,0,30,0,0,0,0,0,0,7,23,168.73,1,0.138,0.1,5.415,152.3,100.0,23,980.0
1999,3,31,1,0,0,0,0,0,0,0,7,23,161.70000000000002,1,0.138,0.1,5.422,160.3,100.0,23,980.0
1999,3,31,1,30,0,0,0,0,0,0,7,23,154.41,0,0.138,0.0,5.455,160.3,100.0,23,980.0
1999,3,31,2,0,0,0,0,0,0,0,7,23,147.02,0,0.138,0.0,5.488,160.0,100.0,23,980.0
1999,3,31,2,30,0,0,0,0,0,0,3,23,139.6,0,0.138,0.1,5.557,160.0,100.0,23,980.0
1999,3,31,3,0,0,0,0,0,0,0,4,23,132.15,0,0.138,0.2,5.626,156.8,100.0,23,980.0
1999,3,31,3,30,0,0,0,0,0,0,7,23,124.69,0,0.138,0.30000000000000004,5.703,156.8,100.0,23,980.0
1999,3,31,4,0,0,0,0,0,0,0,3,23,117.22,0,0.138,0.4,5.781,150.70000000000002,100.0,23,980.0
1999,3,31,4,30,0,0,0,0,0,0,3,23,109.75,0,0.138,0.30000000000000004,5.84,150.70000000000002,100.0,23,980.0
1999,3,31,5,0,0,0,0,0,0,0,4,23,102.27,0,0.138,0.2,5.9,111.0,100.0,23,980.0
1999,3,31,5,30,0,0,0,0,0,0,4,23,94.79,0,0.138,0.2,5.937,111.0,100.0,23,980.0
1999,3,31,6,0,5,0,5,15,239,26,4,23,87.31,4,0.138,0.30000000000000004,5.9750000000000005,37.5,100.0,23,980.0
1999,3,31,6,30,25,0,25,36,527,129,4,23,79.82000000000001,0,0.138,0.1,6.007000000000001,37.5,100.0,23,980.0
1999,3,31,7,0,105,5,107,49,676,254,4,23,72.34,0,0.138,0.0,6.039,23.1,100.0,24,980.0
1999,3,31,7,30,180,161,249,57,765,383,3,23,64.86,0,0.138,0.0,6.066,23.1,100.0,24,980.0
1999,3,31,8,0,234,248,368,63,825,508,3,24,57.38,0,0.138,0.0,6.094,34.6,100.0,24,980.0
1999,3,31,8,30,281,323,489,68,866,626,3,24,49.9,0,0.138,0.0,6.1080000000000005,34.6,100.0,24,980.0
1999,3,31,9,0,333,335,581,70,898,733,3,25,42.43,0,0.138,0.0,6.123,63.800000000000004,100.0,25,980.0
1999,3,31,9,30,397,280,627,73,919,827,4,25,34.96,0,0.138,0.0,6.1290000000000004,63.800000000000004,100.0,25,980.0
1999,3,31,10,0,454,143,581,74,937,905,4,25,27.51,0,0.138,0.0,6.135,96.30000000000001,100.0,25,980.0
1999,3,31,10,30,466,312,759,76,948,966,3,25,20.080000000000002,0,0.138,0.0,6.1240000000000006,96.30000000000001,100.0,25,980.0
1999,3,31,11,0,500,276,769,75,957,1008,4,25,12.74,0,0.138,0.0,6.114,123.0,97.01,26,980.0
1999,3,31,11,30,485,349,833,75,960,1031,8,25,5.78,0,0.138,0.0,6.098,123.0,96.95,26,980.0
1999,3,31,12,0,516,272,788,74,962,1034,8,25,4.11,0,0.138,0.0,6.083,147.9,97.19,26,980.0
1999,3,31,12,30,512,118,628,74,959,1017,7,25,10.61,0,0.138,0.0,6.066,147.9,97.14,26,980.0
1999,3,31,13,0,421,433,834,72,954,980,7,25,17.900000000000002,0,0.138,0.0,6.05,161.70000000000002,96.48,27,980.0
1999,3,31,13,30,450,290,712,71,944,925,8,25,25.310000000000002,0,0.138,0.0,6.035,161.70000000000002,96.45,27,980.0
1999,3,31,14,0,343,459,730,68,931,851,8,25,32.76,0,0.138,0.0,6.021,174.60000000000002,96.61,27,980.0
1999,3,31,14,30,269,549,689,65,912,762,8,25,40.22,0,0.138,0.0,6.016,174.60000000000002,96.60000000000001,26,980.0
1999,3,31,15,0,226,534,586,62,886,658,8,25,47.69,0,0.138,0.0,6.013,190.9,98.17,26,980.0
1999,3,31,15,30,229,369,441,58,850,544,8,25,55.17,0,0.138,0.0,6.007000000000001,190.9,98.18,26,980.0
1999,3,31,16,0,95,0,95,52,800,420,6,25,62.65,0,0.138,0.0,6.002,208.8,98.11,26,980.0
1999,3,31,16,30,5,0,5,46,725,292,6,25,70.13,0,0.138,0.0,5.989,208.8,100.0,25,980.0
1999,3,31,17,0,80,103,102,36,603,166,6,25,77.61,0,0.138,0.0,5.976,221.70000000000002,100.0,25,980.0
1999,3,31,17,30,28,54,33,21,375,53,6,24,85.09,4,0.138,0.0,5.964,221.70000000000002,100.0,24,980.0
1999,3,31,18,0,0,0,0,0,0,0,6,24,92.57000000000001,0,0.138,0.1,5.952,222.4,100.0,24,980.0
1999,3,31,18,30,0,0,0,0,0,0,6,24,100.05,0,0.138,0.0,5.939,222.4,100.0,24,980.0
1999,3,31,19,0,0,0,0,0,0,0,6,24,107.53,1,0.138,0.0,5.926,205.60000000000002,100.0,24,980.0
1999,3,31,19,30,0,0,0,0,0,0,6,24,115.0,0,0.138,0.0,5.9190000000000005,205.60000000000002,100.0,24,980.0
1999,3,31,20,0,0,0,0,0,0,0,6,24,122.46000000000001,0,0.138,0.0,5.912,180.8,100.0,24,980.0
1999,3,31,20,30,0,0,0,0,0,0,6,23,129.92000000000002,0,0.138,0.0,5.9110000000000005,180.8,100.0,24,980.0
1999,3,31,21,0,0,0,0,0,0,0,6,23,137.36,0,0.138,0.0,5.91,174.4,100.0,24,980.0
1999,3,31,21,30,0,0,0,0,0,0,6,23,144.79,0,0.138,0.0,5.906,174.4,100.0,23,980.0
1999,3,31,22,0,0,0,0,0,0,0,6,23,152.17000000000002,0,0.138,0.0,5.902,178.4,100.0,23,980.0
1999,3,31,22,30,0,0,0,0,0,0,6,23,159.47,0,0.138,0.0,5.8870000000000005,178.4,100.0,23,980.0
1999,3,31,23,0,0,0,0,0,0,0,6,23,166.56,1,0.138,0.0,5.872,185.0,100.0,23,980.0
1999,3,31,23,30,0,0,0,0,0,0,6,23,172.78,1,0.138,0.0,5.838,185.0,100.0,23,980.0
1999,4,1,0,0,0,0,0,0,0,0,6,23,173.99,1,0.138,0.0,5.805,192.60000000000002,100.0,23,980.0
1999,4,1,0,30,0,0,0,0,0,0,6,23,168.49,1,0.138,0.0,5.767,192.60000000000002,100.0,23,980.0
1999,4,1,1,0,0,0,0,0,0,0,6,23,161.52,1,0.138,0.0,5.73,200.5,100.0,23,980.0
1999,4,1,1,30,0,0,0,0,0,0,6,22,154.26,0,0.138,0.0,5.7,200.5,100.0,23,980.0
1999,4,1,2,0,0,0,0,0,0,0,8,22,146.89000000000001,0,0.138,0.0,5.671,208.20000000000002,100.0,23,980.0
1999,4,1,2,30,0,0,0,0,0,0,8,22,139.48,0,0.138,0.0,5.649,208.20000000000002,100.0,22,980.0
1999,4,1,3,0,0,0,0,0,0,0,8,22,132.04,0,0.138,0.0,5.628,208.20000000000002,100.0,22,980.0
1999,4,1,3,30,0,0,0,0,0,0,8,22,124.59,0,0.138,0.0,5.621,208.20000000000002,100.0,22,980.0
1999,4,1,4,0,0,0,0,0,0,0,8,22,117.12,0,0.138,0.0,5.615,201.20000000000002,100.0,22,980.0
1999,4,1,4,30,0,0,0,0,0,0,7,22,109.65,0,0.138,0.0,5.614,201.20000000000002,100.0,22,980.0
1999,4,1,5,0,0,0,0,0,0,0,7,22,102.18,0,0.138,0.0,5.614,195.60000000000002,100.0,22,980.0
1999,4,1,5,30,0,0,0,0,0,0,8,22,94.71000000000001,0,0.138,0.0,5.615,195.60000000000002,100.0,22,980.0
1999,4,1,6,0,11,0,11,14,277,28,8,22,87.23,4,0.138,0.0,5.6160000000000005,188.9,100.0,22,980.0
1999,4,1,6,30,53,0,53,32,557,131,8,22,79.75,0,0.138,0.0,5.617,188.9,100.0,22,980.0
1999,4,1,7,0,115,35,125,41,702,255,8,23,72.27,0,0.138,0.0,5.619,179.60000000000002,100.0,23,980.0
1999,4,1,7,30,134,0,134,48,786,383,4,23,64.79,0,0.138,0.0,5.622,179.60000000000002,100.0,23,980.0
1999,4,1,8,0,187,12,193,52,843,508,4,23,57.32,0,0.138,0.0,5.626,168.0,100.0,24,980.0
1999,4,1,8,30,204,8,209,56,882,625,4,23,49.84,0,0.138,0.0,5.6370000000000005,168.0,100.0,24,980.0
1999,4,1,9,0,225,10,233,59,911,732,4,24,42.38,0,0.138,0.0,5.649,157.4,100.0,24,980.0
1999,4,1,9,30,400,269,621,61,931,825,3,24,34.92,0,0.138,0.0,5.665,157.4,100.0,24,980.0
1999,4,1,10,0,428,324,716,62,947,903,3,24,27.47,0,0.138,0.0,5.682,155.20000000000002,97.16,25,980.0
1999,4,1,10,30,64,957,963,64,957,963,1,24,20.07,0,0.138,0.0,5.696,155.20000000000002,97.13,25,980.0
1999,4,1,11,0,501,270,765,64,965,1005,3,24,12.76,0,0.138,0.0,5.71,157.70000000000002,95.39,25,980.0
1999,4,1,11,30,492,337,827,64,968,1028,3,24,5.94,0,0.138,0.0,5.715,157.70000000000002,95.35000000000001,25,980.0
1999,4,1,12,0,475,367,842,64,969,1031,2,23,4.46,0,0.138,0.0,5.72,161.10000000000002,88.46000000000001,26,980.0
1999,4,1,12,30,64,966,1013,64,966,1013,0,23,10.8,0,0.138,0.0,5.718,161.10000000000002,93.81,26,980.0
1999,4,1,13,0,64,960,977,64,960,977,0,23,18.05,0,0.138,0.0,5.7170000000000005,165.9,93.42,26,980.0
1999,4,1,13,30,63,950,921,63,950,921,1,23,25.43,0,0.138,0.0,5.707,165.9,93.39,25,980.0
1999,4,1,14,0,61,936,848,61,936,848,0,24,32.87,0,0.138,0.0,5.697,171.5,94.28,25,980.0
1999,4,1,14,30,59,918,759,59,918,759,0,24,40.32,0,0.138,0.0,5.676,171.5,94.26,25,980.0
1999,4,1,15,0,174,680,632,56,892,655,7,24,47.79,0,0.138,0.0,5.656,189.70000000000002,96.33,25,980.0
1999,4,1,15,30,52,857,541,52,857,541,0,24,55.26,0,0.138,0.0,5.6370000000000005,189.70000000000002,100.0,25,980.0
1999,4,1,16,0,48,806,418,48,806,418,0,24,62.730000000000004,0,0.138,0.0,5.618,224.10000000000002,100.0,25,980.0
1999,4,1,16,30,133,210,204,42,732,290,3,24,70.21000000000001,0,0.138,0.0,5.607,224.10000000000002,100.0,24,980.0
1999,4,1,17,0,72,267,129,34,610,164,8,24,77.68,0,0.138,0.1,5.597,214.9,100.0,24,980.0
1999,4,1,17,30,25,186,41,20,382,52,3,23,85.16,4,0.138,0.2,5.594,214.9,100.0,24,980.0
1999,4,1,18,0,0,0,0,0,0,0,3,23,92.64,0,0.138,0.30000000000000004,5.5920000000000005,218.20000000000002,100.0,24,980.0
1999,4,1,18,30,0,0,0,0,0,0,8,23,100.11,0,0.138,0.30000000000000004,5.593,218.20000000000002,100.0,23,980.0
1999,4,1,19,0,0,0,0,0,0,0,8,23,107.58,1,0.138,0.30000000000000004,5.596,216.20000000000002,100.0,23,980.0
1999,4,1,19,30,0,0,0,0,0,0,8,23,115.05,0,0.138,0.30000000000000004,5.596,216.20000000000002,100.0,23,980.0
1999,4,1,20,0,0,0,0,0,0,0,7,23,122.51,0,0.138,0.4,5.598,206.9,100.0,23,980.0
1999,4,1,20,30,0,0,0,0,0,0,6,23,129.96,0,0.138,0.4,5.597,206.9,100.0,23,980.0
1999,4,1,21,0,0,0,0,0,0,0,6,23,137.39000000000001,0,0.138,0.4,5.597,192.20000000000002,100.0,23,980.0
1999,4,1,21,30,0,0,0,0,0,0,6,22,144.81,0,0.138,0.30000000000000004,5.589,192.20000000000002,100.0,22,980.0
1999,4,1,22,0,0,0,0,0,0,0,6,22,152.17000000000002,0,0.138,0.2,5.581,177.10000000000002,100.0,22,980.0
1999,4,1,22,30,0,0,0,0,0,0,6,22,159.44,0,0.138,0.1,5.565,177.10000000000002,100.0,22,980.0
1999,4,1,23,0,0,0,0,0,0,0,6,22,166.47,1,0.138,0.1,5.549,166.5,100.0,22,980.0
1999,4,1,23,30,0,0,0,0,0,0,6,22,172.54,1,0.138,0.0,5.525,166.5,100.0,22,980.0
1999,4,2,0,0,0,0,0,0,0,0,6,22,173.61,1,0.138,0.0,5.502,161.3,100.0,22,980.0
1999,4,2,0,30,0,0,0,0,0,0,6,22,168.24,1,0.138,0.0,5.477,161.3,100.0,22,980.0
1999,4,2,1,0,0,0,0,0,0,0,6,22,161.34,1,0.138,0.0,5.452,162.60000000000002,100.0,22,980.0
1999,4,2,1,30,0,0,0,0,0,0,6,22,154.11,0,0.138,0.0,5.433,162.60000000000002,100.0,22,980.0
1999,4,2,2,0,0,0,0,0,0,0,6,22,146.76,0,0.138,0.0,5.415,166.4,100.0,22,980.0
1999,4,2,2,30,0,0,0,0,0,0,6,22,139.36,0,0.138,0.0,5.407,166.4,100.0,22,980.0
1999,4,2,3,0,0,0,0,0,0,0,6,22,131.93,0,0.138,0.1,5.4,180.9,100.0,22,980.0
1999,4,2,3,30,0,0,0,0,0,0,6,21,124.48,0,0.138,0.1,5.399,180.9,100.0,22,980.0
1999,4,2,4,0,0,0,0,0,0,0,6,21,117.03,0,0.138,0.2,5.399,193.10000000000002,100.0,22,980.0
1999,4,2,4,30,0,0,0,0,0,0,7,21,109.56,0,0.138,0.2,5.404,193.10000000000002,100.0,21,980.0
1999,4,2,5,0,0,0,0,0,0,0,7,21,102.09,0,0.138,0.2,5.4110000000000005,204.3,100.0,21,980.0
1999,4,2,5,30,0,0,0,0,0,0,8,21,94.62,0,0.138,0.1,5.42,204.3,100.0,21,980.0
1999,4,2,6,0,10,0,10,15,272,29,8,22,87.15,4,0.138,0.1,5.429,203.60000000000002,100.0,22,980.0
1999,4,2,6,30,49,0,49,34,552,133,8,22,79.67,0,0.138,0.0,5.436,203.60000000000002,100.0,22,980.0
1999,4,2,7,0,59,0,59,44,697,257,7,22,72.2,0,0.138,0.0,5.4430000000000005,182.8,100.0,23,980.0
1999,4,2,7,30,127,0,127,51,783,386,8,22,64.73,0,0.138,0.0,5.446,182.8,100.0,23,980.0
1999,4,2,8,0,230,62,264,55,841,510,8,23,57.25,0,0.138,0.0,5.449,181.70000000000002,100.0,23,980.0
1999,4,2,8,30,278,54,313,59,880,628,8,23,49.79,0,0.138,0.0,5.455,181.70000000000002,100.0,23,980.0
1999,4,2,9,0,277,22,294,62,909,734,4,24,42.33,0,0.138,0.0,5.461,174.3,100.0,24,980.0
1999,4,2,9,30,343,35,372,64,930,828,4,24,34.88,0,0.138,0.0,5.47,174.3,100.0,24,980.0
1999,4,2,10,0,348,26,371,65,946,905,4,24,27.45,0,0.138,0.0,5.48,169.9,100.0,25,980.0
1999,4,2,10,30,429,49,475,67,957,966,8,24,20.06,0,0.138,0.0,5.4830000000000005,169.9,100.0,25,980.0
1999,4,2,11,0,508,122,627,67,964,1007,8,23,12.8,0,0.138,0.0,5.487,165.20000000000002,91.53,25,980.0
1999,4,2,11,30,525,141,665,67,968,1030,8,23,6.12,0,0.138,0.0,5.478,165.20000000000002,91.47,25,980.0
1999,4,2,12,0,527,143,670,67,968,1032,8,23,4.82,0,0.138,0.0,5.469,160.0,89.85000000000001,26,980.0
1999,4,2,12,30,516,141,655,66,966,1015,8,23,11.0,0,0.138,0.0,5.452,160.0,89.8,26,980.0
1999,4,2,13,0,475,86,557,65,960,978,8,23,18.19,0,0.138,0.0,5.436,157.4,89.05,26,980.0
1999,4,2,13,30,415,53,463,64,951,922,8,23,25.560000000000002,0,0.138,0.0,5.417,157.4,89.0,25,980.0
1999,4,2,14,0,416,108,507,63,937,849,8,23,32.980000000000004,0,0.138,0.0,5.399,161.5,88.9,25,980.0
1999,4,2,14,30,374,183,514,60,918,759,8,23,40.42,0,0.138,0.0,5.376,161.5,88.87,25,980.0
1999,4,2,15,0,315,116,394,57,892,656,7,23,47.88,0,0.138,0.0,5.354,171.60000000000002,90.15,25,980.0
1999,4,2,15,30,258,130,332,54,856,541,4,23,55.35,0,0.138,0.0,5.33,171.60000000000002,95.68,24,980.0
1999,4,2,16,0,148,476,366,49,806,418,8,23,62.81,0,0.138,0.0,5.307,185.4,97.63,24,980.0
1999,4,2,16,30,136,100,170,43,731,290,3,23,70.29,0,0.138,0.0,5.297,185.4,100.0,24,980.0
1999,4,2,17,0,35,608,164,35,608,164,1,23,77.76,0,0.138,0.0,5.287,173.9,100.0,24,980.0
1999,4,2,17,30,20,377,51,20,377,51,7,23,85.23,4,0.138,0.1,5.2940000000000005,173.9,100.0,23,980.0
1999,4,2,18,0,0,0,0,0,0,0,7,23,92.7,0,0.138,0.2,5.301,179.3,100.0,23,980.0
1999,4,2,18,30,0,0,0,0,0,0,7,23,100.17,0,0.138,0.2,5.3100000000000005,179.3,100.0,23,980.0
1999,4,2,19,0,0,0,0,0,0,0,7,23,107.64,1,0.138,0.2,5.32,181.9,100.0,23,980.0
1999,4,2,19,30,0,0,0,0,0,0,7,22,115.10000000000001,0,0.138,0.2,5.32,181.9,100.0,23,980.0
1999,4,2,20,0,0,0,0,0,0,0,6,22,122.55,0,0.138,0.2,5.32,163.70000000000002,100.0,23,980.0
1999,4,2,20,30,0,0,0,0,0,0,6,22,130.0,0,0.138,0.2,5.307,163.70000000000002,100.0,22,980.0
1999,4,2,21,0,0,0,0,0,0,0,7,22,137.42000000000002,0,0.138,0.30000000000000004,5.2940000000000005,140.8,100.0,22,980.0
1999,4,2,21,30,0,0,0,0,0,0,6,22,144.82,0,0.138,0.30000000000000004,5.277,140.8,100.0,22,980.0
1999,4,2,22,0,0,0,0,0,0,0,7,22,152.17000000000002,0,0.138,0.4,5.261,126.60000000000001,100.0,22,980.0
1999,4,2,22,30,0,0,0,0,0,0,7,22,159.41,0,0.138,0.4,5.24,126.60000000000001,100.0,22,980.0
1999,4,2,23,0,0,0,0,0,0,0,7,22,166.37,1,0.138,0.5,5.219,125.10000000000001,100.0,22,980.0
1999,4,2,23,30,0,0,0,0,0,0,7,21,172.28,1,0.138,0.5,5.191,125.10000000000001,100.0,21,980.0
1999,4,3,0,0,0,0,0,0,0,0,7,21,173.23,1,0.138,0.5,5.164,129.3,100.0,21,980.0
1999,4,3,0,30,0,0,0,0,0,0,6,21,167.98,1,0.138,0.5,5.138,129.3,100.0,21,980.0
1999,4,3,1,0,0,0,0,0,0,0,6,21,161.15,1,0.138,0.5,5.113,133.6,100.0,21,980.0
1999,4,3,1,30,0,0,0,0,0,0,6,21,153.95000000000002,0,0.138,0.5,5.093,133.6,100.0,21,980.0
1999,4,3,2,0,0,0,0,0,0,0,7,21,146.62,0,0.138,0.5,5.073,138.8,100.0,21,980.0
1999,4,3,2,30,0,0,0,0,0,0,7,20,139.24,0,0.138,0.5,5.062,138.8,100.0,20,980.0
1999,4,3,3,0,0,0,0,0,0,0,7,20,131.82,0,0.138,0.5,5.051,145.4,100.0,20,980.0
1999,4,3,3,30,0,0,0,0,0,0,7,20,124.38000000000001,0,0.138,0.5,5.055,145.4,100.0,20,980.0
1999,4,3,4,0,0,0,0,0,0,0,7,20,116.93,0,0.138,0.5,5.059,150.3,100.0,20,980.0
1999,4,3,4,30,0,0,0,0,0,0,7,20,109.47,0,0.138,0.5,5.075,150.3,100.0,20,980.0
1999,4,3,5,0,0,0,0,0,0,0,7,20,102.01,0,0.138,0.5,5.0920000000000005,152.1,100.0,20,980.0
1999,4,3,5,30,0,0,0,0,0,0,7,20,94.54,0,0.138,0.30000000000000004,5.115,152.1,100.0,20,980.0
1999,4,3,6,0,12,0,12,15,288,30,7,21,87.07000000000001,4,0.138,0.2,5.139,151.4,100.0,21,980.0
1999,4,3,6,30,54,0,54,32,564,134,8,21,79.60000000000001,4,0.138,0.1,5.173,151.4,97.96000000000001,22,980.0
1999,4,3,7,0,104,0,104,42,705,258,7,23,72.13,0,0.138,0.0,5.207,149.20000000000002,100.0,23,980.0
1999,4,3,7,30,158,20,166,49,789,386,7,23,64.66,0,0.138,0.0,5.25,149.20000000000002,100.0,23,980.0
1999,4,3,8,0,243,128,312,53,845,511,7,23,57.2,0,0.138,0.0,5.2940000000000005,145.20000000000002,98.3,24,980.0
1999,4,3,8,30,298,233,449,57,884,628,7,23,49.730000000000004,0,0.138,0.0,5.333,145.20000000000002,92.62,25,980.0
1999,4,3,9,0,324,367,596,60,911,734,8,23,42.28,0,0.138,0.0,5.373,149.0,84.47,26,980.0
1999,4,3,9,30,310,440,672,63,932,827,8,23,34.84,4,0.138,0.0,5.4110000000000005,149.0,84.46000000000001,26,980.0
1999,4,3,10,0,415,362,737,65,946,905,8,23,27.43,0,0.138,0.0,5.45,150.3,79.45,27,980.0
1999,4,3,10,30,463,319,763,66,957,965,3,23,20.07,0,0.138,0.0,5.488,150.3,79.41,27,980.0
1999,4,3,11,0,391,415,796,68,963,1007,8,23,12.85,4,0.138,0.0,5.527,149.0,80.52,27,980.0
1999,4,3,11,30,503,305,807,69,966,1030,8,23,6.32,0,0.138,0.0,5.562,149.0,80.48,27,980.0
1999,4,3,12,0,487,344,831,70,966,1032,8,23,5.17,0,0.138,0.0,5.598,147.70000000000002,81.07000000000001,28,980.0
1999,4,3,12,30,69,963,1014,69,963,1014,1,23,11.21,0,0.138,0.0,5.639,147.70000000000002,81.03,28,980.0
1999,4,3,13,0,467,325,777,71,955,978,8,23,18.35,0,0.138,0.0,5.681,152.1,77.12,28,980.0
1999,4,3,13,30,269,14,282,69,945,921,8,23,25.69,0,0.138,0.0,5.727,152.1,81.72,28,980.0
1999,4,3,14,0,391,65,446,70,929,848,8,23,33.09,0,0.138,0.0,5.774,163.8,82.95,28,980.0
1999,4,3,14,30,373,186,515,67,909,758,7,23,40.53,0,0.138,0.0,5.801,163.8,82.94,27,980.0
1999,4,3,15,0,317,184,441,65,881,655,7,24,47.980000000000004,0,0.138,0.0,5.829,181.8,86.27,27,980.0
1999,4,3,15,30,173,3,176,61,844,540,6,24,55.43,0,0.138,0.0,5.839,181.8,91.48,26,980.0
1999,4,3,16,0,189,246,301,56,791,416,6,25,62.9,0,0.138,0.0,5.849,181.4,95.68,26,980.0
1999,4,3,16,30,129,243,210,48,714,288,7,25,70.36,0,0.138,0.0,5.848,181.4,100.0,25,980.0
1999,4,3,17,0,72,219,118,38,587,162,7,25,77.83,4,0.138,0.1,5.847,192.0,100.0,25,980.0
1999,4,3,17,30,26,125,36,21,352,50,7,24,85.3,4,0.138,0.1,5.835,192.0,100.0,25,980.0
1999,4,3,18,0,0,0,0,0,0,0,7,24,92.77,0,0.138,0.2,5.823,202.5,100.0,25,980.0
1999,4,3,18,30,0,0,0,0,0,0,7,24,100.23,0,0.138,0.2,5.819,202.5,100.0,24,980.0
1999,4,3,19,0,0,0,0,0,0,0,7,24,107.69,1,0.138,0.30000000000000004,5.815,202.60000000000002,100.0,24,980.0
1999,4,3,19,30,0,0,0,0,0,0,7,23,115.15,0,0.138,0.2,5.811,202.60000000000002,100.0,24,980.0
1999,4,3,20,0,0,0,0,0,0,0,7,23,122.60000000000001,0,0.138,0.2,5.807,204.20000000000002,100.0,24,980.0
1999,4,3,20,30,0,0,0,0,0,0,7,23,130.03,0,0.138,0.1,5.803,204.20000000000002,100.0,23,980.0
1999,4,3,21,0,0,0,0,0,0,0,7,23,137.45000000000002,0,0.138,0.1,5.799,204.9,100.0,23,980.0
1999,4,3,21,30,0,0,0,0,0,0,7,23,144.83,0,0.138,0.1,5.803,204.9,100.0,23,980.0
1999,4,3,22,0,0,0,0,0,0,0,7,23,152.16,0,0.138,0.1,5.807,206.20000000000002,100.0,23,980.0
1999,4,3,22,30,0,0,0,0,0,0,7,23,159.36,0,0.138,0.0,5.807,206.20000000000002,100.0,23,980.0
1999,4,3,23,0,0,0,0,0,0,0,7,23,166.26,1,0.138,0.0,5.807,205.8,100.0,23,980.0
1999,4,3,23,30,0,0,0,0,0,0,7,23,172.02,1,0.138,0.0,5.803,205.8,100.0,23,980.0
1999,4,4,0,0,0,0,0,0,0,0,7,23,172.85,1,0.138,0.0,5.8,206.3,100.0,23,980.0
1999,4,4,0,30,0,0,0,0,0,0,8,22,167.72,1,0.138,0.0,5.7940000000000005,206.3,100.0,23,980.0
1999,4,4,1,0,0,0,0,0,0,0,8,22,160.96,1,0.138,0.0,5.789,205.8,100.0,23,980.0
1999,4,4,1,30,0,0,0,0,0,0,8,22,153.79,0,0.138,0.0,5.779,205.8,100.0,22,980.0
1999,4,4,2,0,0,0,0,0,0,0,8,22,146.49,0,0.138,0.0,5.7700000000000005,203.9,100.0,22,980.0
1999,4,4,2,30,0,0,0,0,0,0,8,22,139.11,0,0.138,0.0,5.763,203.9,100.0,22,980.0
1999,4,4,3,0,0,0,0,0,0,0,7,22,131.7,0,0.138,0.0,5.756,202.70000000000002,100.0,22,980.0
1999,4,4,3,30,0,0,0,0,0,0,8,22,124.27,0,0.138,0.0,5.7490000000000006,202.70000000000002,100.0,22,980.0
1999,4,4,4,0,0,0,0,0,0,0,7,22,116.83,0,0.138,0.1,5.742,201.5,100.0,22,980.0
1999,4,4,4,30,0,0,0,0,0,0,7,22,109.38,0,0.138,0.1,5.734,201.5,100.0,22,980.0
1999,4,4,5,0,0,0,0,0,0,0,8,22,101.92,0,0.138,0.1,5.728,195.5,100.0,22,980.0
1999,4,4,5,30,0,0,0,0,0,0,8,22,94.46000000000001,0,0.138,0.0,5.722,195.5,100.0,22,980.0
1999,4,4,6,0,7,0,7,16,262,30,7,22,86.99,4,0.138,0.0,5.7170000000000005,191.3,100.0,22,980.0
1999,4,4,6,30,32,0,32,36,540,134,4,22,79.53,0,0.138,0.0,5.7170000000000005,191.3,100.0,22,980.0
1999,4,4,7,0,80,0,80,48,684,259,8,23,72.06,0,0.138,0.0,5.7170000000000005,183.4,100.0,23,980.0
1999,4,4,7,30,62,0,62,56,771,387,4,23,64.6,0,0.138,0.0,5.7170000000000005,183.4,100.0,23,980.0
1999,4,4,8,0,176,6,179,61,831,512,4,24,57.14,0,0.138,0.0,5.718,171.70000000000002,100.0,24,980.0
1999,4,4,8,30,301,211,438,65,871,629,7,24,49.68,0,0.138,0.0,5.723,171.70000000000002,100.0,24,980.0
1999,4,4,9,0,292,449,625,68,901,736,8,24,42.24,0,0.138,0.0,5.728,171.3,98.17,25,980.0
1999,4,4,9,30,408,224,592,71,922,829,8,24,34.81,0,0.138,0.0,5.753,171.3,98.15,26,980.0
1999,4,4,10,0,455,155,593,73,937,906,7,24,27.41,0,0.138,0.0,5.779,173.10000000000002,90.72,27,980.0
1999,4,4,10,30,468,86,549,75,948,966,7,24,20.080000000000002,0,0.138,0.0,5.809,173.10000000000002,90.68,27,980.0
1999,4,4,11,0,442,45,486,76,955,1007,7,24,12.92,0,0.138,0.0,5.84,170.8,83.99,27,980.0
1999,4,4,11,30,501,84,584,77,958,1029,7,24,6.54,0,0.138,0.0,5.862,170.8,83.94,27,980.0
1999,4,4,12,0,524,217,741,77,958,1031,7,24,5.53,0,0.138,0.0,5.885,166.70000000000002,83.84,27,980.0
1999,4,4,12,30,508,252,755,76,955,1013,7,24,11.43,0,0.138,0.0,5.901,166.70000000000002,83.8,27,980.0
1999,4,4,13,0,483,266,736,74,950,976,7,24,18.51,0,0.138,0.0,5.917,159.3,84.69,27,980.0
1999,4,4,13,30,443,301,714,73,940,919,7,24,25.82,0,0.138,0.0,5.928,159.3,84.66,27,980.0
1999,4,4,14,0,390,342,677,70,926,845,7,24,33.21,0,0.138,0.0,5.939,153.60000000000002,86.73,27,980.0
1999,4,4,14,30,349,320,592,67,907,756,7,24,40.63,0,0.138,0.0,5.946,153.60000000000002,91.97,27,980.0
1999,4,4,15,0,220,544,584,63,881,652,8,25,48.07,0,0.138,0.0,5.953,147.6,95.06,27,980.0
1999,4,4,15,30,131,682,517,59,844,537,8,25,55.52,0,0.138,0.0,5.956,147.6,95.06,26,980.0
1999,4,4,16,0,133,535,376,54,793,414,8,25,62.980000000000004,0,0.138,0.0,5.96,131.6,98.01,26,980.0
1999,4,4,16,30,91,509,262,47,716,286,8,25,70.44,0,0.138,0.0,5.952,131.6,100.0,26,980.0
1999,4,4,17,0,50,461,147,37,591,161,7,25,77.91,3,0.138,0.0,5.946,154.8,100.0,26,980.0
1999,4,4,17,30,22,279,45,21,356,49,7,25,85.37,4,0.138,0.1,5.939,154.8,100.0,25,980.0
1999,4,4,18,0,0,0,0,0,0,0,8,25,92.83,0,0.138,0.2,5.932,136.3,100.0,25,980.0
1999,4,4,18,30,0,0,0,0,0,0,7,24,100.29,0,0.138,0.2,5.924,136.3,100.0,24,980.0
1999,4,4,19,0,0,0,0,0,0,0,7,24,107.75,1,0.138,0.2,5.916,134.1,100.0,24,980.0
1999,4,4,19,30,0,0,0,0,0,0,7,24,115.2,0,0.138,0.2,5.9110000000000005,134.1,100.0,24,980.0
1999,4,4,20,0,0,0,0,0,0,0,6,24,122.63,0,0.138,0.2,5.907,128.20000000000002,100.0,24,980.0
1999,4,4,20,30,0,0,0,0,0,0,7,24,130.06,0,0.138,0.2,5.902,128.20000000000002,100.0,24,980.0
1999,4,4,21,0,0,0,0,0,0,0,6,24,137.47,0,0.138,0.2,5.897,128.3,100.0,24,980.0
1999,4,4,21,30,0,0,0,0,0,0,6,23,144.83,0,0.138,0.2,5.89,128.3,100.0,24,980.0
1999,4,4,22,0,0,0,0,0,0,0,6,23,152.14000000000001,0,0.138,0.2,5.884,135.6,100.0,24,980.0
1999,4,4,22,30,0,0,0,0,0,0,6,23,159.31,0,0.138,0.2,5.873,135.6,100.0,23,980.0
1999,4,4,23,0,0,0,0,0,0,0,6,23,166.14000000000001,1,0.138,0.2,5.862,147.8,100.0,23,980.0
1999,4,4,23,30,0,0,0,0,0,0,6,23,171.74,1,0.138,0.2,5.848,147.8,100.0,23,980.0
1999,4,5,0,0,0,0,0,0,0,0,6,23,172.47,1,0.138,0.2,5.835,154.8,100.0,23,980.0
1999,4,5,0,30,0,0,0,0,0,0,8,23,167.46,1,0.138,0.2,5.8340000000000005,154.8,100.0,23,980.0
1999,4,5,1,0,0,0,0,0,0,0,8,23,160.76,1,0.138,0.2,5.8340000000000005,151.1,100.0,23,980.0
1999,4,5,1,30,0,0,0,0,0,0,8,22,153.63,0,0.138,0.1,5.859,151.1,100.0,23,980.0
1999,4,5,2,0,0,0,0,0,0,0,7,22,146.34,0,0.138,0.1,5.886,162.8,100.0,23,980.0
1999,4,5,2,30,0,0,0,0,0,0,7,22,138.99,0,0.138,0.0,5.923,162.8,100.0,23,980.0
1999,4,5,3,0,0,0,0,0,0,0,7,22,131.59,0,0.138,0.0,5.962,169.9,100.0,23,980.0
1999,4,5,3,30,0,0,0,0,0,0,7,22,124.17,0,0.138,0.0,5.971,169.9,100.0,23,980.0
1999,4,5,4,0,0,0,0,0,0,0,7,22,116.73,0,0.138,0.0,5.981,179.60000000000002,100.0,23,980.0
1999,4,5,4,30,0,0,0,0,0,0,7,22,109.28,0,0.138,0.0,5.9670000000000005,179.60000000000002,100.0,22,980.0
1999,4,5,5,0,0,0,0,0,0,0,7,22,101.83,0,0.138,0.0,5.954,186.70000000000002,100.0,22,980.0
1999,4,5,5,30,0,0,0,0,0,0,3,22,94.38,0,0.138,0.0,5.933,186.70000000000002,100.0,22,980.0
1999,4,5,6,0,17,198,28,16,270,31,3,22,86.91,4,0.138,0.0,5.914,195.3,100.0,22,980.0
1999,4,5,6,30,52,381,122,35,546,135,8,22,79.45,0,0.138,0.0,5.8950000000000005,195.3,100.0,22,980.0
1999,4,5,7,0,102,365,215,47,689,260,8,23,72.0,0,0.138,0.0,5.876,202.4,100.0,23,990.0
1999,4,5,7,30,174,55,198,55,775,388,3,23,64.54,0,0.138,0.0,5.867,202.4,100.0,23,990.0
1999,4,5,8,0,226,51,254,61,831,512,4,23,57.08,0,0.138,0.0,5.8580000000000005,206.9,100.0,23,990.0
1999,4,5,8,30,302,122,381,65,870,629,8,23,49.64,0,0.138,0.0,5.863,206.9,100.0,23,990.0
1999,4,5,9,0,358,207,512,69,899,735,7,23,42.2,0,0.138,0.0,5.869,218.0,100.0,23,990.0
1999,4,5,9,30,383,332,656,72,920,828,8,23,34.78,0,0.138,0.0,5.88,218.0,100.0,23,990.0
1999,4,5,10,0,386,415,754,74,935,905,8,23,27.400000000000002,0,0.138,0.0,5.891,216.5,97.32000000000001,24,990.0
1999,4,5,10,30,313,522,804,76,946,965,8,23,20.09,1,0.138,0.0,5.899,216.5,97.28,24,990.0
1999,4,5,11,0,324,528,839,78,953,1006,8,23,12.99,1,0.138,0.0,5.908,214.3,90.21000000000001,25,980.0
1999,4,5,11,30,458,279,736,78,956,1028,7,23,6.76,1,0.138,0.0,5.912,214.3,90.16,25,980.0
1999,4,5,12,0,459,279,737,79,956,1030,7,23,5.9,1,0.138,0.0,5.916,211.20000000000002,84.59,26,980.0
1999,4,5,12,30,513,215,724,78,953,1012,7,23,11.65,0,0.138,0.0,5.9190000000000005,211.20000000000002,84.54,26,980.0
1999,4,5,13,0,436,276,697,78,947,975,7,23,18.67,1,0.138,0.0,5.922,209.10000000000002,85.39,26,980.0
1999,4,5,13,30,411,273,657,76,936,919,7,23,25.96,1,0.138,0.0,5.9190000000000005,209.10000000000002,85.35000000000001,26,980.0
1999,4,5,14,0,379,269,604,74,921,845,7,23,33.33,1,0.138,0.0,5.917,208.8,86.60000000000001,26,980.0
1999,4,5,14,30,230,12,239,72,902,755,8,23,40.74,1,0.138,0.0,5.896,208.8,86.57000000000001,26,980.0
1999,4,5,15,0,201,8,206,68,874,651,8,23,48.17,1,0.138,0.0,5.876,204.70000000000002,87.99,26,980.0
1999,4,5,15,30,168,2,170,64,837,536,8,23,55.61,0,0.138,0.0,5.836,204.70000000000002,93.34,25,980.0
1999,4,5,16,0,131,0,131,57,785,413,8,24,63.07,1,0.138,0.0,5.797,198.60000000000002,94.51,25,980.0
1999,4,5,16,30,90,0,90,50,706,285,8,24,70.52,1,0.138,0.0,5.751,198.60000000000002,100.0,25,980.0
1999,4,5,17,0,50,0,50,39,577,159,8,24,77.98,1,0.138,0.0,5.706,190.8,100.0,25,980.0
1999,4,5,17,30,15,0,15,21,338,48,6,24,85.44,1,0.138,0.0,5.666,190.8,100.0,24,980.0
1999,4,5,18,0,0,0,0,0,0,0,6,23,92.89,1,0.138,0.0,5.627,188.4,99.09,24,980.0
1999,4,5,18,30,0,0,0,0,0,0,6,23,100.35000000000001,0,0.138,0.0,5.5920000000000005,188.4,100.0,23,980.0
1999,4,5,19,0,0,0,0,0,0,0,6,23,107.8,1,0.138,0.0,5.558,187.0,100.0,23,980.0
1999,4,5,19,30,0,0,0,0,0,0,6,23,115.24000000000001,0,0.138,0.0,5.531,187.0,100.0,23,980.0
1999,4,5,20,0,0,0,0,0,0,0,6,23,122.67,0,0.138,0.0,5.5040000000000004,184.60000000000002,100.0,23,980.0
1999,4,5,20,30,0,0,0,0,0,0,6,22,130.09,0,0.138,0.0,5.486,184.60000000000002,100.0,23,980.0
1999,4,5,21,0,0,0,0,0,0,0,6,22,137.48,0,0.138,0.0,5.468,180.9,100.0,23,980.0
1999,4,5,21,30,0,0,0,0,0,0,6,22,144.84,0,0.138,0.0,5.453,180.9,100.0,22,980.0
1999,4,5,22,0,0,0,0,0,0,0,6,22,152.12,0,0.138,0.1,5.439,182.9,100.0,22,980.0
1999,4,5,22,30,0,0,0,0,0,0,6,22,159.25,0,0.138,0.1,5.428,182.9,100.0,22,980.0
1999,4,5,23,0,0,0,0,0,0,0,6,22,166.02,1,0.138,0.1,5.417,190.9,100.0,22,980.0
1999,4,5,23,30,0,0,0,0,0,0,6,22,171.46,1,0.138,0.1,5.409,190.9,100.0,22,980.0
1999,4,6,0,0,0,0,0,0,0,0,6,22,172.1,1,0.138,0.1,5.402,203.3,100.0,22,980.0
1999,4,6,0,30,0,0,0,0,0,0,6,21,167.19,1,0.138,0.0,5.397,203.3,100.0,22,980.0
1999,4,6,1,0,0,0,0,0,0,0,6,21,160.55,1,0.138,0.0,5.393,215.9,100.0,22,980.0
1999,4,6,1,30,0,0,0,0,0,0,6,21,153.46,0,0.138,0.0,5.39,215.9,100.0,21,980.0
1999,4,6,2,0,0,0,0,0,0,0,6,21,146.20000000000002,0,0.138,0.0,5.3870000000000005,226.60000000000002,100.0,21,980.0
1999,4,6,2,30,0,0,0,0,0,0,6,21,138.86,0,0.138,0.0,5.39,226.60000000000002,100.0,21,980.0
1999,4,6,3,0,0,0,0,0,0,0,8,21,131.47,0,0.138,0.0,5.393,234.4,100.0,21,980.0
1999,4,6,3,30,0,0,0,0,0,0,8,21,124.06,0,0.138,0.0,5.397,234.4,100.0,21,980.0
1999,4,6,4,0,0,0,0,0,0,0,7,21,116.63,0,0.138,0.0,5.402,241.20000000000002,100.0,21,980.0
1999,4,6,4,30,0,0,0,0,0,0,6,21,109.19,0,0.138,0.0,5.406,241.20000000000002,100.0,21,980.0
1999,4,6,5,0,0,0,0,0,0,0,6,21,101.75,0,0.138,0.0,5.4110000000000005,244.4,100.0,21,980.0
1999,4,6,5,30,0,0,0,0,0,0,8,21,94.29,0,0.138,0.0,5.4190000000000005,244.4,100.0,21,980.0
1999,4,6,6,0,9,0,9,17,247,31,8,22,86.84,4,0.138,0.0,5.4270000000000005,242.3,100.0,22,990.0
1999,4,6,6,30,41,0,41,39,524,135,8,22,79.38,0,0.138,0.0,5.441,242.3,100.0,22,990.0
1999,4,6,7,0,114,262,196,51,674,260,8,22,71.93,0,0.138,0.0,5.455,237.0,98.48,23,990.0
1999,4,6,7,30,124,0,124,60,761,388,8,22,64.48,0,0.138,0.0,5.478,237.0,98.51,23,990.0
1999,4,6,8,0,185,10,191,66,822,513,8,22,57.03,0,0.138,0.0,5.501,227.70000000000002,93.06,24,990.0
1999,4,6,8,30,176,3,179,71,862,630,8,22,49.59,0,0.138,0.0,5.525,227.70000000000002,93.08,24,990.0
1999,4,6,9,0,131,0,131,75,892,737,8,22,42.160000000000004,0,0.138,0.0,5.55,217.10000000000002,86.38,25,990.0
1999,4,6,9,30,314,24,334,78,914,829,8,22,34.76,0,0.138,0.0,5.5680000000000005,217.10000000000002,86.36,25,990.0
1999,4,6,10,0,451,220,647,81,930,906,8,22,27.400000000000002,0,0.138,0.0,5.586,202.4,80.74,26,990.0
1999,4,6,10,30,423,398,797,82,941,966,8,22,20.12,0,0.138,0.0,5.596,202.4,80.7,26,990.0
1999,4,6,11,0,338,505,831,84,948,1007,8,22,13.07,4,0.138,0.0,5.606,189.9,76.07000000000001,27,990.0
1999,4,6,11,30,461,50,511,84,952,1029,3,22,7.01,0,0.138,0.0,5.609,189.9,76.03,27,990.0
1999,4,6,12,0,522,223,744,84,952,1031,3,22,6.26,0,0.138,0.0,5.614,182.0,76.13,27,980.0
1999,4,6,12,30,513,144,655,84,949,1013,7,22,11.88,0,0.138,0.0,5.619,182.0,76.08,27,980.0
1999,4,6,13,0,419,42,459,83,941,975,3,22,18.84,0,0.138,0.0,5.6240000000000006,177.20000000000002,76.86,27,980.0
1999,4,6,13,30,81,931,918,81,931,918,0,22,26.1,0,0.138,0.0,5.6240000000000006,177.20000000000002,76.82000000000001,27,980.0
1999,4,6,14,0,80,915,844,80,915,844,0,22,33.45,0,0.138,0.0,5.6240000000000006,172.9,77.93,27,980.0
1999,4,6,14,30,77,895,754,77,895,754,0,22,40.85,0,0.138,0.0,5.617,172.9,82.62,27,980.0
1999,4,6,15,0,73,866,650,73,866,650,0,23,48.27,0,0.138,0.0,5.611,167.10000000000002,83.86,27,980.0
1999,4,6,15,30,68,827,534,68,827,534,0,23,55.71,0,0.138,0.0,5.596,167.10000000000002,83.85000000000001,26,980.0
1999,4,6,16,0,62,772,411,62,772,411,0,23,63.15,0,0.138,0.0,5.583,161.20000000000002,86.09,26,980.0
1999,4,6,16,30,53,690,283,53,690,283,0,23,70.60000000000001,0,0.138,0.0,5.565,161.20000000000002,91.34,25,980.0
1999,4,6,17,0,42,555,157,42,555,157,0,24,78.05,0,0.138,0.0,5.548,153.20000000000002,94.85000000000001,25,980.0
1999,4,6,17,30,22,310,47,22,310,47,0,24,85.5,0,0.138,0.1,5.532,153.20000000000002,100.0,24,980.0
1999,4,6,18,0,0,0,0,0,0,0,0,24,92.96000000000001,0,0.138,0.2,5.517,151.70000000000002,100.0,24,980.0
1999,4,6,18,30,0,0,0,0,0,0,0,23,100.4,0,0.138,0.2,5.508,151.70000000000002,100.0,24,980.0
1999,4,6,19,0,0,0,0,0,0,0,0,23,107.85000000000001,1,0.138,0.2,5.5,146.20000000000002,100.0,24,980.0
1999,4,6,19,30,0,0,0,0,0,0,0,23,115.28,0,0.138,0.2,5.497,146.20000000000002,100.0,23,980.0
1999,4,6,20,0,0,0,0,0,0,0,0,23,122.71000000000001,0,0.138,0.2,5.494,143.1,100.0,23,980.0
1999,4,6,20,30,0,0,0,0,0,0,0,23,130.12,0,0.138,0.2,5.492,143.1,100.0,23,980.0
1999,4,6,21,0,0,0,0,0,0,0,0,23,137.5,0,0.138,0.2,5.4910000000000005,142.20000000000002,100.0,23,980.0
1999,4,6,21,30,0,0,0,0,0,0,0,22,144.83,0,0.138,0.1,5.489,142.20000000000002,100.0,23,980.0
1999,4,6,22,0,0,0,0,0,0,0,3,22,152.09,0,0.138,0.1,5.488,141.8,100.0,23,980.0
1999,4,6,22,30,0,0,0,0,0,0,0,22,159.19,0,0.138,0.1,5.4830000000000005,141.8,100.0,22,980.0
1999,4,6,23,0,0,0,0,0,0,0,0,22,165.88,1,0.138,0.1,5.478,145.0,100.0,22,980.0
1999,4,6,23,30,0,0,0,0,0,0,0,22,171.17000000000002,1,0.138,0.1,5.465,145.0,100.0,22,980.0
1999,4,7,0,0,0,0,0,0,0,0,0,22,171.72,1,0.138,0.1,5.452,152.9,100.0,22,980.0
1999,4,7,0,30,0,0,0,0,0,0,4,22,166.91,1,0.138,0.1,5.436,152.9,100.0,22,980.0
1999,4,7,1,0,0,0,0,0,0,0,4,22,160.35,1,0.138,0.1,5.422,163.70000000000002,100.0,22,980.0
1999,4,7,1,30,0,0,0,0,0,0,4,22,153.3,0,0.138,0.1,5.417,163.70000000000002,100.0,22,980.0
1999,4,7,2,0,0,0,0,0,0,0,4,22,146.06,0,0.138,0.1,5.413,178.4,100.0,22,980.0
1999,4,7,2,30,0,0,0,0,0,0,4,21,138.73,0,0.138,0.1,5.424,178.4,100.0,22,980.0
1999,4,7,3,0,0,0,0,0,0,0,4,21,131.36,0,0.138,0.1,5.436,197.0,100.0,22,980.0
1999,4,7,3,30,0,0,0,0,0,0,4,21,123.95,0,0.138,0.1,5.454,197.0,100.0,21,980.0
1999,4,7,4,0,0,0,0,0,0,0,4,21,116.53,0,0.138,0.1,5.472,210.60000000000002,100.0,21,980.0
1999,4,7,4,30,0,0,0,0,0,0,4,21,109.10000000000001,0,0.138,0.1,5.492,210.60000000000002,100.0,21,980.0
1999,4,7,5,0,0,0,0,0,0,0,4,21,101.66,0,0.138,0.1,5.513,217.20000000000002,100.0,21,980.0
1999,4,7,5,30,0,0,0,0,0,0,4,21,94.21000000000001,0,0.138,0.0,5.5280000000000005,217.20000000000002,100.0,21,980.0
1999,4,7,6,0,16,0,16,18,232,31,4,22,86.76,4,0.138,0.0,5.5440000000000005,217.8,100.0,22,990.0
1999,4,7,6,30,65,20,69,41,508,135,3,22,79.32000000000001,0,0.138,0.0,5.554,217.8,100.0,23,990.0
1999,4,7,7,0,46,0,46,54,658,259,4,22,71.87,0,0.138,0.0,5.565,211.9,99.46000000000001,24,990.0
1999,4,7,7,30,142,2,143,64,748,387,4,22,64.42,0,0.138,0.0,5.573,211.9,99.49000000000001,24,990.0
1999,4,7,8,0,234,70,272,71,808,512,3,23,56.980000000000004,0,0.138,0.0,5.582,202.70000000000002,96.78,25,990.0
1999,4,7,8,30,122,0,122,77,850,629,3,23,49.550000000000004,0,0.138,0.0,5.59,202.70000000000002,91.17,25,990.0
1999,4,7,9,0,328,55,370,82,880,735,3,23,42.13,0,0.138,0.0,5.599,192.9,86.19,26,990.0
1999,4,7,9,30,276,16,289,85,902,827,3,23,34.74,0,0.138,0.0,5.617,192.9,86.17,26,990.0
1999,4,7,10,0,452,205,635,88,918,904,3,23,27.400000000000002,0,0.138,0.0,5.636,175.20000000000002,80.88,27,990.0
1999,4,7,10,30,90,929,963,90,929,963,0,23,20.150000000000002,0,0.138,0.0,5.662,175.20000000000002,80.84,27,990.0
1999,4,7,11,0,93,935,1004,93,935,1004,0,23,13.17,0,0.138,0.0,5.689,158.60000000000002,80.56,28,980.0
1999,4,7,11,30,449,429,875,94,939,1025,8,23,7.26,0,0.138,0.0,5.71,158.60000000000002,80.51,28,980.0
1999,4,7,12,0,473,362,833,95,937,1027,8,23,6.62,0,0.138,0.0,5.731,147.5,76.24,28,980.0
1999,4,7,12,30,495,292,781,95,934,1008,8,23,12.120000000000001,0,0.138,0.0,5.747,147.5,80.77,27,980.0
1999,4,7,13,0,94,925,970,94,925,970,1,23,19.02,0,0.138,0.0,5.763,140.0,82.67,27,980.0
1999,4,7,13,30,92,915,913,92,915,913,1,23,26.240000000000002,0,0.138,0.0,5.768,140.0,82.63,27,980.0
1999,4,7,14,0,413,115,509,91,896,838,8,24,33.57,0,0.138,0.0,5.774,134.6,84.67,27,980.0
1999,4,7,14,30,366,121,458,87,875,748,7,24,40.96,0,0.138,0.0,5.763,134.6,84.65,27,980.0
1999,4,7,15,0,284,49,317,83,843,644,6,24,48.370000000000005,0,0.138,0.0,5.752,125.10000000000001,86.64,27,980.0
1999,4,7,15,30,196,13,203,77,802,528,6,24,55.800000000000004,0,0.138,0.0,5.731,125.10000000000001,91.87,26,980.0
1999,4,7,16,0,93,0,93,71,741,404,6,24,63.24,0,0.138,0.0,5.71,110.80000000000001,94.23,26,980.0
1999,4,7,16,30,90,0,90,61,654,277,6,24,70.68,0,0.138,0.0,5.679,110.80000000000001,99.99000000000001,25,980.0
1999,4,7,17,0,76,129,102,47,508,152,6,25,78.12,0,0.138,0.0,5.649,98.0,100.0,25,980.0
1999,4,7,17,30,26,47,29,24,259,44,6,24,85.57000000000001,4,0.138,0.1,5.611,98.0,100.0,25,980.0
1999,4,7,18,0,0,0,0,0,0,0,6,24,93.02,0,0.138,0.2,5.574,93.5,100.0,25,980.0
1999,4,7,18,30,0,0,0,0,0,0,7,24,100.46000000000001,0,0.138,0.2,5.5440000000000005,93.5,100.0,24,980.0
1999,4,7,19,0,0,0,0,0,0,0,7,24,107.9,1,0.138,0.2,5.515,88.7,100.0,24,980.0
1999,4,7,19,30,0,0,0,0,0,0,7,23,115.32000000000001,0,0.138,0.2,5.494,88.7,100.0,24,980.0
1999,4,7,20,0,0,0,0,0,0,0,6,23,122.74000000000001,0,0.138,0.2,5.4750000000000005,86.80000000000001,100.0,24,980.0
1999,4,7,20,30,0,0,0,0,0,0,8,23,130.14000000000001,0,0.138,0.1,5.464,86.80000000000001,100.0,23,980.0
1999,4,7,21,0,0,0,0,0,0,0,8,23,137.51,0,0.138,0.1,5.454,84.9,100.0,23,980.0
1999,4,7,21,30,0,0,0,0,0,0,8,23,144.83,0,0.138,0.1,5.449,84.9,100.0,23,980.0
1999,4,7,22,0,0,0,0,0,0,0,8,23,152.06,0,0.138,0.1,5.444,85.7,100.0,23,980.0
1999,4,7,22,30,0,0,0,0,0,0,7,23,159.12,0,0.138,0.1,5.4430000000000005,85.7,100.0,23,980.0
1999,4,7,23,0,0,0,0,0,0,0,7,23,165.73,1,0.138,0.1,5.442,89.80000000000001,100.0,23,980.0
1999,4,7,23,30,0,0,0,0,0,0,7,22,170.88,1,0.138,0.1,5.448,89.80000000000001,100.0,23,980.0
1999,4,8,0,0,0,0,0,0,0,0,7,22,171.35,1,0.138,0.1,5.455,96.7,100.0,23,980.0
1999,4,8,0,30,0,0,0,0,0,0,7,22,166.63,1,0.138,0.1,5.4670000000000005,96.7,100.0,22,980.0
1999,4,8,1,0,0,0,0,0,0,0,7,22,160.14000000000001,1,0.138,0.2,5.48,103.30000000000001,100.0,22,980.0
1999,4,8,1,30,0,0,0,0,0,0,7,22,153.12,0,0.138,0.2,5.5,103.30000000000001,100.0,22,980.0
1999,4,8,2,0,0,0,0,0,0,0,8,22,145.91,0,0.138,0.2,5.5200000000000005,107.60000000000001,100.0,22,980.0
1999,4,8,2,30,0,0,0,0,0,0,8,22,138.6,0,0.138,0.2,5.547,107.60000000000001,100.0,22,980.0
1999,4,8,3,0,0,0,0,0,0,0,3,22,131.24,0,0.138,0.30000000000000004,5.575,110.60000000000001,100.0,22,980.0
1999,4,8,3,30,0,0,0,0,0,0,7,22,123.85000000000001,0,0.138,0.30000000000000004,5.609,110.60000000000001,100.0,22,980.0
1999,4,8,4,0,0,0,0,0,0,0,3,22,116.43,0,0.138,0.30000000000000004,5.644,112.4,100.0,22,980.0
1999,4,8,4,30,0,0,0,0,0,0,4,22,109.01,0,0.138,0.30000000000000004,5.6770000000000005,112.4,100.0,22,980.0
1999,4,8,5,0,0,0,0,0,0,0,4,22,101.57000000000001,0,0.138,0.4,5.711,114.10000000000001,100.0,22,980.0
1999,4,8,5,30,0,0,0,0,0,0,4,22,94.13,0,0.138,0.30000000000000004,5.742,114.10000000000001,100.0,22,980.0
1999,4,8,6,0,4,0,4,20,187,30,4,22,86.69,4,0.138,0.30000000000000004,5.773,118.80000000000001,100.0,22,980.0
1999,4,8,6,30,20,0,20,46,459,132,4,22,79.25,0,0.138,0.1,5.801,118.80000000000001,100.0,22,980.0
1999,4,8,7,0,38,0,38,64,612,255,4,23,71.81,1,0.138,0.0,5.829,127.5,100.0,23,980.0
1999,4,8,7,30,57,0,57,75,707,381,4,23,64.37,1,0.138,0.0,5.849,127.5,100.0,23,980.0
1999,4,8,8,0,76,0,76,84,774,506,4,24,56.93,1,0.138,0.0,5.869,155.3,100.0,24,990.0
1999,4,8,8,30,295,148,391,91,819,622,8,24,49.51,1,0.138,0.0,5.885,155.3,100.0,24,990.0
1999,4,8,9,0,345,151,458,95,852,728,8,24,42.11,1,0.138,0.0,5.901,161.4,100.0,25,990.0
1999,4,8,9,30,408,130,516,100,876,820,8,24,34.730000000000004,0,0.138,0.0,5.909,161.4,100.0,25,980.0
1999,4,8,10,0,426,156,564,104,893,897,8,23,27.400000000000002,1,0.138,0.0,5.917,160.60000000000002,92.69,26,980.0
1999,4,8,10,30,488,162,640,106,906,956,7,23,20.19,0,0.138,0.0,5.914,160.60000000000002,92.64,26,980.0
1999,4,8,11,0,487,306,786,107,914,997,8,23,13.280000000000001,0,0.138,0.0,5.9110000000000005,151.9,85.38,26,980.0
1999,4,8,11,30,510,268,776,108,918,1019,7,23,7.53,0,0.138,0.0,5.915,151.9,85.33,26,980.0
1999,4,8,12,0,524,162,686,107,920,1021,3,23,6.99,0,0.138,0.0,5.92,147.6,80.79,27,980.0
1999,4,8,12,30,434,41,474,106,916,1002,3,23,12.36,0,0.138,0.0,5.929,147.6,80.75,27,980.0
1999,4,8,13,0,483,251,720,104,910,964,8,23,19.2,0,0.138,0.0,5.939,142.20000000000002,81.63,27,980.0
1999,4,8,13,30,399,310,678,102,898,907,8,23,26.39,1,0.138,0.0,5.942,142.20000000000002,86.53,27,980.0
1999,4,8,14,0,368,305,622,98,883,833,8,23,33.7,1,0.138,0.0,5.946,138.6,87.63,27,980.0
1999,4,8,14,30,312,45,346,94,860,743,6,23,41.07,1,0.138,0.0,5.944,138.6,87.61,26,980.0
1999,4,8,15,0,269,43,298,88,830,639,6,24,48.47,1,0.138,0.0,5.9430000000000005,136.9,89.33,26,980.0
1999,4,8,15,30,224,36,244,82,788,524,6,24,55.89,0,0.138,0.0,5.933,136.9,94.79,26,980.0
1999,4,8,16,0,172,33,187,74,728,401,6,24,63.32,1,0.138,0.0,5.925,136.6,96.83,26,980.0
1999,4,8,16,30,130,186,191,63,640,274,6,24,70.76,0,0.138,0.0,5.912,136.6,96.86,25,980.0
1999,4,8,17,0,66,294,127,48,496,150,7,24,78.2,0,0.138,0.0,5.9,145.70000000000002,98.32000000000001,25,980.0
1999,4,8,17,30,25,142,36,24,245,43,7,24,85.64,4,0.138,0.0,5.8740000000000006,145.70000000000002,100.0,24,980.0
1999,4,8,18,0,0,0,0,0,0,0,8,24,93.08,0,0.138,0.1,5.849,151.6,100.0,24,980.0
1999,4,8,18,30,0,0,0,0,0,0,6,23,100.51,0,0.138,0.1,5.814,151.6,100.0,24,980.0
1999,4,8,19,0,0,0,0,0,0,0,6,23,107.94,1,0.138,0.1,5.78,136.8,100.0,24,980.0
1999,4,8,19,30,0,0,0,0,0,0,6,23,115.36,1,0.138,0.1,5.738,136.8,100.0,23,980.0
1999,4,8,20,0,0,0,0,0,0,0,6,23,122.77,1,0.138,0.1,5.697,129.3,100.0,23,980.0
1999,4,8,20,30,0,0,0,0,0,0,7,23,130.16,1,0.138,0.1,5.651,129.3,100.0,23,980.0
1999,4,8,21,0,0,0,0,0,0,0,7,23,137.51,1,0.138,0.2,5.606,127.5,100.0,23,980.0
1999,4,8,21,30,0,0,0,0,0,0,7,23,144.81,0,0.138,0.2,5.559,127.5,100.0,23,980.0
1999,4,8,22,0,0,0,0,0,0,0,7,23,152.02,1,0.138,0.30000000000000004,5.513,129.6,100.0,23,980.0
1999,4,8,22,30,0,0,0,0,0,0,7,23,159.04,0,0.138,0.30000000000000004,5.474,129.6,100.0,23,980.0
1999,4,8,23,0,0,0,0,0,0,0,7,23,165.57,1,0.138,0.4,5.436,134.5,100.0,23,980.0
1999,4,8,23,30,0,0,0,0,0,0,7,22,170.58,1,0.138,0.4,5.407,134.5,100.0,23,980.0
1999,4,9,0,0,0,0,0,0,0,0,7,22,170.97,1,0.138,0.5,5.38,138.4,100.0,23,980.0
1999,4,9,0,30,0,0,0,0,0,0,7,22,166.35,1,0.138,0.5,5.362,138.4,100.0,22,980.0
1999,4,9,1,0,0,0,0,0,0,0,7,22,159.93,1,0.138,0.5,5.344,139.6,100.0,22,980.0
1999,4,9,1,30,0,0,0,0,0,0,7,22,152.95000000000002,0,0.138,0.5,5.336,139.6,100.0,22,980.0
1999,4,9,2,0,0,0,0,0,0,0,7,22,145.76,0,0.138,0.5,5.328,139.70000000000002,100.0,22,980.0
1999,4,9,2,30,0,0,0,0,0,0,7,22,138.47,0,0.138,0.5,5.33,139.70000000000002,100.0,22,980.0
1999,4,9,3,0,0,0,0,0,0,0,8,22,131.12,0,0.138,0.5,5.333,138.5,100.0,22,980.0
1999,4,9,3,30,0,0,0,0,0,0,8,22,123.74000000000001,0,0.138,0.5,5.341,138.5,100.0,22,980.0
1999,4,9,4,0,0,0,0,0,0,0,4,22,116.33,0,0.138,0.5,5.349,146.5,100.0,22,980.0
1999,4,9,4,30,0,0,0,0,0,0,4,21,108.92,0,0.138,0.5,5.365,146.5,100.0,22,980.0
1999,4,9,5,0,0,0,0,0,0,0,4,21,101.49000000000001,0,0.138,0.5,5.382,165.3,100.0,22,980.0
1999,4,9,5,30,0,0,0,0,0,0,3,21,94.06,0,0.138,0.30000000000000004,5.404,165.3,100.0,22,980.0
1999,4,9,6,0,18,253,33,18,253,33,3,22,86.62,4,0.138,0.2,5.428,177.0,100.0,22,980.0
1999,4,9,6,30,40,524,138,40,524,138,1,22,79.18,0,0.138,0.1,5.454,177.0,100.0,22,980.0
1999,4,9,7,0,118,38,130,52,672,263,3,23,71.75,0,0.138,0.0,5.48,164.20000000000002,100.0,23,980.0
1999,4,9,7,30,121,0,121,61,759,390,3,23,64.31,0,0.138,0.0,5.513,164.20000000000002,100.0,23,980.0
1999,4,9,8,0,162,1,163,66,821,515,3,23,56.89,0,0.138,0.0,5.547,166.0,98.64,24,980.0
1999,4,9,8,30,287,67,331,71,861,631,3,23,49.480000000000004,0,0.138,0.0,5.594,166.0,98.65,24,980.0
1999,4,9,9,0,357,118,445,75,890,736,3,23,42.08,0,0.138,0.0,5.642,165.60000000000002,97.03,25,980.0
1999,4,9,9,30,360,46,398,78,911,828,3,23,34.72,0,0.138,0.0,5.687,165.60000000000002,97.01,25,980.0
1999,4,9,10,0,443,104,536,81,926,904,3,23,27.42,0,0.138,0.0,5.732,158.20000000000002,89.06,25,980.0
1999,4,9,10,30,462,313,756,83,937,963,3,23,20.240000000000002,0,0.138,0.0,5.764,158.20000000000002,89.02,25,980.0
1999,4,9,11,0,495,277,765,84,944,1003,8,22,13.39,0,0.138,0.0,5.797,151.4,88.25,25,980.0
1999,4,9,11,30,520,142,661,85,947,1024,8,22,7.8,0,0.138,0.0,5.8180000000000005,151.4,88.21000000000001,25,980.0
1999,4,9,12,0,520,136,655,85,948,1025,8,23,7.3500000000000005,0,0.138,0.0,5.84,149.6,88.84,25,980.0
1999,4,9,12,30,438,415,844,84,944,1006,7,23,12.61,0,0.138,0.0,5.851,149.6,88.8,25,980.0
1999,4,9,13,0,487,129,609,82,939,968,7,23,19.38,0,0.138,0.0,5.863,150.0,90.01,25,980.0
1999,4,9,13,30,375,34,406,81,928,911,8,23,26.53,0,0.138,0.0,5.857,150.0,95.51,24,980.0
1999,4,9,14,0,415,202,584,78,914,837,7,23,33.83,0,0.138,0.0,5.851,159.4,96.77,24,980.0
1999,4,9,14,30,62,0,62,74,894,747,6,23,41.18,0,0.138,0.0,5.831,159.4,96.75,24,980.0
1999,4,9,15,0,205,8,211,70,868,644,6,23,48.57,0,0.138,0.0,5.812,181.8,98.16,24,980.0
1999,4,9,15,30,250,106,309,65,830,529,6,23,55.980000000000004,0,0.138,0.0,5.776,181.8,98.16,24,980.0
1999,4,9,16,0,81,0,81,58,778,406,6,23,63.4,0,0.138,0.0,5.74,213.10000000000002,99.62,24,980.0
1999,4,9,16,30,97,0,97,50,698,279,6,23,70.83,0,0.138,0.0,5.698,213.10000000000002,100.0,23,980.0
1999,4,9,17,0,75,86,93,39,569,154,6,23,78.27,0,0.138,0.0,5.657,212.9,100.0,23,980.0
1999,4,9,17,30,25,27,27,20,324,45,6,23,85.7,4,0.138,0.0,5.62,212.9,100.0,23,980.0
1999,4,9,18,0,0,0,0,0,0,0,6,23,93.13,0,0.138,0.1,5.583,199.9,100.0,23,980.0
1999,4,9,18,30,0,0,0,0,0,0,7,22,100.56,0,0.138,0.1,5.557,199.9,100.0,23,980.0
1999,4,9,19,0,0,0,0,0,0,0,7,22,107.99000000000001,1,0.138,0.2,5.531,192.0,100.0,23,980.0
1999,4,9,19,30,0,0,0,0,0,0,7,22,115.4,0,0.138,0.2,5.5120000000000005,192.0,100.0,22,980.0
1999,4,9,20,0,0,0,0,0,0,0,7,22,122.8,0,0.138,0.30000000000000004,5.493,180.5,100.0,22,980.0
1999,4,9,20,30,0,0,0,0,0,0,8,22,130.17000000000002,0,0.138,0.30000000000000004,5.482,180.5,100.0,22,980.0
1999,4,9,21,0,0,0,0,0,0,0,7,22,137.52,0,0.138,0.30000000000000004,5.472,168.5,100.0,22,980.0
1999,4,9,21,30,0,0,0,0,0,0,8,22,144.8,0,0.138,0.30000000000000004,5.466,168.5,100.0,22,980.0
1999,4,9,22,0,0,0,0,0,0,0,7,22,151.98,0,0.138,0.4,5.461,160.8,100.0,22,980.0
1999,4,9,22,30,0,0,0,0,0,0,8,22,158.95000000000002,0,0.138,0.4,5.455,160.8,100.0,22,980.0
1999,4,9,23,0,0,0,0,0,0,0,8,22,165.41,1,0.138,0.4,5.45,160.60000000000002,100.0,22,980.0
1999,4,9,23,30,0,0,0,0,0,0,8,22,170.27,1,0.138,0.4,5.442,160.60000000000002,100.0,22,980.0
1999,4,10,0,0,0,0,0,0,0,0,8,22,170.6,1,0.138,0.5,5.4350000000000005,167.5,100.0,22,980.0
1999,4,10,0,30,0,0,0,0,0,0,7,22,166.07,1,0.138,0.5,5.423,167.5,100.0,22,980.0
1999,4,10,1,0,0,0,0,0,0,0,7,22,159.71,1,0.138,0.5,5.412,181.3,100.0,22,980.0
1999,4,10,1,30,0,0,0,0,0,0,7,22,152.77,0,0.138,0.5,5.398,181.3,100.0,22,980.0
1999,4,10,2,0,0,0,0,0,0,0,7,22,145.61,0,0.138,0.5,5.384,198.4,100.0,22,980.0
1999,4,10,2,30,0,0,0,0,0,0,7,21,138.34,0,0.138,0.5,5.371,198.4,100.0,22,980.0
1999,4,10,3,0,0,0,0,0,0,0,7,21,131.0,0,0.138,0.5,5.359,218.9,100.0,22,980.0
1999,4,10,3,30,0,0,0,0,0,0,7,21,123.63000000000001,0,0.138,0.5,5.352,218.9,100.0,21,980.0
1999,4,10,4,0,0,0,0,0,0,0,7,21,116.23,0,0.138,0.5,5.346,232.5,100.0,21,980.0
1999,4,10,4,30,0,0,0,0,0,0,8,21,108.82000000000001,0,0.138,0.5,5.346,232.5,100.0,21,980.0
1999,4,10,5,0,0,0,0,0,0,0,6,21,101.41,0,0.138,0.5,5.348,238.10000000000002,100.0,21,980.0
1999,4,10,5,30,0,0,0,0,0,0,6,21,93.98,0,0.138,0.4,5.354,238.10000000000002,100.0,21,980.0
1999,4,10,6,0,7,0,7,16,315,35,6,21,86.55,4,0.138,0.30000000000000004,5.36,238.4,100.0,21,980.0
1999,4,10,6,30,31,0,31,32,574,141,8,21,79.12,0,0.138,0.1,5.373,238.4,100.0,21,980.0
1999,4,10,7,0,69,0,69,40,710,264,6,22,71.69,0,0.138,0.0,5.386,252.10000000000002,100.0,22,980.0
1999,4,10,7,30,107,0,107,47,791,390,7,22,64.26,0,0.138,0.0,5.4030000000000005,252.10000000000002,100.0,22,990.0
1999,4,10,8,0,170,4,172,49,846,512,7,23,56.85,0,0.138,0.0,5.42,233.8,100.0,23,990.0
1999,4,10,8,30,208,9,214,52,884,627,8,23,49.44,0,0.138,0.0,5.444,233.8,100.0,23,990.0
1999,4,10,9,0,301,33,326,53,911,730,8,23,42.06,0,0.138,0.0,5.469,223.3,100.0,23,990.0
1999,4,10,9,30,328,29,353,56,931,821,8,23,34.71,0,0.138,0.0,5.503,223.3,100.0,23,990.0
1999,4,10,10,0,348,27,372,57,946,897,8,23,27.43,0,0.138,0.0,5.537,203.0,100.0,24,990.0
1999,4,10,10,30,484,138,614,58,956,955,8,23,20.29,0,0.138,0.0,5.569,203.0,100.0,24,990.0
1999,4,10,11,0,497,105,600,60,962,995,8,23,13.52,0,0.138,0.0,5.601,122.4,99.96000000000001,24,990.0
1999,4,10,11,30,508,102,609,60,965,1016,8,23,8.08,0,0.138,0.0,5.607,122.4,99.9,24,980.0
1999,4,10,12,0,521,149,670,60,965,1017,8,23,7.71,0,0.138,0.0,5.614,100.2,95.93,24,980.0
1999,4,10,12,30,463,360,814,60,962,998,8,23,12.86,0,0.138,0.0,5.613,100.2,95.87,24,980.0
1999,4,10,13,0,481,250,717,59,956,960,3,23,19.57,0,0.138,0.0,5.612,84.2,95.32000000000001,25,980.0
1999,4,10,13,30,383,326,675,58,946,903,3,23,26.69,1,0.138,0.0,5.612,84.2,95.28,24,980.0
1999,4,10,14,0,353,321,620,56,932,830,3,23,33.96,1,0.138,0.0,5.612,74.3,94.66,24,980.0
1999,4,10,14,30,54,913,740,54,913,740,0,23,41.300000000000004,1,0.138,0.0,5.607,74.3,94.64,24,980.0
1999,4,10,15,0,52,887,638,52,887,638,0,23,48.67,1,0.138,0.0,5.602,47.400000000000006,97.89,24,980.0
1999,4,10,15,30,48,851,523,48,851,523,0,23,56.08,0,0.138,0.0,5.595,47.400000000000006,100.0,24,980.0
1999,4,10,16,0,45,799,402,45,799,402,0,23,63.49,1,0.138,0.0,5.588,20.900000000000002,100.0,24,980.0
1999,4,10,16,30,39,723,276,39,723,276,0,23,70.91,1,0.138,0.0,5.577,20.900000000000002,100.0,23,980.0
1999,4,10,17,0,31,598,152,31,598,152,0,23,78.34,1,0.138,0.1,5.5680000000000005,336.20000000000005,100.0,23,980.0
1999,4,10,17,30,17,360,44,17,360,44,0,23,85.76,1,0.138,0.2,5.5600000000000005,336.20000000000005,100.0,23,980.0
1999,4,10,18,0,0,0,0,0,0,0,0,23,93.19,1,0.138,0.30000000000000004,5.5520000000000005,347.20000000000005,100.0,23,980.0
1999,4,10,18,30,0,0,0,0,0,0,0,22,100.61,0,0.138,0.30000000000000004,5.547,347.20000000000005,100.0,23,980.0
1999,4,10,19,0,0,0,0,0,0,0,0,22,108.03,1,0.138,0.30000000000000004,5.543,349.6,100.0,23,980.0
1999,4,10,19,30,0,0,0,0,0,0,0,22,115.43,1,0.138,0.30000000000000004,5.537,349.6,100.0,22,980.0
1999,4,10,20,0,0,0,0,0,0,0,0,22,122.82000000000001,1,0.138,0.4,5.531,348.3,100.0,22,980.0
1999,4,10,20,30,0,0,0,0,0,0,7,22,130.19,1,0.138,0.4,5.5200000000000005,348.3,100.0,22,990.0
1999,4,10,21,0,0,0,0,0,0,0,7,22,137.51,1,0.138,0.4,5.51,345.1,100.0,22,990.0
1999,4,10,21,30,0,0,0,0,0,0,7,21,144.78,0,0.138,0.30000000000000004,5.497,345.1,100.0,22,990.0
1999,4,10,22,0,0,0,0,0,0,0,7,21,151.93,0,0.138,0.30000000000000004,5.484,340.0,100.0,22,990.0
1999,4,10,22,30,0,0,0,0,0,0,8,21,158.86,0,0.138,0.2,5.47,340.0,100.0,21,990.0
1999,4,10,23,0,0,0,0,0,0,0,8,21,165.24,1,0.138,0.2,5.456,333.90000000000003,100.0,21,990.0
1999,4,10,23,30,0,0,0,0,0,0,8,21,169.97,1,0.138,0.1,5.44,333.90000000000003,100.0,21,980.0
1999,4,11,0,0,0,0,0,0,0,0,8,21,170.23,1,0.138,0.1,5.424,326.1,100.0,21,980.0
1999,4,11,0,30,0,0,0,0,0,0,4,21,165.78,1,0.138,0.1,5.4110000000000005,326.1,100.0,21,980.0
1999,4,11,1,0,0,0,0,0,0,0,4,21,159.49,1,0.138,0.1,5.399,315.6,100.0,21,980.0
1999,4,11,1,30,0,0,0,0,0,0,4,21,152.6,0,0.138,0.0,5.391,315.6,100.0,21,980.0
1999,4,11,2,0,0,0,0,0,0,0,4,21,145.46,0,0.138,0.0,5.383,310.3,100.0,21,980.0
1999,4,11,2,30,0,0,0,0,0,0,7,20,138.20000000000002,0,0.138,0.0,5.377,310.3,100.0,21,980.0
1999,4,11,3,0,0,0,0,0,0,0,7,20,130.88,0,0.138,0.0,5.371,306.3,100.0,21,980.0
1999,4,11,3,30,0,0,0,0,0,0,7,20,123.52,0,0.138,0.0,5.365,306.3,100.0,21,980.0
1999,4,11,4,0,0,0,0,0,0,0,3,20,116.14,0,0.138,0.0,5.36,306.6,100.0,21,980.0
1999,4,11,4,30,0,0,0,0,0,0,3,20,108.73,0,0.138,0.0,5.353,306.6,100.0,20,980.0
1999,4,11,5,0,0,0,0,0,0,0,7,20,101.32000000000001,0,0.138,0.0,5.347,305.3,100.0,20,980.0
1999,4,11,5,30,0,0,0,0,0,0,0,20,93.9,0,0.138,0.0,5.341,305.3,100.0,20,980.0
1999,4,11,6,0,4,0,4,17,306,36,3,21,86.48,4,0.138,0.0,5.335,301.2,100.0,21,990.0
1999,4,11,6,30,19,0,19,34,566,142,4,21,79.06,0,0.138,0.0,5.336,301.2,100.0,21,990.0
1999,4,11,7,0,46,0,46,44,702,266,4,22,71.63,0,0.138,0.0,5.338,278.40000000000003,100.0,22,990.0
1999,4,11,7,30,112,0,112,51,784,392,4,22,64.22,0,0.138,0.0,5.354,278.40000000000003,100.0,22,990.0
1999,4,11,8,0,195,15,203,56,838,515,4,23,56.81,0,0.138,0.0,5.37,269.7,100.0,23,990.0
1999,4,11,8,30,286,65,329,60,876,631,3,23,49.410000000000004,0,0.138,0.0,5.396,269.7,100.0,23,990.0
1999,4,11,9,0,249,14,260,64,903,735,4,23,42.04,0,0.138,0.0,5.422,276.6,94.19,24,990.0
1999,4,11,9,30,405,119,504,67,923,826,3,23,34.71,0,0.138,0.0,5.4590000000000005,276.6,94.17,24,990.0
1999,4,11,10,0,432,84,508,70,937,902,3,22,27.46,0,0.138,0.0,5.496,283.1,86.75,25,990.0
1999,4,11,10,30,454,72,522,71,948,960,3,22,20.35,0,0.138,0.0,5.537,283.1,86.72,25,990.0
1999,4,11,11,0,509,174,678,72,954,1000,3,22,13.65,0,0.138,0.0,5.579,286.7,82.60000000000001,26,990.0
1999,4,11,11,30,513,118,631,73,957,1020,2,22,8.36,0,0.138,0.0,5.613,286.7,82.56,26,990.0
1999,4,11,12,0,515,123,637,72,958,1021,2,22,8.07,0,0.138,0.0,5.648,295.0,83.38,26,990.0
1999,4,11,12,30,474,70,542,72,955,1002,2,22,13.11,0,0.138,0.0,5.667,295.0,83.34,26,980.0
1999,4,11,13,0,471,286,741,69,949,963,8,23,19.76,0,0.138,0.0,5.686,298.8,84.02,26,980.0
1999,4,11,13,30,383,422,760,68,939,906,8,23,26.84,0,0.138,0.0,5.69,298.8,83.99,26,980.0
1999,4,11,14,0,340,439,704,64,926,831,8,23,34.09,0,0.138,0.0,5.695,292.8,85.58,26,980.0
1999,4,11,14,30,335,345,594,62,906,742,8,23,41.410000000000004,0,0.138,0.0,5.686,292.8,90.78,26,980.0
1999,4,11,15,0,286,328,502,58,880,638,8,23,48.78,0,0.138,0.0,5.678,284.3,93.16,26,980.0
1999,4,11,15,30,55,843,524,55,843,524,0,23,56.17,0,0.138,0.0,5.659,284.3,93.15,25,980.0
1999,4,11,16,0,188,176,267,50,791,402,3,24,63.57,0,0.138,0.0,5.64,215.0,97.41,25,980.0
1999,4,11,16,30,43,713,276,43,713,276,0,24,70.99,0,0.138,0.0,5.622,215.0,100.0,24,980.0
1999,4,11,17,0,34,584,152,34,584,152,8,24,78.41,4,0.138,0.1,5.606,244.60000000000002,100.0,24,980.0
1999,4,11,17,30,19,341,43,19,341,43,3,24,85.83,4,0.138,0.1,5.58,244.60000000000002,100.0,24,980.0
1999,4,11,18,0,0,0,0,0,0,0,1,22,93.25,0,0.138,0.1,5.554,254.4,93.60000000000001,24,980.0
1999,4,11,18,30,0,0,0,0,0,0,3,22,100.66,0,0.138,0.1,5.534,254.4,93.62,24,980.0
1999,4,11,19,0,0,0,0,0,0,0,3,22,108.07000000000001,1,0.138,0.2,5.515,257.3,92.82000000000001,24,980.0
1999,4,11,19,30,0,0,0,0,0,0,7,22,115.47,0,0.138,0.2,5.5,257.3,98.59,24,980.0
1999,4,11,20,0,0,0,0,0,0,0,4,22,122.85000000000001,0,0.138,0.30000000000000004,5.487,259.3,97.93,24,990.0
1999,4,11,20,30,0,0,0,0,0,0,4,22,130.2,0,0.138,0.30000000000000004,5.481,259.3,97.94,23,990.0
1999,4,11,21,0,0,0,0,0,0,0,7,22,137.51,0,0.138,0.4,5.4750000000000005,260.3,97.53,23,990.0
1999,4,11,21,30,0,0,0,0,0,0,7,22,144.76,0,0.138,0.4,5.478,260.3,100.0,23,990.0
1999,4,11,22,0,0,0,0,0,0,0,6,22,151.88,0,0.138,0.4,5.481,254.4,100.0,23,990.0
1999,4,11,22,30,0,0,0,0,0,0,6,22,158.76,0,0.138,0.4,5.487,254.4,100.0,22,990.0
1999,4,11,23,0,0,0,0,0,0,0,6,22,165.06,1,0.138,0.4,5.494,244.9,100.0,22,990.0
1999,4,11,23,30,0,0,0,0,0,0,6,21,169.66,1,0.138,0.30000000000000004,5.503,244.9,100.0,22,980.0
1999,4,12,0,0,0,0,0,0,0,0,6,21,169.86,1,0.138,0.30000000000000004,5.5120000000000005,233.8,100.0,22,980.0
1999,4,12,0,30,0,0,0,0,0,0,7,21,165.5,1,0.138,0.30000000000000004,5.522,233.8,100.0,21,980.0
1999,4,12,1,0,0,0,0,0,0,0,7,21,159.27,1,0.138,0.30000000000000004,5.533,224.60000000000002,100.0,21,980.0
1999,4,12,1,30,0,0,0,0,0,0,7,21,152.42000000000002,0,0.138,0.2,5.548,224.60000000000002,100.0,21,980.0
1999,4,12,2,0,0,0,0,0,0,0,8,21,145.31,0,0.138,0.2,5.563,216.3,100.0,21,980.0
1999,4,12,2,30,0,0,0,0,0,0,8,21,138.07,0,0.138,0.2,5.581,216.3,100.0,21,980.0
1999,4,12,3,0,0,0,0,0,0,0,6,21,130.76,0,0.138,0.2,5.6000000000000005,206.9,100.0,21,980.0
1999,4,12,3,30,0,0,0,0,0,0,6,21,123.41,0,0.138,0.2,5.621,206.9,100.0,21,980.0
1999,4,12,4,0,0,0,0,0,0,0,8,21,116.04,0,0.138,0.2,5.642,200.4,100.0,21,980.0
1999,4,12,4,30,0,0,0,0,0,0,8,21,108.64,0,0.138,0.1,5.663,200.4,100.0,21,980.0
1999,4,12,5,0,0,0,0,0,0,0,8,21,101.24000000000001,0,0.138,0.1,5.6850000000000005,200.0,100.0,21,990.0
1999,4,12,5,30,0,0,0,0,0,0,7,21,93.83,0,0.138,0.1,5.711,200.0,100.0,21,990.0
1999,4,12,6,0,18,297,36,18,297,36,1,21,86.41,0,0.138,0.1,5.738,196.0,100.0,22,990.0
1999,4,12,6,30,36,557,142,36,557,142,0,21,78.99,0,0.138,0.0,5.764,196.0,100.0,22,990.0
1999,4,12,7,0,46,694,266,46,694,266,0,22,71.58,0,0.138,0.0,5.791,167.3,100.0,22,990.0
1999,4,12,7,30,178,240,282,54,776,392,8,22,64.17,0,0.138,0.0,5.807,167.3,100.0,22,990.0
1999,4,12,8,0,225,265,370,58,832,514,8,23,56.77,4,0.138,0.0,5.823,158.70000000000002,100.0,23,990.0
1999,4,12,8,30,290,195,417,63,871,629,7,23,49.39,4,0.138,0.0,5.822,158.70000000000002,100.0,23,990.0
1999,4,12,9,0,360,168,485,64,900,733,3,24,42.03,0,0.138,0.0,5.822,193.5,100.0,24,990.0
1999,4,12,9,30,382,198,545,67,921,824,7,24,34.72,4,0.138,0.0,5.814,193.5,100.0,24,990.0
1999,4,12,10,0,437,278,684,67,937,898,8,24,27.490000000000002,0,0.138,0.0,5.807,214.8,100.0,24,990.0
1999,4,12,10,30,397,353,728,68,947,956,7,24,20.42,4,0.138,0.0,5.8,214.8,100.0,24,990.0
1999,4,12,11,0,504,221,719,67,955,995,3,24,13.790000000000001,0,0.138,0.0,5.7940000000000005,222.60000000000002,100.0,24,990.0
1999,4,12,11,30,446,410,853,68,958,1016,8,24,8.65,0,0.138,0.0,5.792,222.60000000000002,100.0,24,990.0
1999,4,12,12,0,445,427,868,67,959,1016,8,23,8.43,0,0.138,0.0,5.792,220.5,93.49,25,990.0
1999,4,12,12,30,482,317,791,66,956,997,7,23,13.370000000000001,0,0.138,0.0,5.792,220.5,93.44,25,990.0
1999,4,12,13,0,483,228,698,65,950,958,8,23,19.95,0,0.138,0.0,5.793,216.5,92.41,25,980.0
1999,4,12,13,30,441,272,684,64,940,902,7,23,27.0,0,0.138,0.0,5.787,216.5,92.37,25,980.0
1999,4,12,14,0,403,259,618,63,925,828,7,23,34.22,0,0.138,0.0,5.782,214.70000000000002,92.07000000000001,25,980.0
1999,4,12,14,30,345,299,570,60,906,739,8,23,41.53,0,0.138,0.0,5.765,214.70000000000002,92.05,25,980.0
1999,4,12,15,0,57,879,636,57,879,636,0,23,48.88,0,0.138,0.0,5.748,215.0,93.11,25,980.0
1999,4,12,15,30,226,334,412,53,842,522,8,23,56.26,0,0.138,0.0,5.727,215.0,98.83,25,980.0
1999,4,12,16,0,179,260,295,49,790,400,7,24,63.660000000000004,0,0.138,0.0,5.707,222.10000000000002,100.0,25,980.0
1999,4,12,16,30,126,202,192,43,712,274,8,24,71.06,0,0.138,0.0,5.688,222.10000000000002,100.0,24,980.0
1999,4,12,17,0,68,185,105,34,582,150,6,24,78.48,4,0.138,0.1,5.6690000000000005,196.4,100.0,24,980.0
1999,4,12,17,30,23,92,30,18,338,43,6,23,85.89,4,0.138,0.2,5.658,196.4,100.0,24,980.0
1999,4,12,18,0,0,0,0,0,0,0,6,23,93.3,0,0.138,0.30000000000000004,5.648,188.3,100.0,24,980.0
1999,4,12,18,30,0,0,0,0,0,0,6,23,100.71000000000001,0,0.138,0.30000000000000004,5.638,188.3,100.0,23,980.0
1999,4,12,19,0,0,0,0,0,0,0,6,23,108.11,1,0.138,0.4,5.628,186.3,100.0,23,980.0
1999,4,12,19,30,0,0,0,0,0,0,6,23,115.5,0,0.138,0.4,5.621,186.3,100.0,23,990.0
1999,4,12,20,0,0,0,0,0,0,0,6,23,122.87,0,0.138,0.5,5.615,184.70000000000002,100.0,23,990.0
1999,4,12,20,30,0,0,0,0,0,0,6,22,130.21,0,0.138,0.4,5.612,184.70000000000002,100.0,22,990.0
1999,4,12,21,0,0,0,0,0,0,0,6,22,137.5,0,0.138,0.4,5.61,185.70000000000002,100.0,22,990.0
1999,4,12,21,30,0,0,0,0,0,0,8,22,144.73,0,0.138,0.30000000000000004,5.603,185.70000000000002,100.0,22,990.0
1999,4,12,22,0,0,0,0,0,0,0,6,22,151.82,0,0.138,0.30000000000000004,5.597,187.4,100.0,22,990.0
1999,4,12,22,30,0,0,0,0,0,0,6,22,158.66,0,0.138,0.2,5.583,187.4,100.0,22,990.0
1999,4,12,23,0,0,0,0,0,0,0,6,22,164.88,1,0.138,0.2,5.57,189.8,100.0,22,990.0
1999,4,12,23,30,0,0,0,0,0,0,6,22,169.34,1,0.138,0.2,5.5520000000000005,189.8,100.0,22,980.0
1999,4,13,0,0,0,0,0,0,0,0,6,22,169.5,1,0.138,0.2,5.534,192.60000000000002,100.0,22,980.0
1999,4,13,0,30,0,0,0,0,0,0,6,21,165.21,1,0.138,0.2,5.518,192.60000000000002,100.0,22,980.0
1999,4,13,1,0,0,0,0,0,0,0,6,21,159.05,1,0.138,0.2,5.502,194.0,100.0,22,980.0
1999,4,13,1,30,0,0,0,0,0,0,6,21,152.24,0,0.138,0.2,5.489,194.0,100.0,21,980.0
1999,4,13,2,0,0,0,0,0,0,0,8,21,145.15,0,0.138,0.2,5.477,193.9,100.0,21,980.0
1999,4,13,2,30,0,0,0,0,0,0,8,21,137.93,0,0.138,0.2,5.466,193.9,100.0,21,980.0
1999,4,13,3,0,0,0,0,0,0,0,8,21,130.64000000000001,0,0.138,0.30000000000000004,5.456,192.60000000000002,100.0,21,980.0
1999,4,13,3,30,0,0,0,0,0,0,8,21,123.31,0,0.138,0.4,5.444,192.60000000000002,100.0,21,980.0
1999,4,13,4,0,0,0,0,0,0,0,8,21,115.94,0,0.138,0.5,5.433,190.3,100.0,21,980.0
1999,4,13,4,30,0,0,0,0,0,0,8,21,108.55,0,0.138,0.5,5.421,190.3,100.0,21,980.0
1999,4,13,5,0,0,0,0,0,0,0,7,21,101.16,0,0.138,0.5,5.41,184.4,100.0,21,980.0
1999,4,13,5,30,0,0,0,0,0,0,4,21,93.75,0,0.138,0.30000000000000004,5.405,184.4,100.0,21,980.0
1999,4,13,6,0,17,316,37,17,316,37,7,22,86.34,4,0.138,0.2,5.401,177.70000000000002,100.0,22,990.0
1999,4,13,6,30,34,571,143,34,571,143,0,22,78.94,0,0.138,0.1,5.41,177.70000000000002,100.0,22,990.0
1999,4,13,7,0,43,705,267,43,705,267,0,23,71.53,0,0.138,0.0,5.42,189.8,100.0,23,990.0
1999,4,13,7,30,50,785,393,50,785,393,0,23,64.13,0,0.138,0.0,5.444,189.8,100.0,23,990.0
1999,4,13,8,0,54,840,515,54,840,515,0,24,56.74,0,0.138,0.0,5.468,197.60000000000002,100.0,24,990.0
1999,4,13,8,30,57,877,629,57,877,629,0,24,49.36,0,0.138,0.0,5.5040000000000004,197.60000000000002,100.0,24,990.0
1999,4,13,9,0,61,904,733,61,904,733,1,23,42.02,0,0.138,0.0,5.541,191.20000000000002,92.47,25,990.0
1999,4,13,9,30,404,235,598,63,924,823,3,23,34.730000000000004,0,0.138,0.0,5.583,191.20000000000002,92.46000000000001,25,990.0
1999,4,13,10,0,448,127,561,66,938,898,3,23,27.52,0,0.138,0.0,5.626,187.8,83.73,26,990.0
1999,4,13,10,30,468,281,732,68,948,956,3,23,20.5,0,0.138,0.0,5.66,187.8,83.68,26,990.0
1999,4,13,11,0,69,954,996,69,954,996,1,22,13.94,0,0.138,0.0,5.694,183.70000000000002,78.55,27,990.0
1999,4,13,11,30,70,957,1016,70,957,1016,0,22,8.950000000000001,0,0.138,0.0,5.72,183.70000000000002,78.5,27,980.0
1999,4,13,12,0,70,957,1016,70,957,1016,0,23,8.790000000000001,0,0.138,0.0,5.747,182.0,79.31,27,980.0
1999,4,13,12,30,70,954,997,70,954,997,1,23,13.63,0,0.138,0.0,5.765,182.0,79.27,27,980.0
1999,4,13,13,0,69,947,959,69,947,959,1,23,20.150000000000002,1,0.138,0.0,5.783,183.10000000000002,80.63,27,980.0
1999,4,13,13,30,68,937,902,68,937,902,1,23,27.150000000000002,1,0.138,0.0,5.784,183.10000000000002,80.60000000000001,27,980.0
1999,4,13,14,0,66,922,828,66,922,828,1,23,34.35,1,0.138,0.0,5.785,184.9,81.67,27,980.0
1999,4,13,14,30,343,127,438,64,902,738,3,23,41.64,1,0.138,0.0,5.766,184.9,86.58,26,980.0
1999,4,13,15,0,294,126,377,61,875,635,3,23,48.99,1,0.138,0.0,5.748,190.8,87.86,26,980.0
1999,4,13,15,30,247,112,309,57,838,521,3,23,56.35,0,0.138,0.0,5.714,190.8,87.85000000000001,26,980.0
1999,4,13,16,0,183,120,237,52,786,399,3,24,63.74,1,0.138,0.0,5.68,198.60000000000002,89.93,26,980.0
1999,4,13,16,30,126,112,162,45,707,273,3,24,71.14,1,0.138,0.0,5.6370000000000005,198.60000000000002,95.42,25,980.0
1999,4,13,17,0,71,87,89,35,578,150,3,24,78.54,1,0.138,0.0,5.594,197.60000000000002,98.10000000000001,25,980.0
1999,4,13,17,30,23,19,25,19,333,42,6,24,85.95,1,0.138,0.0,5.554,197.60000000000002,100.0,24,980.0
1999,4,13,18,0,0,0,0,0,0,0,6,24,93.36,1,0.138,0.1,5.514,185.4,100.0,24,980.0
1999,4,13,18,30,0,0,0,0,0,0,6,24,100.76,0,0.138,0.1,5.485,185.4,100.0,24,980.0
1999,4,13,19,0,0,0,0,0,0,0,6,24,108.15,1,0.138,0.2,5.457,180.5,100.0,24,980.0
1999,4,13,19,30,0,0,0,0,0,0,6,23,115.52,1,0.138,0.2,5.437,180.5,100.0,23,980.0
1999,4,13,20,0,0,0,0,0,0,0,6,23,122.88,1,0.138,0.30000000000000004,5.418,173.8,100.0,23,980.0
1999,4,13,20,30,0,0,0,0,0,0,6,23,130.21,1,0.138,0.30000000000000004,5.4110000000000005,173.8,100.0,23,980.0
1999,4,13,21,0,0,0,0,0,0,0,6,23,137.49,1,0.138,0.4,5.405,163.70000000000002,100.0,23,980.0
1999,4,13,21,30,0,0,0,0,0,0,6,23,144.70000000000002,0,0.138,0.4,5.408,163.70000000000002,100.0,23,980.0
1999,4,13,22,0,0,0,0,0,0,0,6,23,151.76,1,0.138,0.4,5.412,155.4,100.0,23,980.0
1999,4,13,22,30,0,0,0,0,0,0,6,22,158.55,1,0.138,0.4,5.418,155.4,100.0,22,980.0
1999,4,13,23,0,0,0,0,0,0,0,6,22,164.69,1,0.138,0.4,5.424,153.0,100.0,22,980.0
1999,4,13,23,30,0,0,0,0,0,0,6,22,169.03,1,0.138,0.30000000000000004,5.425,153.0,100.0,22,980.0
1999,4,14,0,0,0,0,0,0,0,0,6,22,169.14000000000001,1,0.138,0.30000000000000004,5.4270000000000005,157.10000000000002,100.0,22,980.0
1999,4,14,0,30,0,0,0,0,0,0,6,21,164.92000000000002,1,0.138,0.2,5.42,157.10000000000002,100.0,22,980.0
1999,4,14,1,0,0,0,0,0,0,0,6,21,158.83,0,0.138,0.2,5.415,161.4,100.0,22,980.0
1999,4,14,1,30,0,0,0,0,0,0,6,21,152.05,0,0.138,0.1,5.4030000000000005,161.4,100.0,21,980.0
1999,4,14,2,0,0,0,0,0,0,0,8,21,145.0,0,0.138,0.1,5.391,161.4,100.0,21,980.0
1999,4,14,2,30,0,0,0,0,0,0,7,21,137.8,0,0.138,0.0,5.378,161.4,100.0,21,980.0
1999,4,14,3,0,0,0,0,0,0,0,7,21,130.52,0,0.138,0.0,5.3660000000000005,160.0,100.0,21,980.0
1999,4,14,3,30,0,0,0,0,0,0,7,21,123.2,0,0.138,0.0,5.3580000000000005,160.0,100.0,21,980.0
1999,4,14,4,0,0,0,0,0,0,0,7,21,115.84,0,0.138,0.0,5.351,157.0,100.0,21,980.0
1999,4,14,4,30,0,0,0,0,0,0,7,21,108.47,0,0.138,0.0,5.347,157.0,100.0,21,980.0
1999,4,14,5,0,0,0,0,0,0,0,7,21,101.08,0,0.138,0.0,5.344,157.4,100.0,21,980.0
1999,4,14,5,30,0,0,0,0,0,0,7,21,93.68,0,0.138,0.0,5.351,157.4,100.0,21,980.0
1999,4,14,6,0,14,0,14,18,315,38,7,21,86.28,4,0.138,0.0,5.3580000000000005,159.20000000000002,100.0,22,980.0
1999,4,14,6,30,54,0,54,35,569,145,4,22,78.88,0,0.138,0.0,5.38,159.20000000000002,100.0,22,980.0
1999,4,14,7,0,125,82,151,45,702,268,8,22,71.48,0,0.138,0.0,5.402,161.3,99.37,23,980.0
1999,4,14,7,30,167,31,180,52,783,394,8,22,64.09,0,0.138,0.0,5.434,161.3,99.41,23,980.0
1999,4,14,8,0,239,236,369,56,837,516,8,23,56.71,0,0.138,0.0,5.4670000000000005,166.8,97.13,24,990.0
1999,4,14,8,30,61,874,630,61,874,630,0,23,49.35,0,0.138,0.0,5.5040000000000004,166.8,97.15,24,990.0
1999,4,14,9,0,337,316,572,63,902,734,3,23,42.01,0,0.138,0.0,5.542,164.5,92.49,25,990.0
1999,4,14,9,30,409,148,531,66,922,824,4,23,34.74,0,0.138,0.0,5.59,164.5,92.49,25,990.0
1999,4,14,10,0,448,131,565,67,937,898,3,23,27.560000000000002,0,0.138,0.0,5.638,149.6,91.95,26,990.0
1999,4,14,10,30,484,170,644,69,947,955,3,23,20.580000000000002,0,0.138,0.0,5.68,149.6,91.92,26,990.0
1999,4,14,11,0,507,166,668,68,954,994,3,23,14.1,0,0.138,0.0,5.722,135.3,86.09,26,990.0
1999,4,14,11,30,465,56,521,69,957,1014,3,23,9.25,0,0.138,0.0,5.747,135.3,86.05,26,980.0
1999,4,14,12,0,502,280,779,68,957,1013,3,23,9.15,0,0.138,0.0,5.773,130.1,86.05,26,980.0
1999,4,14,12,30,507,191,693,67,954,994,3,23,13.9,0,0.138,0.0,5.783,130.1,86.0,26,980.0
1999,4,14,13,0,193,8,202,65,949,955,6,23,20.34,0,0.138,0.0,5.7940000000000005,130.1,86.42,26,980.0
1999,4,14,13,30,235,11,245,63,939,898,6,23,27.310000000000002,0,0.138,0.0,5.792,130.1,86.38,26,980.0
1999,4,14,14,0,374,58,422,60,926,823,6,23,34.49,0,0.138,0.0,5.791,127.9,87.05,26,980.0
1999,4,14,14,30,349,87,415,58,906,734,6,23,41.76,0,0.138,0.0,5.788,127.9,87.02,26,980.0
1999,4,14,15,0,265,398,525,55,880,631,8,23,49.09,0,0.138,0.0,5.785,128.70000000000002,87.83,26,980.0
1999,4,14,15,30,248,139,325,51,843,517,6,23,56.45,0,0.138,0.0,5.776,128.70000000000002,93.17,26,980.0
1999,4,14,16,0,76,0,76,47,791,396,6,24,63.83,0,0.138,0.0,5.768,157.0,95.33,26,980.0
1999,4,14,16,30,62,0,62,41,713,271,6,24,71.22,0,0.138,0.0,5.764,157.0,95.35000000000001,25,980.0
1999,4,14,17,0,34,0,34,33,582,148,6,24,78.61,4,0.138,0.1,5.761,156.0,98.59,25,980.0
1999,4,14,17,30,9,0,9,18,337,41,6,24,86.01,4,0.138,0.1,5.7620000000000005,156.0,100.0,24,980.0
1999,4,14,18,0,0,0,0,0,0,0,6,24,93.41,0,0.138,0.2,5.764,163.9,100.0,24,980.0
1999,4,14,18,30,0,0,0,0,0,0,6,23,100.8,0,0.138,0.2,5.764,163.9,100.0,24,980.0
1999,4,14,19,0,0,0,0,0,0,0,6,23,108.18,1,0.138,0.2,5.765,162.0,100.0,24,980.0
1999,4,14,19,30,0,0,0,0,0,0,6,23,115.55,0,0.138,0.2,5.755,162.0,100.0,23,980.0
1999,4,14,20,0,0,0,0,0,0,0,6,23,122.9,0,0.138,0.2,5.745,160.3,100.0,23,980.0
1999,4,14,20,30,0,0,0,0,0,0,8,23,130.21,0,0.138,0.2,5.714,160.3,100.0,23,980.0
1999,4,14,21,0,0,0,0,0,0,0,8,23,137.48,0,0.138,0.2,5.683,152.0,100.0,23,980.0
1999,4,14,21,30,0,0,0,0,0,0,8,23,144.66,0,0.138,0.2,5.64,152.0,100.0,23,980.0
1999,4,14,22,0,0,0,0,0,0,0,8,23,151.69,0,0.138,0.30000000000000004,5.597,129.70000000000002,100.0,23,980.0
1999,4,14,22,30,0,0,0,0,0,0,8,23,158.44,0,0.138,0.2,5.55,129.70000000000002,100.0,23,980.0
1999,4,14,23,0,0,0,0,0,0,0,8,23,164.49,0,0.138,0.2,5.5040000000000004,70.4,100.0,23,980.0
1999,4,14,23,30,0,0,0,0,0,0,8,23,168.71,1,0.138,0.2,5.46,70.4,100.0,23,980.0
1999,4,15,0,0,0,0,0,0,0,0,8,22,168.78,1,0.138,0.30000000000000004,5.417,24.5,99.57000000000001,23,980.0
1999,4,15,0,30,0,0,0,0,0,0,8,22,164.63,1,0.138,0.2,5.373,24.5,99.54,23,980.0
1999,4,15,1,0,0,0,0,0,0,0,8,22,158.6,0,0.138,0.1,5.33,301.0,98.73,23,980.0
1999,4,15,1,30,0,0,0,0,0,0,7,22,151.87,0,0.138,0.2,5.2940000000000005,301.0,100.0,23,980.0
1999,4,15,2,0,0,0,0,0,0,0,7,22,144.84,0,0.138,0.30000000000000004,5.258,231.20000000000002,100.0,23,980.0
1999,4,15,2,30,0,0,0,0,0,0,3,22,137.66,0,0.138,0.30000000000000004,5.226,231.20000000000002,100.0,22,980.0
1999,4,15,3,0,0,0,0,0,0,0,7,22,130.4,0,0.138,0.4,5.195,207.20000000000002,100.0,22,980.0
1999,4,15,3,30,0,0,0,0,0,0,4,22,123.09,0,0.138,0.4,5.1770000000000005,207.20000000000002,100.0,22,980.0
1999,4,15,4,0,0,0,0,0,0,0,8,22,115.75,0,0.138,0.5,5.16,195.0,100.0,22,980.0
1999,4,15,4,30,0,0,0,0,0,0,8,21,108.38,0,0.138,0.5,5.166,195.0,100.0,21,980.0
1999,4,15,5,0,0,0,0,0,0,0,3,21,101.0,0,0.138,0.5,5.173,183.60000000000002,100.0,21,980.0
1999,4,15,5,30,0,0,0,0,0,0,7,21,93.61,0,0.138,0.4,5.2090000000000005,183.60000000000002,100.0,21,980.0
1999,4,15,6,0,17,324,39,17,324,39,0,22,86.22,0,0.138,0.4,5.245,168.5,100.0,22,980.0
1999,4,15,6,30,34,575,145,34,575,145,0,22,78.82000000000001,0,0.138,0.2,5.2940000000000005,168.5,100.0,22,980.0
1999,4,15,7,0,44,705,268,44,705,268,0,23,71.43,0,0.138,0.0,5.344,138.20000000000002,100.0,23,980.0
1999,4,15,7,30,50,785,394,50,785,394,0,23,64.05,0,0.138,0.0,5.391,138.20000000000002,100.0,23,990.0
1999,4,15,8,0,54,839,515,54,839,515,0,23,56.68,0,0.138,0.0,5.439,70.10000000000001,97.45,24,990.0
1999,4,15,8,30,58,876,629,58,876,629,0,23,49.33,1,0.138,0.0,5.473,70.10000000000001,97.48,24,990.0
1999,4,15,9,0,58,905,731,58,905,731,0,22,42.01,1,0.138,0.0,5.507,48.900000000000006,93.39,24,990.0
1999,4,15,9,30,61,925,821,61,925,821,0,22,34.75,0,0.138,0.0,5.515,48.900000000000006,93.38,24,990.0
1999,4,15,10,0,62,940,895,62,940,895,0,22,27.6,1,0.138,0.0,5.524,37.300000000000004,83.56,25,990.0
1999,4,15,10,30,63,950,953,63,950,953,0,22,20.66,1,0.138,0.0,5.484,37.300000000000004,83.52,25,990.0
1999,4,15,11,0,442,79,519,66,956,993,3,21,14.27,1,0.138,0.0,5.445,10.200000000000001,77.95,26,990.0
1999,4,15,11,30,470,60,530,67,960,1014,3,21,9.55,0,0.138,0.0,5.367,10.200000000000001,77.9,26,980.0
1999,4,15,12,0,329,18,347,71,958,1016,3,21,9.5,0,0.138,0.0,5.289,357.1,78.56,26,980.0
1999,4,15,12,30,71,955,997,71,955,997,0,21,14.16,0,0.138,0.0,5.232,357.1,78.5,26,980.0
1999,4,15,13,0,74,946,960,74,946,960,0,22,20.54,0,0.138,0.0,5.176,13.5,75.22,27,980.0
1999,4,15,13,30,72,936,903,72,936,903,0,22,27.47,0,0.138,0.0,5.168,13.5,75.18,27,980.0
1999,4,15,14,0,73,919,829,73,919,829,0,22,34.62,0,0.138,0.0,5.16,37.800000000000004,75.99,28,980.0
1999,4,15,14,30,70,898,739,70,898,739,0,22,41.88,0,0.138,0.0,5.171,37.800000000000004,75.97,27,980.0
1999,4,15,15,0,67,869,635,67,869,635,0,22,49.19,0,0.138,0.0,5.183,44.0,77.15,27,980.0
1999,4,15,15,30,62,830,520,62,830,520,0,22,56.54,0,0.138,0.0,5.178,44.0,77.14,27,980.0
1999,4,15,16,0,57,776,398,57,776,398,0,23,63.910000000000004,0,0.138,0.0,5.173,44.400000000000006,80.64,27,980.0
1999,4,15,16,30,49,694,272,49,694,272,0,23,71.29,0,0.138,0.0,5.149,44.400000000000006,85.53,26,980.0
1999,4,15,17,0,38,559,148,38,559,148,0,23,78.68,0,0.138,0.1,5.126,41.900000000000006,88.65,26,980.0
1999,4,15,17,30,19,304,40,19,304,40,3,23,86.07000000000001,4,0.138,0.2,5.102,41.900000000000006,94.09,25,980.0
1999,4,15,18,0,0,0,0,0,0,0,4,23,93.46000000000001,0,0.138,0.30000000000000004,5.078,29.200000000000003,92.07000000000001,25,980.0
1999,4,15,18,30,0,0,0,0,0,0,4,23,100.84,0,0.138,0.30000000000000004,5.064,29.200000000000003,92.11,25,980.0
1999,4,15,19,0,0,0,0,0,0,0,4,22,108.21000000000001,1,0.138,0.4,5.05,25.6,88.64,25,980.0
1999,4,15,19,30,0,0,0,0,0,0,7,22,115.57000000000001,0,0.138,0.4,5.048,25.6,94.12,24,980.0
1999,4,15,20,0,0,0,0,0,0,0,7,22,122.91,0,0.138,0.5,5.048,26.400000000000002,92.48,24,980.0
1999,4,15,20,30,0,0,0,0,0,0,7,22,130.21,0,0.138,0.5,5.054,26.400000000000002,92.5,24,980.0
1999,4,15,21,0,0,0,0,0,0,0,7,22,137.46,0,0.138,0.5,5.0600000000000005,26.200000000000003,91.13,24,980.0
1999,4,15,21,30,0,0,0,0,0,0,7,22,144.62,0,0.138,0.5,5.064,26.200000000000003,96.78,24,980.0
1999,4,15,22,0,0,0,0,0,0,0,7,22,151.62,0,0.138,0.5,5.069,20.6,95.10000000000001,24,980.0
1999,4,15,22,30,0,0,0,0,0,0,6,22,158.31,0,0.138,0.5,5.071,20.6,95.08,24,980.0
1999,4,15,23,0,0,0,0,0,0,0,7,21,164.29,0,0.138,0.5,5.073,7.5,93.42,24,980.0
1999,4,15,23,30,0,0,0,0,0,0,7,21,168.4,1,0.138,0.4,5.073,7.5,93.4,23,980.0
1999,4,16,0,0,0,0,0,0,0,0,7,21,168.42000000000002,1,0.138,0.4,5.073,344.8,92.18,23,980.0
1999,4,16,0,30,0,0,0,0,0,0,8,21,164.34,1,0.138,0.30000000000000004,5.0680000000000005,344.8,92.15,23,980.0
1999,4,16,1,0,0,0,0,0,0,0,8,21,158.37,0,0.138,0.30000000000000004,5.064,315.6,91.46000000000001,23,980.0
1999,4,16,1,30,0,0,0,0,0,0,8,21,151.69,0,0.138,0.30000000000000004,5.057,315.6,91.44,23,980.0
1999,4,16,2,0,0,0,0,0,0,0,8,21,144.69,0,0.138,0.30000000000000004,5.05,286.8,91.01,23,980.0
1999,4,16,2,30,0,0,0,0,0,0,8,21,137.53,0,0.138,0.2,5.055,286.8,96.7,23,980.0
1999,4,16,3,0,0,0,0,0,0,0,4,21,130.28,0,0.138,0.2,5.061,239.10000000000002,96.56,23,980.0
1999,4,16,3,30,0,0,0,0,0,0,8,21,122.98,0,0.138,0.2,5.087,239.10000000000002,96.58,22,980.0
1999,4,16,4,0,0,0,0,0,0,0,7,21,115.65,0,0.138,0.2,5.114,160.20000000000002,96.07000000000001,22,980.0
1999,4,16,4,30,0,0,0,0,0,0,7,21,108.29,0,0.138,0.30000000000000004,5.148,160.20000000000002,96.10000000000001,22,980.0
1999,4,16,5,0,0,0,0,0,0,0,7,21,100.92,0,0.138,0.4,5.182,123.9,95.77,22,980.0
1999,4,16,5,30,0,0,0,0,0,0,8,21,93.54,0,0.138,0.30000000000000004,5.211,123.9,95.81,22,980.0
1999,4,16,6,0,22,0,22,21,249,37,7,21,86.15,4,0.138,0.30000000000000004,5.2410000000000005,113.60000000000001,99.67,22,980.0
1999,4,16,6,30,71,68,84,43,514,143,4,21,78.77,0,0.138,0.1,5.26,113.60000000000001,99.7,22,990.0
1999,4,16,7,0,56,658,266,56,658,266,0,22,71.39,0,0.138,0.0,5.281,109.5,98.34,23,990.0
1999,4,16,7,30,65,745,392,65,745,392,0,22,64.01,0,0.138,0.0,5.291,109.5,92.63,24,990.0
1999,4,16,8,0,72,806,515,72,806,515,0,23,56.65,0,0.138,0.0,5.3020000000000005,97.4,89.11,25,990.0
1999,4,16,8,30,77,847,630,77,847,630,0,23,49.31,0,0.138,0.0,5.311,97.4,89.10000000000001,26,990.0
1999,4,16,9,0,356,117,443,81,878,734,3,23,42.01,0,0.138,0.0,5.321,92.7,84.23,27,990.0
1999,4,16,9,30,85,899,824,85,899,824,0,23,34.78,0,0.138,0.0,5.3420000000000005,92.7,84.21000000000001,27,990.0
1999,4,16,10,0,449,143,576,88,915,899,2,23,27.650000000000002,0,0.138,0.0,5.364,90.4,80.34,27,990.0
1999,4,16,10,30,459,306,746,90,926,956,2,23,20.76,0,0.138,0.0,5.384,90.4,80.3,27,990.0
1999,4,16,11,0,91,934,995,91,934,995,0,23,14.44,0,0.138,0.0,5.404,91.10000000000001,76.65,28,980.0
1999,4,16,11,30,510,238,745,91,937,1015,2,23,9.86,0,0.138,0.0,5.423,91.10000000000001,76.60000000000001,28,980.0
1999,4,16,12,0,517,164,679,91,938,1015,2,23,9.85,0,0.138,0.0,5.4430000000000005,96.7,76.63,28,980.0
1999,4,16,12,30,493,265,750,90,934,995,3,23,14.43,0,0.138,0.0,5.452,96.7,76.58,28,980.0
1999,4,16,13,0,245,12,257,88,928,956,3,23,20.75,0,0.138,0.0,5.463,101.4,76.71000000000001,28,980.0
1999,4,16,13,30,445,237,655,86,917,899,4,23,27.64,0,0.138,0.0,5.468,101.4,76.68,28,980.0
1999,4,16,14,0,297,558,756,83,902,824,7,23,34.76,0,0.138,0.0,5.4750000000000005,111.10000000000001,78.64,28,980.0
1999,4,16,14,30,237,597,681,80,880,734,7,23,42.0,0,0.138,0.0,5.48,111.10000000000001,83.35000000000001,27,980.0
1999,4,16,15,0,75,851,630,75,851,630,0,24,49.300000000000004,0,0.138,0.0,5.485,119.9,86.95,27,980.0
1999,4,16,15,30,9,0,9,69,811,516,8,24,56.63,0,0.138,0.0,5.4830000000000005,119.9,92.21000000000001,27,980.0
1999,4,16,16,0,149,7,152,62,755,394,6,25,63.99,0,0.138,0.0,5.482,126.0,95.13,27,980.0
1999,4,16,16,30,4,0,4,53,670,268,6,25,71.36,0,0.138,0.0,5.479,126.0,100.0,26,980.0
1999,4,16,17,0,2,0,2,41,529,144,6,25,78.74,4,0.138,0.0,5.477,94.10000000000001,100.0,26,980.0
1999,4,16,17,30,0,0,0,20,267,38,6,25,86.12,4,0.138,0.1,5.476,94.10000000000001,100.0,25,980.0
1999,4,16,18,0,0,0,0,0,0,0,6,25,93.5,0,0.138,0.2,5.476,96.60000000000001,100.0,25,980.0
1999,4,16,18,30,0,0,0,0,0,0,6,24,100.88,0,0.138,0.2,5.476,96.60000000000001,100.0,24,980.0
1999,4,16,19,0,0,0,0,0,0,0,6,24,108.25,1,0.138,0.2,5.477,99.80000000000001,100.0,24,980.0
1999,4,16,19,30,0,0,0,0,0,0,7,24,115.59,0,0.138,0.2,5.462,99.80000000000001,100.0,24,980.0
1999,4,16,20,0,0,0,0,0,0,0,7,24,122.92,0,0.138,0.2,5.448,104.7,100.0,24,980.0
1999,4,16,20,30,0,0,0,0,0,0,7,23,130.21,0,0.138,0.2,5.4190000000000005,104.7,100.0,24,980.0
1999,4,16,21,0,0,0,0,0,0,0,3,23,137.44,0,0.138,0.30000000000000004,5.39,108.60000000000001,100.0,24,980.0
1999,4,16,21,30,0,0,0,0,0,0,4,23,144.58,0,0.138,0.30000000000000004,5.36,108.60000000000001,100.0,23,980.0
1999,4,16,22,0,0,0,0,0,0,0,4,23,151.55,0,0.138,0.30000000000000004,5.331,114.4,100.0,23,980.0
1999,4,16,22,30,0,0,0,0,0,0,3,23,158.19,0,0.138,0.30000000000000004,5.307,114.4,100.0,23,980.0
1999,4,16,23,0,0,0,0,0,0,0,7,23,164.09,0,0.138,0.30000000000000004,5.283,120.9,100.0,23,980.0
1999,4,16,23,30,0,0,0,0,0,0,7,22,168.08,1,0.138,0.30000000000000004,5.265,120.9,100.0,23,980.0
1999,4,17,0,0,0,0,0,0,0,0,7,22,168.06,1,0.138,0.30000000000000004,5.247,128.0,100.0,23,980.0
1999,4,17,0,30,0,0,0,0,0,0,3,22,164.05,1,0.138,0.30000000000000004,5.238,128.0,100.0,22,980.0
1999,4,17,1,0,0,0,0,0,0,0,3,22,158.15,0,0.138,0.30000000000000004,5.23,133.5,100.0,22,980.0
1999,4,17,1,30,0,0,0,0,0,0,4,22,151.5,0,0.138,0.30000000000000004,5.234,133.5,100.0,22,980.0
1999,4,17,2,0,0,0,0,0,0,0,3,22,144.53,0,0.138,0.30000000000000004,5.239,139.6,100.0,22,980.0
1999,4,17,2,30,0,0,0,0,0,0,3,22,137.39000000000001,0,0.138,0.30000000000000004,5.257,139.6,100.0,22,980.0
1999,4,17,3,0,0,0,0,0,0,0,4,22,130.16,0,0.138,0.30000000000000004,5.276,145.3,100.0,22,980.0
1999,4,17,3,30,0,0,0,0,0,0,3,22,122.88,0,0.138,0.2,5.297,145.3,100.0,22,980.0
1999,4,17,4,0,0,0,0,0,0,0,4,22,115.55,0,0.138,0.2,5.3180000000000005,149.9,100.0,22,980.0
1999,4,17,4,30,0,0,0,0,0,0,4,21,108.21000000000001,0,0.138,0.2,5.335,149.9,100.0,22,980.0
1999,4,17,5,0,0,0,0,0,0,0,4,21,100.85000000000001,0,0.138,0.2,5.353,148.8,100.0,22,980.0
1999,4,17,5,30,0,0,0,0,0,0,4,21,93.47,0,0.138,0.1,5.3660000000000005,148.8,100.0,22,980.0
1999,4,17,6,0,22,0,22,22,224,37,3,22,86.09,4,0.138,0.1,5.3790000000000004,144.3,100.0,22,980.0
1999,4,17,6,30,71,74,86,45,493,141,3,22,78.72,0,0.138,0.0,5.393,144.3,100.0,23,990.0
1999,4,17,7,0,59,642,264,59,642,264,0,23,71.34,0,0.138,0.0,5.407,139.1,100.0,24,990.0
1999,4,17,7,30,69,732,390,69,732,390,0,24,63.980000000000004,0,0.138,0.0,5.416,139.1,100.0,24,990.0
1999,4,17,8,0,74,799,514,74,799,514,0,25,56.63,0,0.138,0.0,5.425,121.10000000000001,100.0,25,990.0
1999,4,17,8,30,80,840,628,80,840,628,0,25,49.300000000000004,0,0.138,0.0,5.441,121.10000000000001,100.0,25,990.0
1999,4,17,9,0,359,189,500,81,876,733,3,24,42.02,0,0.138,0.0,5.457,112.80000000000001,93.69,26,990.0
1999,4,17,9,30,85,898,823,85,898,823,0,24,34.800000000000004,0,0.138,0.0,5.49,112.80000000000001,93.66,26,990.0
1999,4,17,10,0,86,915,897,86,915,897,0,24,27.7,0,0.138,0.0,5.524,98.5,83.93,27,980.0
1999,4,17,10,30,479,218,683,88,926,954,3,24,20.86,0,0.138,0.0,5.571,98.5,83.9,27,980.0
1999,4,17,11,0,396,30,425,89,933,993,3,23,14.61,0,0.138,0.0,5.619,81.9,77.48,28,980.0
1999,4,17,11,30,498,285,778,90,936,1012,3,23,10.16,0,0.138,0.0,5.6770000000000005,81.9,77.45,28,980.0
1999,4,17,12,0,421,35,456,92,933,1011,7,23,10.200000000000001,0,0.138,0.0,5.735,71.10000000000001,76.24,28,980.0
1999,4,17,12,30,403,45,447,92,929,991,7,23,14.69,4,0.138,0.0,5.791,71.10000000000001,80.78,28,980.0
1999,4,17,13,0,316,18,333,97,912,950,3,23,20.95,0,0.138,0.0,5.847,67.9,81.61,28,980.0
1999,4,17,13,30,294,21,313,95,901,892,8,23,27.8,4,0.138,0.0,5.893,67.9,81.58,27,980.0
1999,4,17,14,0,280,497,688,94,879,816,7,24,34.9,4,0.138,0.0,5.94,62.2,84.43,27,980.0
1999,4,17,14,30,306,412,612,90,856,726,8,24,42.12,0,0.138,0.0,5.971,62.2,89.52,27,980.0
1999,4,17,15,0,16,0,16,84,827,623,6,24,49.4,0,0.138,0.0,6.003,52.6,92.64,27,980.0
1999,4,17,15,30,112,0,112,78,784,509,6,24,56.72,0,0.138,0.0,6.0120000000000005,52.6,92.65,26,980.0
1999,4,17,16,0,182,200,270,71,720,386,7,25,64.07000000000001,0,0.138,0.0,6.022,49.300000000000004,95.05,26,980.0
1999,4,17,16,30,113,13,117,60,630,261,6,25,71.43,0,0.138,0.0,6.018,49.300000000000004,100.0,25,980.0
1999,4,17,17,0,62,0,62,45,482,139,6,25,78.8,4,0.138,0.0,6.014,52.400000000000006,100.0,25,980.0
1999,4,17,17,30,16,0,16,22,216,36,6,24,86.18,4,0.138,0.1,5.995,52.400000000000006,100.0,25,980.0
1999,4,17,18,0,0,0,0,0,0,0,6,24,93.55,0,0.138,0.2,5.977,57.800000000000004,100.0,25,980.0
1999,4,17,18,30,0,0,0,0,0,0,6,24,100.92,0,0.138,0.2,5.942,57.800000000000004,100.0,24,980.0
1999,4,17,19,0,0,0,0,0,0,0,6,24,108.27,1,0.138,0.2,5.907,60.400000000000006,100.0,24,980.0
1999,4,17,19,30,0,0,0,0,0,0,6,24,115.61,0,0.138,0.2,5.862,60.400000000000006,100.0,24,980.0
1999,4,17,20,0,0,0,0,0,0,0,6,24,122.93,0,0.138,0.30000000000000004,5.817,63.900000000000006,100.0,24,990.0
1999,4,17,20,30,0,0,0,0,0,0,7,24,130.2,0,0.138,0.30000000000000004,5.768,63.900000000000006,100.0,24,990.0
1999,4,17,21,0,0,0,0,0,0,0,7,24,137.41,0,0.138,0.30000000000000004,5.719,72.60000000000001,100.0,24,990.0
1999,4,17,21,30,0,0,0,0,0,0,7,24,144.53,0,0.138,0.30000000000000004,5.673,72.60000000000001,100.0,24,990.0
1999,4,17,22,0,0,0,0,0,0,0,7,23,151.47,0,0.138,0.4,5.6290000000000004,89.80000000000001,99.9,24,990.0
1999,4,17,22,30,0,0,0,0,0,0,7,23,158.06,0,0.138,0.4,5.597,89.80000000000001,99.88,24,990.0
1999,4,17,23,0,0,0,0,0,0,0,7,23,163.88,0,0.138,0.4,5.566,110.5,98.76,24,990.0
1999,4,17,23,30,0,0,0,0,0,0,7,23,167.76,1,0.138,0.4,5.543,110.5,100.0,24,980.0
1999,4,18,0,0,0,0,0,0,0,0,7,23,167.71,1,0.138,0.4,5.521,131.6,100.0,24,980.0
1999,4,18,0,30,0,0,0,0,0,0,4,23,163.77,1,0.138,0.4,5.503,131.6,100.0,23,980.0
1999,4,18,1,0,0,0,0,0,0,0,4,23,157.92000000000002,0,0.138,0.4,5.485,158.4,100.0,23,980.0
1999,4,18,1,30,0,0,0,0,0,0,4,23,151.32,0,0.138,0.4,5.465,158.4,100.0,23,980.0
1999,4,18,2,0,0,0,0,0,0,0,4,23,144.37,0,0.138,0.4,5.445,178.9,100.0,23,980.0
1999,4,18,2,30,0,0,0,0,0,0,8,22,137.26,0,0.138,0.4,5.4350000000000005,178.9,100.0,22,980.0
1999,4,18,3,0,0,0,0,0,0,0,8,22,130.05,0,0.138,0.4,5.426,186.4,100.0,22,980.0
1999,4,18,3,30,0,0,0,0,0,0,8,22,122.77,0,0.138,0.4,5.46,186.4,100.0,22,980.0
1999,4,18,4,0,0,0,0,0,0,0,4,22,115.46000000000001,0,0.138,0.4,5.494,177.3,100.0,22,980.0
1999,4,18,4,30,0,0,0,0,0,0,4,22,108.12,0,0.138,0.4,5.548,177.3,100.0,22,980.0
1999,4,18,5,0,0,0,0,0,0,0,4,22,100.77,0,0.138,0.4,5.604,158.9,100.0,22,980.0
1999,4,18,5,30,0,0,0,0,0,0,4,22,93.41,0,0.138,0.2,5.635,158.9,100.0,22,990.0
1999,4,18,6,0,11,0,11,21,259,39,3,22,86.04,4,0.138,0.1,5.666,151.5,100.0,22,990.0
1999,4,18,6,30,40,0,40,42,519,144,3,22,78.67,0,0.138,0.0,5.68,151.5,100.0,22,990.0
1999,4,18,7,0,69,0,69,54,664,267,4,23,71.3,0,0.138,0.0,5.695,155.0,100.0,23,990.0
1999,4,18,7,30,185,105,231,63,749,393,8,23,63.95,0,0.138,0.0,5.692,155.0,100.0,23,990.0
1999,4,18,8,0,61,0,61,69,810,515,4,24,56.61,0,0.138,0.0,5.69,165.9,100.0,24,990.0
1999,4,18,8,30,196,7,201,74,850,629,4,24,49.300000000000004,0,0.138,0.0,5.681,165.9,100.0,24,990.0
1999,4,18,9,0,187,5,191,77,881,732,4,24,42.03,0,0.138,0.0,5.672,170.3,98.85000000000001,25,990.0
1999,4,18,9,30,360,47,399,81,902,822,7,24,34.83,0,0.138,0.0,5.675,170.3,98.83,25,990.0
1999,4,18,10,0,254,12,265,83,918,896,3,23,27.76,0,0.138,0.0,5.678,174.3,88.64,26,990.0
1999,4,18,10,30,447,69,512,85,929,953,4,23,20.96,0,0.138,0.0,5.695,174.3,88.61,26,990.0
1999,4,18,11,0,210,10,221,86,936,991,4,23,14.8,0,0.138,0.0,5.712,179.20000000000002,79.31,27,990.0
1999,4,18,11,30,348,20,368,86,939,1010,8,23,10.47,0,0.138,0.0,5.744,179.20000000000002,79.27,27,990.0
1999,4,18,12,0,347,20,367,86,939,1010,7,22,10.55,0,0.138,0.0,5.776,190.60000000000002,78.12,27,990.0
1999,4,18,12,30,455,58,512,86,935,990,6,22,14.96,0,0.138,0.0,5.814,190.60000000000002,78.08,27,980.0
1999,4,18,13,0,414,44,455,83,929,951,6,22,21.150000000000002,0,0.138,0.0,5.854,222.4,78.16,28,980.0
1999,4,18,13,30,436,100,525,81,918,893,6,22,27.96,0,0.138,0.0,5.899,222.4,78.12,27,980.0
1999,4,18,14,0,404,216,581,78,904,818,8,23,35.04,0,0.138,0.0,5.944,241.0,80.14,27,980.0
1999,4,18,14,30,337,307,565,75,882,728,8,23,42.230000000000004,0,0.138,0.0,5.998,241.0,84.95,27,980.0
1999,4,18,15,0,298,227,446,70,854,625,8,23,49.5,0,0.138,0.0,6.053,249.20000000000002,85.86,27,980.0
1999,4,18,15,30,238,232,365,65,814,511,7,23,56.82,0,0.138,0.0,6.113,249.20000000000002,85.86,26,980.0
1999,4,18,16,0,140,460,340,59,757,389,8,23,64.15,0,0.138,0.0,6.174,265.40000000000003,87.02,26,980.0
1999,4,18,16,30,99,402,227,51,673,264,8,23,71.51,0,0.138,0.0,6.237,265.40000000000003,92.34,25,980.0
1999,4,18,17,0,56,340,121,40,526,141,8,23,78.87,4,0.138,0.0,6.301,301.7,93.72,25,980.0
1999,4,18,17,30,21,161,32,20,262,37,8,23,86.23,4,0.138,0.0,6.3580000000000005,301.7,99.49000000000001,24,980.0
1999,4,18,18,0,0,0,0,0,0,0,7,24,93.60000000000001,0,0.138,0.0,6.415,358.70000000000005,100.0,24,980.0
1999,4,18,18,30,0,0,0,0,0,0,3,24,100.95,0,0.138,0.0,6.446,358.70000000000005,100.0,24,980.0
1999,4,18,19,0,0,0,0,0,0,0,3,24,108.3,1,0.138,0.0,6.477,47.1,100.0,24,980.0
1999,4,18,19,30,0,0,0,0,0,0,4,24,115.63,0,0.138,0.0,6.478,47.1,100.0,24,980.0
1999,4,18,20,0,0,0,0,0,0,0,3,24,122.93,0,0.138,0.1,6.48,68.0,100.0,24,990.0
1999,4,18,20,30,0,0,0,0,0,0,1,23,130.19,0,0.138,0.0,6.457,68.0,100.0,24,990.0
1999,4,18,21,0,0,0,0,0,0,0,3,23,137.39000000000001,0,0.138,0.0,6.434,74.5,100.0,24,990.0
1999,4,18,21,30,0,0,0,0,0,0,4,23,144.48,0,0.138,0.0,6.392,74.5,100.0,23,990.0
1999,4,18,22,0,0,0,0,0,0,0,4,23,151.38,0,0.138,0.0,6.351,56.1,100.0,23,990.0
1999,4,18,22,30,0,0,0,0,0,0,4,23,157.92000000000002,0,0.138,0.0,6.297,56.1,100.0,23,990.0
1999,4,18,23,0,0,0,0,0,0,0,4,23,163.66,0,0.138,0.0,6.243,78.10000000000001,100.0,23,990.0
1999,4,18,23,30,0,0,0,0,0,0,4,23,167.45000000000002,1,0.138,0.0,6.166,78.10000000000001,100.0,23,980.0
1999,4,19,0,0,0,0,0,0,0,0,4,23,167.36,1,0.138,0.1,6.09,112.5,100.0,23,980.0
1999,4,19,0,30,0,0,0,0,0,0,4,23,163.48,0,0.138,0.1,6.01,112.5,100.0,23,980.0
1999,4,19,1,0,0,0,0,0,0,0,4,23,157.69,0,0.138,0.1,5.93,126.9,100.0,23,980.0
1999,4,19,1,30,0,0,0,0,0,0,3,23,151.13,0,0.138,0.1,5.865,126.9,100.0,23,980.0
1999,4,19,2,0,0,0,0,0,0,0,3,23,144.22,0,0.138,0.1,5.8,130.3,100.0,23,980.0
1999,4,19,2,30,0,0,0,0,0,0,1,22,137.12,0,0.138,0.1,5.751,130.3,100.0,23,980.0
1999,4,19,3,0,0,0,0,0,0,0,3,22,129.93,0,0.138,0.1,5.703,122.0,100.0,23,980.0
1999,4,19,3,30,0,0,0,0,0,0,3,22,122.67,0,0.138,0.0,5.673,122.0,100.0,23,980.0
1999,4,19,4,0,0,0,0,0,0,0,3,22,115.37,0,0.138,0.0,5.6450000000000005,138.5,100.0,23,980.0
1999,4,19,4,30,0,0,0,0,0,0,1,22,108.04,0,0.138,0.0,5.63,138.5,100.0,22,980.0
1999,4,19,5,0,0,0,0,0,0,0,4,22,100.7,0,0.138,0.0,5.615,161.4,100.0,22,980.0
1999,4,19,5,30,0,0,0,0,0,0,4,22,93.34,0,0.138,0.0,5.607,161.4,100.0,22,990.0
1999,4,19,6,0,7,0,7,19,305,41,3,22,85.98,4,0.138,0.0,5.599,165.0,100.0,23,990.0
1999,4,19,6,30,26,0,26,38,556,147,4,22,78.62,0,0.138,0.0,5.606,165.0,100.0,23,990.0
1999,4,19,7,0,125,61,144,49,689,270,3,22,71.27,0,0.138,0.0,5.613,171.8,95.54,23,990.0
1999,4,19,7,30,56,770,395,56,770,395,1,22,63.92,0,0.138,0.0,5.631,171.8,95.55,23,990.0
1999,4,19,8,0,245,128,316,63,823,516,3,21,56.59,0,0.138,0.0,5.65,176.4,88.42,24,990.0
1999,4,19,8,30,302,118,379,68,861,630,3,21,49.29,0,0.138,0.0,5.667,176.4,88.42,24,990.0
1999,4,19,9,0,319,47,354,72,889,732,3,21,42.04,0,0.138,0.0,5.684,177.3,82.97,25,990.0
1999,4,19,9,30,332,32,359,75,909,821,3,21,34.86,0,0.138,0.0,5.694,177.3,82.96000000000001,25,990.0
1999,4,19,10,0,388,44,427,76,925,895,3,22,27.830000000000002,0,0.138,0.0,5.705,174.3,83.49,26,990.0
1999,4,19,10,30,421,48,467,78,936,951,3,22,21.07,0,0.138,0.0,5.718,174.3,83.46000000000001,26,990.0
1999,4,19,11,0,357,22,379,78,943,989,4,22,14.99,0,0.138,0.0,5.732,167.10000000000002,79.53,26,990.0
1999,4,19,11,30,410,32,442,78,946,1008,4,22,10.78,0,0.138,0.0,5.75,167.10000000000002,79.49,26,990.0
1999,4,19,12,0,482,74,555,77,947,1007,3,22,10.89,0,0.138,0.0,5.769,160.5,80.57000000000001,26,980.0
1999,4,19,12,30,411,35,445,76,944,987,3,22,15.23,0,0.138,0.0,5.792,160.5,80.54,26,980.0
1999,4,19,13,0,330,20,348,73,939,948,3,22,21.36,0,0.138,0.0,5.816,156.70000000000002,81.63,26,980.0
1999,4,19,13,30,72,928,891,72,928,891,1,22,28.13,0,0.138,0.0,5.837,156.70000000000002,86.58,26,980.0
1999,4,19,14,0,355,45,392,68,915,816,3,22,35.17,0,0.138,0.0,5.859,157.8,87.60000000000001,26,980.0
1999,4,19,14,30,65,894,727,65,894,727,0,22,42.35,0,0.138,0.0,5.861,157.8,87.58,25,980.0
1999,4,19,15,0,61,868,624,61,868,624,0,22,49.61,0,0.138,0.0,5.864,157.8,88.37,25,980.0
1999,4,19,15,30,57,830,510,57,830,510,0,22,56.910000000000004,0,0.138,0.0,5.837,157.8,93.8,25,980.0
1999,4,19,16,0,51,777,389,51,777,389,0,23,64.23,0,0.138,0.0,5.8100000000000005,154.9,94.41,25,980.0
1999,4,19,16,30,44,697,265,44,697,265,0,23,71.57000000000001,0,0.138,0.0,5.765,154.9,94.43,24,980.0
1999,4,19,17,0,34,565,143,34,565,143,0,23,78.93,0,0.138,0.0,5.721,167.9,95.02,24,980.0
1999,4,19,17,30,17,313,38,17,313,38,0,23,86.28,0,0.138,0.0,5.672,167.9,100.0,24,980.0
1999,4,19,18,0,0,0,0,0,0,0,0,23,93.64,0,0.138,0.0,5.6240000000000006,190.60000000000002,100.0,24,980.0
1999,4,19,18,30,0,0,0,0,0,0,0,23,100.99000000000001,0,0.138,0.0,5.567,190.60000000000002,100.0,23,980.0
1999,4,19,19,0,0,0,0,0,0,0,0,23,108.32000000000001,1,0.138,0.0,5.511,186.3,100.0,23,980.0
1999,4,19,19,30,0,0,0,0,0,0,1,23,115.64,0,0.138,0.0,5.461,186.3,100.0,23,980.0
1999,4,19,20,0,0,0,0,0,0,0,1,22,122.93,0,0.138,0.0,5.4110000000000005,186.70000000000002,99.53,23,980.0
1999,4,19,20,30,0,0,0,0,0,0,3,22,130.18,0,0.138,0.0,5.3870000000000005,186.70000000000002,100.0,22,990.0
1999,4,19,21,0,0,0,0,0,0,0,1,22,137.35,0,0.138,0.0,5.363,188.4,100.0,22,990.0
1999,4,19,21,30,0,0,0,0,0,0,1,22,144.42000000000002,0,0.138,0.0,5.372,188.4,100.0,22,990.0
1999,4,19,22,0,0,0,0,0,0,0,1,22,151.29,0,0.138,0.0,5.382,189.0,100.0,22,990.0
1999,4,19,22,30,0,0,0,0,0,0,4,22,157.78,0,0.138,0.0,5.388,189.0,100.0,22,980.0
1999,4,19,23,0,0,0,0,0,0,0,4,22,163.45000000000002,0,0.138,0.0,5.394,181.60000000000002,100.0,22,980.0
1999,4,19,23,30,0,0,0,0,0,0,4,22,167.13,1,0.138,0.0,5.402,181.60000000000002,100.0,22,980.0
1999,4,20,0,0,0,0,0,0,0,0,7,22,167.02,1,0.138,0.0,5.4110000000000005,176.9,100.0,22,980.0
1999,4,20,0,30,0,0,0,0,0,0,7,21,163.19,0,0.138,0.0,5.422,176.9,100.0,21,980.0
1999,4,20,1,0,0,0,0,0,0,0,4,21,157.47,0,0.138,0.0,5.433,168.0,100.0,21,980.0
1999,4,20,1,30,0,0,0,0,0,0,4,21,150.95000000000002,0,0.138,0.0,5.458,168.0,100.0,21,980.0
1999,4,20,2,0,0,0,0,0,0,0,4,21,144.06,0,0.138,0.1,5.484,169.0,100.0,21,980.0
1999,4,20,2,30,0,0,0,0,0,0,4,21,136.99,0,0.138,0.1,5.521,169.0,100.0,21,980.0
1999,4,20,3,0,0,0,0,0,0,0,4,21,129.81,0,0.138,0.1,5.558,195.8,100.0,21,980.0
1999,4,20,3,30,0,0,0,0,0,0,7,21,122.56,0,0.138,0.1,5.59,195.8,100.0,21,980.0
1999,4,20,4,0,0,0,0,0,0,0,4,21,115.28,0,0.138,0.1,5.6240000000000006,210.10000000000002,100.0,21,980.0
1999,4,20,4,30,0,0,0,0,0,0,4,21,107.96000000000001,0,0.138,0.0,5.638,210.10000000000002,100.0,21,980.0
1999,4,20,5,0,0,0,0,0,0,0,4,21,100.62,0,0.138,0.0,5.6530000000000005,210.60000000000002,100.0,21,980.0
1999,4,20,5,30,0,0,0,0,0,0,4,21,93.28,0,0.138,0.0,5.6450000000000005,210.60000000000002,100.0,21,980.0
1999,4,20,6,0,1,0,1,20,303,41,4,21,85.93,4,0.138,0.0,5.638,204.9,100.0,21,990.0
1999,4,20,6,30,6,0,6,38,552,148,4,21,78.58,0,0.138,0.0,5.623,204.9,100.0,21,990.0
1999,4,20,7,0,52,0,52,50,686,270,3,21,71.23,0,0.138,0.0,5.609,191.8,99.28,22,990.0
1999,4,20,7,30,141,1,142,58,767,395,4,21,63.9,0,0.138,0.0,5.602,191.8,99.3,22,990.0
1999,4,20,8,0,179,7,183,63,822,517,4,22,56.58,0,0.138,0.0,5.595,185.20000000000002,96.42,23,990.0
1999,4,20,8,30,164,1,165,68,861,630,4,22,49.29,0,0.138,0.0,5.593,185.20000000000002,96.43,23,990.0
1999,4,20,9,0,210,8,216,71,890,732,4,22,42.06,0,0.138,0.0,5.5920000000000005,184.3,97.61,24,990.0
1999,4,20,9,30,209,8,217,74,910,821,4,22,34.9,0,0.138,0.0,5.585,184.3,97.60000000000001,24,990.0
1999,4,20,10,0,234,11,244,76,926,894,4,22,27.900000000000002,0,0.138,0.0,5.578,185.70000000000002,92.29,24,990.0
1999,4,20,10,30,204,9,213,77,936,951,4,22,21.19,0,0.138,0.0,5.564,185.70000000000002,92.26,24,990.0
1999,4,20,11,0,219,11,230,77,944,989,4,22,15.18,0,0.138,0.0,5.551,187.3,87.49,25,990.0
1999,4,20,11,30,131,0,131,78,947,1008,4,22,11.09,0,0.138,0.0,5.547,187.3,87.44,25,980.0
1999,4,20,12,0,169,6,176,77,948,1007,4,22,11.23,0,0.138,0.0,5.543,185.20000000000002,83.31,26,980.0
1999,4,20,12,30,165,7,173,76,945,987,4,22,15.5,1,0.138,0.0,5.5520000000000005,185.20000000000002,83.26,26,980.0
1999,4,20,13,0,160,6,166,74,939,948,4,23,21.56,1,0.138,0.0,5.561,182.20000000000002,84.05,26,980.0
1999,4,20,13,30,308,24,329,72,928,890,4,23,28.29,1,0.138,0.0,5.5760000000000005,182.20000000000002,84.0,26,980.0
1999,4,20,14,0,286,18,301,69,914,816,4,23,35.31,0,0.138,0.0,5.5920000000000005,179.0,85.28,27,980.0
1999,4,20,14,30,338,75,394,66,894,726,4,23,42.47,0,0.138,0.0,5.611,179.0,85.25,26,980.0
1999,4,20,15,0,263,38,288,62,867,623,4,23,49.71,0,0.138,0.0,5.63,170.20000000000002,87.88,26,980.0
1999,4,20,15,30,229,60,261,58,829,509,4,23,56.99,0,0.138,0.0,5.652,170.20000000000002,87.88,26,980.0
1999,4,20,16,0,172,48,193,52,776,388,4,24,64.31,0,0.138,0.0,5.675,154.20000000000002,92.02,26,980.0
1999,4,20,16,30,122,59,140,45,695,264,4,24,71.64,0,0.138,0.0,5.697,154.20000000000002,97.64,25,980.0
1999,4,20,17,0,67,42,75,34,563,142,4,24,78.99,4,0.138,0.1,5.72,174.5,99.43,25,980.0
1999,4,20,17,30,20,0,20,17,309,37,4,24,86.33,4,0.138,0.2,5.731,174.5,100.0,24,980.0
1999,4,20,18,0,0,0,0,0,0,0,4,24,93.68,0,0.138,0.30000000000000004,5.742,185.10000000000002,100.0,24,980.0
1999,4,20,18,30,0,0,0,0,0,0,4,23,101.02,0,0.138,0.30000000000000004,5.739,185.10000000000002,100.0,24,980.0
1999,4,20,19,0,0,0,0,0,0,0,4,23,108.35000000000001,1,0.138,0.4,5.737,187.4,100.0,24,980.0
1999,4,20,19,30,0,0,0,0,0,0,4,23,115.65,0,0.138,0.30000000000000004,5.731,187.4,100.0,23,980.0
1999,4,20,20,0,0,0,0,0,0,0,4,23,122.93,0,0.138,0.2,5.7250000000000005,189.4,100.0,23,980.0
1999,4,20,20,30,0,0,0,0,0,0,4,23,130.16,0,0.138,0.1,5.726,189.4,100.0,23,980.0
1999,4,20,21,0,0,0,0,0,0,0,4,23,137.32,0,0.138,0.1,5.727,191.10000000000002,100.0,23,980.0
1999,4,20,21,30,0,0,0,0,0,0,4,22,144.36,0,0.138,0.1,5.735,191.10000000000002,100.0,23,980.0
1999,4,20,22,0,0,0,0,0,0,0,4,22,151.20000000000002,0,0.138,0.1,5.744,192.60000000000002,100.0,23,980.0
1999,4,20,22,30,0,0,0,0,0,0,4,22,157.64000000000001,0,0.138,0.1,5.751,192.60000000000002,100.0,22,980.0
1999,4,20,23,0,0,0,0,0,0,0,4,22,163.23,0,0.138,0.1,5.759,198.3,100.0,22,980.0
1999,4,20,23,30,0,0,0,0,0,0,4,22,166.81,1,0.138,0.1,5.757000000000001,198.3,100.0,22,980.0
1999,4,21,0,0,0,0,0,0,0,0,4,22,166.68,1,0.138,0.1,5.755,205.4,100.0,22,980.0
1999,4,21,0,30,0,0,0,0,0,0,4,22,162.9,0,0.138,0.1,5.743,205.4,100.0,22,980.0
1999,4,21,1,0,0,0,0,0,0,0,4,22,157.24,0,0.138,0.1,5.732,210.3,100.0,22,980.0
1999,4,21,1,30,0,0,0,0,0,0,4,22,150.76,0,0.138,0.1,5.713,210.3,100.0,22,980.0
1999,4,21,2,0,0,0,0,0,0,0,4,22,143.91,0,0.138,0.1,5.694,212.20000000000002,100.0,22,980.0
1999,4,21,2,30,0,0,0,0,0,0,4,22,136.86,0,0.138,0.0,5.666,212.20000000000002,100.0,22,980.0
1999,4,21,3,0,0,0,0,0,0,0,4,22,129.69,0,0.138,0.0,5.638,208.60000000000002,100.0,22,980.0
1999,4,21,3,30,0,0,0,0,0,0,4,21,122.46000000000001,0,0.138,0.0,5.6160000000000005,208.60000000000002,100.0,22,980.0
1999,4,21,4,0,0,0,0,0,0,0,4,21,115.19,0,0.138,0.0,5.594,200.0,100.0,22,980.0
1999,4,21,4,30,0,0,0,0,0,0,4,21,107.88,0,0.138,0.0,5.5760000000000005,200.0,100.0,21,980.0
1999,4,21,5,0,0,0,0,0,0,0,4,21,100.55,0,0.138,0.0,5.559,189.9,100.0,21,980.0
1999,4,21,5,30,0,0,0,0,0,0,4,21,93.22,0,0.138,0.0,5.548,189.9,100.0,21,980.0
1999,4,21,6,0,8,0,8,18,335,43,4,22,85.87,4,0.138,0.0,5.538,181.4,100.0,22,980.0
1999,4,21,6,30,30,0,30,34,577,149,4,22,78.53,0,0.138,0.0,5.534,181.4,100.0,22,980.0
1999,4,21,7,0,111,6,113,42,708,270,4,23,71.2,0,0.138,0.0,5.531,176.0,100.0,23,990.0
1999,4,21,7,30,158,17,166,48,786,394,4,23,63.870000000000005,0,0.138,0.0,5.526,176.0,100.0,23,990.0
1999,4,21,8,0,225,46,250,50,840,514,4,23,56.57,0,0.138,0.0,5.521,175.9,100.0,24,990.0
1999,4,21,8,30,266,39,292,54,877,626,4,23,49.300000000000004,0,0.138,0.0,5.5200000000000005,175.9,100.0,24,990.0
1999,4,21,9,0,304,47,339,56,904,727,4,24,42.08,1,0.138,0.0,5.5200000000000005,171.5,100.0,25,990.0
1999,4,21,9,30,281,17,295,58,923,815,4,24,34.94,0,0.138,0.0,5.524,171.5,94.46000000000001,25,980.0
1999,4,21,10,0,272,14,284,61,937,888,4,23,27.97,0,0.138,0.0,5.529,164.20000000000002,87.33,26,980.0
1999,4,21,10,30,370,28,396,62,947,944,4,23,21.31,0,0.138,0.0,5.527,164.20000000000002,87.29,26,980.0
1999,4,21,11,0,343,20,363,64,952,983,4,23,15.38,0,0.138,0.0,5.526,156.8,85.88,27,980.0
1999,4,21,11,30,428,39,466,64,956,1001,4,23,11.39,0,0.138,0.0,5.524,156.8,85.83,27,980.0
1999,4,21,12,0,493,92,583,65,955,1001,4,23,11.57,0,0.138,0.0,5.523,152.70000000000002,81.04,27,980.0
1999,4,21,12,30,497,136,629,65,952,981,4,23,15.76,0,0.138,0.0,5.521,152.70000000000002,81.0,27,980.0
1999,4,21,13,0,439,177,604,65,945,943,4,23,21.77,1,0.138,0.0,5.5200000000000005,149.0,81.56,27,980.0
1999,4,21,13,30,412,176,567,63,935,886,4,23,28.46,1,0.138,0.0,5.524,149.0,81.53,27,980.0
1999,4,21,14,0,378,174,520,62,920,812,4,23,35.45,1,0.138,0.0,5.529,145.0,83.34,27,980.0
1999,4,21,14,30,59,900,722,59,900,722,0,23,42.59,1,0.138,0.0,5.534,145.0,83.33,27,980.0
1999,4,21,15,0,56,873,620,56,873,620,0,24,49.81,1,0.138,0.0,5.54,151.6,86.60000000000001,27,980.0
1999,4,21,15,30,53,835,507,53,835,507,0,24,57.08,0,0.138,0.0,5.533,151.6,91.84,26,980.0
1999,4,21,16,0,48,782,386,48,782,386,0,25,64.39,1,0.138,0.0,5.527,148.8,94.39,26,980.0
1999,4,21,16,30,41,703,262,41,703,262,0,25,71.71000000000001,1,0.138,0.0,5.509,148.8,100.0,26,980.0
1999,4,21,17,0,32,571,141,32,571,141,0,25,79.04,1,0.138,0.1,5.4910000000000005,174.8,100.0,26,980.0
1999,4,21,17,30,17,319,37,17,319,37,1,25,86.38,1,0.138,0.2,5.472,174.8,100.0,25,980.0
1999,4,21,18,0,0,0,0,0,0,0,1,24,93.72,1,0.138,0.30000000000000004,5.454,170.60000000000002,98.16,25,980.0
1999,4,21,18,30,0,0,0,0,0,0,1,24,101.05,0,0.138,0.30000000000000004,5.425,170.60000000000002,98.19,25,980.0
1999,4,21,19,0,0,0,0,0,0,0,1,24,108.37,1,0.138,0.4,5.396,153.8,96.27,25,980.0
1999,4,21,19,30,0,0,0,0,0,0,1,24,115.66,1,0.138,0.4,5.3580000000000005,153.8,100.0,24,980.0
1999,4,21,20,0,0,0,0,0,0,0,1,24,122.93,1,0.138,0.4,5.32,142.20000000000002,100.0,24,980.0
1999,4,21,20,30,0,0,0,0,0,0,1,24,130.14000000000001,1,0.138,0.4,5.277,142.20000000000002,100.0,24,980.0
1999,4,21,21,0,0,0,0,0,0,0,1,23,137.28,1,0.138,0.5,5.235,133.70000000000002,99.49000000000001,24,980.0
1999,4,21,21,30,0,0,0,0,0,0,1,23,144.3,0,0.138,0.5,5.202,133.70000000000002,100.0,24,980.0
1999,4,21,22,0,0,0,0,0,0,0,0,23,151.1,0,0.138,0.5,5.17,130.4,100.0,24,980.0
1999,4,21,22,30,0,0,0,0,0,0,0,23,157.49,0,0.138,0.5,5.152,130.4,100.0,23,980.0
1999,4,21,23,0,0,0,0,0,0,0,0,23,163.0,0,0.138,0.5,5.135,139.1,100.0,23,980.0
1999,4,21,23,30,0,0,0,0,0,0,0,23,166.5,1,0.138,0.5,5.128,139.1,100.0,23,980.0
1999,4,22,0,0,0,0,0,0,0,0,0,23,166.34,1,0.138,0.5,5.121,166.5,100.0,23,980.0
1999,4,22,0,30,0,0,0,0,0,0,0,22,162.62,0,0.138,0.5,5.1160000000000005,166.5,100.0,23,980.0
1999,4,22,1,0,0,0,0,0,0,0,1,22,157.01,0,0.138,0.6000000000000001,5.111,198.10000000000002,100.0,23,980.0
1999,4,22,1,30,0,0,0,0,0,0,7,22,150.58,0,0.138,0.6000000000000001,5.099,198.10000000000002,100.0,22,980.0
1999,4,22,2,0,0,0,0,0,0,0,7,22,143.75,0,0.138,0.6000000000000001,5.087,214.9,100.0,22,980.0
1999,4,22,2,30,0,0,0,0,0,0,1,21,136.72,0,0.138,0.5,5.063,214.9,100.0,21,980.0
1999,4,22,3,0,0,0,0,0,0,0,3,21,129.58,0,0.138,0.4,5.039,220.20000000000002,100.0,21,980.0
1999,4,22,3,30,0,0,0,0,0,0,3,21,122.36,0,0.138,0.30000000000000004,5.015,220.20000000000002,100.0,21,980.0
1999,4,22,4,0,0,0,0,0,0,0,7,21,115.10000000000001,0,0.138,0.2,4.9910000000000005,220.60000000000002,100.0,21,980.0
1999,4,22,4,30,0,0,0,0,0,0,4,21,107.8,0,0.138,0.1,4.977,220.60000000000002,100.0,21,980.0
1999,4,22,5,0,0,0,0,0,0,0,4,21,100.49000000000001,0,0.138,0.1,4.963,219.8,100.0,21,980.0
1999,4,22,5,30,0,0,0,0,0,0,8,21,93.16,0,0.138,0.0,4.963,219.8,100.0,21,980.0
1999,4,22,6,0,18,0,18,19,340,44,8,22,85.82000000000001,4,0.138,0.0,4.963,219.3,100.0,22,980.0
1999,4,22,6,30,63,0,63,35,580,151,8,22,78.49,0,0.138,0.0,4.981,219.3,100.0,22,990.0
1999,4,22,7,0,13,0,13,43,710,273,4,23,71.17,0,0.138,0.0,5.0,215.0,100.0,23,990.0
1999,4,22,7,30,42,0,42,50,787,397,8,23,63.85,0,0.138,0.0,5.03,215.0,100.0,24,990.0
1999,4,22,8,0,133,0,133,54,840,517,8,24,56.56,0,0.138,0.0,5.061,204.60000000000002,100.0,25,990.0
1999,4,22,8,30,133,0,133,57,876,629,8,24,49.300000000000004,0,0.138,0.0,5.104,204.60000000000002,100.0,25,990.0
1999,4,22,9,0,33,0,33,61,902,731,8,24,42.1,0,0.138,0.0,5.148,202.70000000000002,96.78,26,990.0
1999,4,22,9,30,82,0,82,63,922,819,8,24,34.99,0,0.138,0.0,5.192,202.70000000000002,91.21000000000001,26,990.0
1999,4,22,10,0,177,6,183,65,935,891,8,23,28.05,0,0.138,0.0,5.237,198.5,82.48,27,990.0
1999,4,22,10,30,387,33,418,67,945,947,8,23,21.43,0,0.138,0.0,5.284,198.5,82.45,27,990.0
1999,4,22,11,0,219,11,230,68,951,984,4,23,15.58,0,0.138,0.0,5.332,189.70000000000002,81.19,28,990.0
1999,4,22,11,30,243,13,256,68,954,1002,4,23,11.700000000000001,0,0.138,0.0,5.378,189.70000000000002,81.14,28,980.0
1999,4,22,12,0,396,29,425,69,953,1002,4,23,11.9,0,0.138,0.0,5.425,178.8,76.67,28,980.0
1999,4,22,12,30,471,325,785,68,949,981,7,23,16.03,0,0.138,0.0,5.462,178.8,76.63,28,980.0
1999,4,22,13,0,461,278,719,68,942,942,8,23,21.97,0,0.138,0.0,5.5,170.60000000000002,77.07000000000001,28,980.0
1999,4,22,13,30,66,932,885,66,932,885,0,23,28.62,0,0.138,0.0,5.525,170.60000000000002,81.66,28,980.0
1999,4,22,14,0,65,917,810,65,917,810,1,23,35.59,0,0.138,0.0,5.55,161.60000000000002,82.77,28,980.0
1999,4,22,14,30,62,896,721,62,896,721,0,23,42.7,0,0.138,0.0,5.563,161.60000000000002,82.75,27,980.0
1999,4,22,15,0,59,869,619,59,869,619,0,24,49.910000000000004,0,0.138,0.0,5.5760000000000005,157.8,86.33,27,980.0
1999,4,22,15,30,55,831,506,55,831,506,0,24,57.17,0,0.138,0.0,5.574,157.8,91.54,27,980.0
1999,4,22,16,0,50,778,385,50,778,385,0,25,64.46000000000001,0,0.138,0.0,5.572,150.6,95.29,27,980.0
1999,4,22,16,30,43,697,261,43,697,261,0,25,71.78,0,0.138,0.0,5.5520000000000005,150.6,95.31,26,980.0
1999,4,22,17,0,33,564,140,33,564,140,0,25,79.10000000000001,0,0.138,0.1,5.533,154.4,96.88,26,980.0
1999,4,22,17,30,17,311,36,17,311,36,0,25,86.43,0,0.138,0.2,5.5120000000000005,154.4,100.0,25,980.0
1999,4,22,18,0,0,0,0,0,0,0,0,24,93.76,0,0.138,0.4,5.492,157.10000000000002,98.88,25,980.0
1999,4,22,18,30,0,0,0,0,0,0,3,24,101.08,0,0.138,0.4,5.464,157.10000000000002,100.0,24,980.0
1999,4,22,19,0,0,0,0,0,0,0,3,24,108.38,1,0.137,0.4,5.437,161.20000000000002,100.0,24,980.0
1999,4,22,19,30,0,0,0,0,0,0,0,23,115.67,0,0.137,0.4,5.406,161.20000000000002,100.0,24,980.0
1999,4,22,20,0,0,0,0,0,0,0,0,23,122.92,0,0.137,0.4,5.375,165.5,100.0,24,980.0
1999,4,22,20,30,0,0,0,0,0,0,0,23,130.12,0,0.137,0.30000000000000004,5.3500000000000005,165.5,100.0,23,980.0
1999,4,22,21,0,0,0,0,0,0,0,0,23,137.24,0,0.137,0.30000000000000004,5.325,170.5,100.0,23,990.0
1999,4,22,21,30,0,0,0,0,0,0,7,23,144.23,0,0.137,0.30000000000000004,5.305,170.5,100.0,23,990.0
1999,4,22,22,0,0,0,0,0,0,0,7,23,151.0,0,0.137,0.4,5.285,174.60000000000002,100.0,23,990.0
1999,4,22,22,30,0,0,0,0,0,0,3,23,157.34,0,0.137,0.4,5.265,174.60000000000002,100.0,23,980.0
1999,4,22,23,0,0,0,0,0,0,0,3,23,162.78,0,0.137,0.4,5.246,178.5,100.0,23,980.0
1999,4,22,23,30,0,0,0,0,0,0,3,22,166.19,1,0.137,0.4,5.219,178.5,100.0,23,980.0
1999,4,23,0,0,0,0,0,0,0,0,3,22,166.0,1,0.137,0.4,5.192,183.9,100.0,23,980.0
1999,4,23,0,30,0,0,0,0,0,0,3,22,162.34,0,0.137,0.4,5.167,183.9,100.0,22,980.0
1999,4,23,1,0,0,0,0,0,0,0,3,22,156.79,0,0.137,0.4,5.142,189.5,100.0,22,980.0
1999,4,23,1,30,0,0,0,0,0,0,3,22,150.39000000000001,0,0.137,0.4,5.121,189.5,100.0,22,980.0
1999,4,23,2,0,0,0,0,0,0,0,7,22,143.6,0,0.137,0.4,5.1000000000000005,195.4,100.0,22,980.0
1999,4,23,2,30,0,0,0,0,0,0,7,22,136.59,0,0.137,0.4,5.093,195.4,100.0,22,980.0
1999,4,23,3,0,0,0,0,0,0,0,7,22,129.46,0,0.137,0.4,5.086,199.8,100.0,22,980.0
1999,4,23,3,30,0,0,0,0,0,0,7,21,122.26,0,0.137,0.30000000000000004,5.095,199.8,100.0,22,980.0
1999,4,23,4,0,0,0,0,0,0,0,8,21,115.01,0,0.137,0.30000000000000004,5.104,204.4,100.0,22,980.0
1999,4,23,4,30,0,0,0,0,0,0,8,21,107.72,0,0.137,0.2,5.122,204.4,100.0,21,980.0
1999,4,23,5,0,0,0,0,0,0,0,7,21,100.42,0,0.137,0.1,5.141,209.4,100.0,21,980.0
1999,4,23,5,30,0,0,0,0,0,0,8,21,93.10000000000001,0,0.137,0.0,5.164,209.4,100.0,21,990.0
1999,4,23,6,0,10,0,10,20,324,44,8,22,85.78,4,0.137,0.0,5.188,213.3,100.0,22,990.0
1999,4,23,6,30,36,0,36,38,565,151,7,22,78.45,0,0.137,0.0,5.215,213.3,100.0,22,990.0
1999,4,23,7,0,127,150,176,48,696,273,8,23,71.14,0,0.137,0.0,5.244,217.5,100.0,23,990.0
1999,4,23,7,30,186,141,248,55,775,397,7,23,63.83,0,0.137,0.0,5.276,217.5,100.0,24,990.0
1999,4,23,8,0,239,235,369,58,832,517,7,24,56.550000000000004,0,0.137,0.0,5.3100000000000005,211.5,100.0,25,990.0
1999,4,23,8,30,265,39,291,62,868,629,7,24,49.31,0,0.137,0.0,5.356,211.5,100.0,25,990.0
1999,4,23,9,0,273,21,289,64,897,730,8,24,42.12,0,0.137,0.0,5.4030000000000005,199.60000000000002,98.31,25,990.0
1999,4,23,9,30,321,28,344,67,916,817,4,24,35.04,0,0.137,0.0,5.452,199.60000000000002,98.3,26,990.0
1999,4,23,10,0,404,57,454,68,931,889,4,24,28.13,0,0.137,0.0,5.502,185.9,88.82000000000001,27,990.0
1999,4,23,10,30,392,35,425,69,941,945,4,24,21.56,0,0.137,0.0,5.545,185.9,88.79,27,990.0
1999,4,23,11,0,470,76,543,70,947,982,8,23,15.790000000000001,0,0.137,0.0,5.589,175.60000000000002,81.81,27,990.0
1999,4,23,11,30,457,98,553,70,950,1000,8,23,12.01,4,0.137,0.0,5.6160000000000005,175.60000000000002,81.76,27,990.0
1999,4,23,12,0,456,98,553,71,949,999,8,23,12.23,4,0.137,0.0,5.643,168.5,81.58,28,980.0
1999,4,23,12,30,326,500,806,70,946,979,8,23,16.29,4,0.137,0.0,5.664,168.5,81.53,28,980.0
1999,4,23,13,0,415,387,774,69,939,939,8,23,22.18,0,0.137,0.0,5.686,160.8,82.2,28,980.0
1999,4,23,13,30,421,81,492,68,929,882,3,23,28.79,0,0.137,0.0,5.714,160.8,82.16,27,980.0
1999,4,23,14,0,368,346,650,66,914,808,7,24,35.72,0,0.137,0.0,5.743,162.20000000000002,84.92,27,980.0
1999,4,23,14,30,63,893,719,63,893,719,1,24,42.82,0,0.137,0.0,5.764,162.20000000000002,84.9,27,980.0
1999,4,23,15,0,60,865,617,60,865,617,0,24,50.01,0,0.137,0.0,5.785,158.70000000000002,88.71000000000001,27,980.0
1999,4,23,15,30,56,827,504,56,827,504,0,24,57.26,0,0.137,0.0,5.8020000000000005,158.70000000000002,94.07000000000001,26,980.0
1999,4,23,16,0,162,28,174,51,773,383,3,25,64.54,0,0.137,0.0,5.819,157.10000000000002,96.35000000000001,26,980.0
1999,4,23,16,30,18,0,18,44,691,260,4,25,71.84,0,0.137,0.0,5.823,157.10000000000002,100.0,26,980.0
1999,4,23,17,0,9,0,9,34,557,139,4,25,79.15,4,0.137,0.0,5.827,161.60000000000002,100.0,26,980.0
1999,4,23,17,30,2,0,2,17,302,36,3,25,86.47,4,0.137,0.1,5.822,161.60000000000002,100.0,25,980.0
1999,4,23,18,0,0,0,0,0,0,0,1,25,93.79,0,0.137,0.2,5.8180000000000005,172.60000000000002,100.0,25,980.0
1999,4,23,18,30,0,0,0,0,0,0,3,24,101.10000000000001,0,0.137,0.2,5.816,172.60000000000002,100.0,24,980.0
1999,4,23,19,0,0,0,0,0,0,0,3,24,108.4,1,0.137,0.30000000000000004,5.815,170.9,100.0,24,980.0
1999,4,23,19,30,0,0,0,0,0,0,8,24,115.67,0,0.137,0.2,5.821,170.9,100.0,24,980.0
1999,4,23,20,0,0,0,0,0,0,0,6,24,122.91,0,0.137,0.2,5.827,169.20000000000002,100.0,24,980.0
1999,4,23,20,30,0,0,0,0,0,0,6,24,130.09,0,0.137,0.2,5.832,169.20000000000002,100.0,24,990.0
1999,4,23,21,0,0,0,0,0,0,0,6,24,137.19,0,0.137,0.2,5.838,168.3,100.0,24,990.0
1999,4,23,21,30,0,0,0,0,0,0,6,23,144.16,0,0.137,0.1,5.832,168.3,100.0,24,990.0
1999,4,23,22,0,0,0,0,0,0,0,6,23,150.9,0,0.137,0.1,5.827,172.0,100.0,24,990.0
1999,4,23,22,30,0,0,0,0,0,0,6,23,157.19,0,0.137,0.0,5.807,172.0,100.0,23,990.0
1999,4,23,23,0,0,0,0,0,0,0,6,23,162.55,0,0.137,0.0,5.788,195.60000000000002,100.0,23,990.0
1999,4,23,23,30,0,0,0,0,0,0,6,23,165.88,1,0.137,0.0,5.758,195.60000000000002,100.0,23,980.0
1999,4,24,0,0,0,0,0,0,0,0,4,23,165.67000000000002,1,0.137,0.0,5.728,204.9,100.0,23,980.0
1999,4,24,0,30,0,0,0,0,0,0,4,23,162.06,0,0.137,0.0,5.689,204.9,100.0,23,980.0
1999,4,24,1,0,0,0,0,0,0,0,8,23,156.56,0,0.137,0.0,5.651,206.9,100.0,23,980.0
1999,4,24,1,30,0,0,0,0,0,0,7,22,150.21,0,0.137,0.0,5.612,206.9,100.0,23,980.0
1999,4,24,2,0,0,0,0,0,0,0,7,22,143.44,0,0.137,0.0,5.574,205.0,100.0,23,980.0
1999,4,24,2,30,0,0,0,0,0,0,7,22,136.46,0,0.137,0.0,5.542,205.0,100.0,22,980.0
1999,4,24,3,0,0,0,0,0,0,0,7,22,129.35,0,0.137,0.0,5.5120000000000005,201.20000000000002,100.0,22,980.0
1999,4,24,3,30,0,0,0,0,0,0,7,22,122.16,0,0.137,0.0,5.488,201.20000000000002,100.0,22,980.0
1999,4,24,4,0,0,0,0,0,0,0,8,22,114.92,0,0.137,0.0,5.464,198.5,100.0,22,980.0
1999,4,24,4,30,0,0,0,0,0,0,8,22,107.65,0,0.137,0.0,5.45,198.5,100.0,22,980.0
1999,4,24,5,0,0,0,0,0,0,0,8,22,100.35000000000001,0,0.137,0.0,5.436,198.0,100.0,22,980.0
1999,4,24,5,30,0,0,0,0,0,0,7,22,93.05,0,0.137,0.0,5.43,198.0,100.0,22,980.0
1999,4,24,6,0,2,0,2,19,333,44,8,22,85.73,4,0.137,0.0,5.424,201.60000000000002,100.0,22,990.0
1999,4,24,6,30,8,0,8,36,572,151,6,22,78.42,0,0.137,0.0,5.425,201.60000000000002,100.0,22,990.0
1999,4,24,7,0,20,0,20,46,699,273,6,22,71.11,0,0.137,0.0,5.4270000000000005,210.4,100.0,22,990.0
1999,4,24,7,30,38,0,38,53,778,396,6,22,63.82,0,0.137,0.0,5.432,210.4,100.0,22,990.0
1999,4,24,8,0,74,0,74,59,830,516,6,23,56.550000000000004,0,0.137,0.0,5.438,215.9,100.0,23,990.0
1999,4,24,8,30,135,0,135,63,867,628,6,23,49.32,0,0.137,0.0,5.444,215.9,100.0,23,990.0
1999,4,24,9,0,221,10,229,66,894,729,8,23,42.15,0,0.137,0.0,5.4510000000000005,211.10000000000002,100.0,24,990.0
1999,4,24,9,30,341,37,372,69,913,817,8,23,35.09,0,0.137,0.0,5.465,211.10000000000002,100.0,24,990.0
1999,4,24,10,0,384,43,423,71,928,889,8,23,28.21,0,0.137,0.0,5.481,208.10000000000002,98.58,24,990.0
1999,4,24,10,30,428,55,480,73,938,944,8,23,21.7,0,0.137,0.0,5.503,208.10000000000002,98.55,24,990.0
1999,4,24,11,0,491,117,604,74,943,982,8,23,16.0,0,0.137,0.0,5.526,199.9,91.71000000000001,25,990.0
1999,4,24,11,30,496,263,753,75,946,1000,8,23,12.31,0,0.137,0.0,5.553,199.9,91.66,25,990.0
1999,4,24,12,0,503,127,628,75,946,999,3,23,12.56,0,0.137,0.0,5.581,185.8,85.25,26,990.0
1999,4,24,12,30,75,942,978,75,942,978,0,23,16.56,0,0.137,0.0,5.6080000000000005,185.8,85.19,26,980.0
1999,4,24,13,0,74,935,939,74,935,939,0,23,22.39,0,0.137,0.0,5.635,177.60000000000002,85.23,26,980.0
1999,4,24,13,30,73,924,882,73,924,882,0,23,28.95,0,0.137,0.0,5.651,177.60000000000002,90.37,26,980.0
1999,4,24,14,0,71,908,808,71,908,808,0,23,35.86,0,0.137,0.0,5.6690000000000005,170.3,92.09,26,980.0
1999,4,24,14,30,68,888,718,68,888,718,0,23,42.94,0,0.137,0.0,5.675,170.3,92.07000000000001,25,980.0
1999,4,24,15,0,65,859,616,65,859,616,0,24,50.11,0,0.137,0.0,5.681,156.5,94.86,25,980.0
1999,4,24,15,30,60,820,503,60,820,503,0,24,57.34,0,0.137,0.0,5.6690000000000005,156.5,100.0,25,980.0
1999,4,24,16,0,55,764,383,55,764,383,0,24,64.61,0,0.137,0.0,5.658,130.3,100.0,25,980.0
1999,4,24,16,30,47,682,259,47,682,259,0,24,71.9,0,0.137,0.0,5.635,130.3,100.0,24,980.0
1999,4,24,17,0,36,546,138,36,546,138,7,24,79.21000000000001,4,0.137,0.1,5.613,128.5,100.0,24,980.0
1999,4,24,17,30,17,287,35,17,287,35,7,24,86.51,4,0.137,0.2,5.595,128.5,100.0,24,980.0
1999,4,24,18,0,0,0,0,0,0,0,7,24,93.82000000000001,0,0.137,0.30000000000000004,5.578,127.0,100.0,24,980.0
1999,4,24,18,30,0,0,0,0,0,0,8,23,101.13,0,0.137,0.30000000000000004,5.564,127.0,100.0,24,980.0
1999,4,24,19,0,0,0,0,0,0,0,8,23,108.41,1,0.137,0.4,5.5520000000000005,128.70000000000002,100.0,24,980.0
1999,4,24,19,30,0,0,0,0,0,0,8,23,115.67,0,0.137,0.4,5.5360000000000005,128.70000000000002,100.0,23,980.0
1999,4,24,20,0,0,0,0,0,0,0,7,23,122.9,0,0.137,0.4,5.521,145.70000000000002,100.0,23,990.0
1999,4,24,20,30,0,0,0,0,0,0,6,23,130.07,0,0.137,0.4,5.5,145.70000000000002,100.0,23,990.0
1999,4,24,21,0,0,0,0,0,0,0,8,23,137.15,0,0.137,0.4,5.48,181.20000000000002,100.0,23,990.0
1999,4,24,21,30,0,0,0,0,0,0,7,22,144.09,0,0.137,0.30000000000000004,5.457,181.20000000000002,100.0,22,990.0
1999,4,24,22,0,0,0,0,0,0,0,8,22,150.79,0,0.137,0.30000000000000004,5.4350000000000005,206.0,100.0,22,990.0
1999,4,24,22,30,0,0,0,0,0,0,8,22,157.03,0,0.137,0.2,5.412,206.0,100.0,22,990.0
1999,4,24,23,0,0,0,0,0,0,0,7,22,162.32,0,0.137,0.2,5.389,221.20000000000002,100.0,22,990.0
1999,4,24,23,30,0,0,0,0,0,0,7,22,165.57,1,0.137,0.1,5.371,221.20000000000002,100.0,22,980.0
1999,4,25,0,0,0,0,0,0,0,0,8,22,165.34,1,0.137,0.0,5.354,230.10000000000002,100.0,22,980.0
1999,4,25,0,30,0,0,0,0,0,0,8,22,161.78,0,0.137,0.0,5.339,230.10000000000002,100.0,22,980.0
1999,4,25,1,0,0,0,0,0,0,0,8,22,156.34,0,0.137,0.0,5.325,232.60000000000002,100.0,22,980.0
1999,4,25,1,30,0,0,0,0,0,0,4,21,150.03,0,0.137,0.0,5.3100000000000005,232.60000000000002,100.0,22,980.0
1999,4,25,2,0,0,0,0,0,0,0,4,21,143.29,0,0.137,0.0,5.296,231.20000000000002,100.0,22,980.0
1999,4,25,2,30,0,0,0,0,0,0,4,21,136.33,0,0.137,0.0,5.287,231.20000000000002,100.0,21,980.0
1999,4,25,3,0,0,0,0,0,0,0,8,21,129.24,0,0.137,0.0,5.279,228.4,100.0,21,980.0
1999,4,25,3,30,0,0,0,0,0,0,8,21,122.06,0,0.137,0.0,5.275,228.4,100.0,21,980.0
1999,4,25,4,0,0,0,0,0,0,0,8,21,114.84,0,0.137,0.0,5.271,229.20000000000002,100.0,21,980.0
1999,4,25,4,30,0,0,0,0,0,0,4,21,107.58,0,0.137,0.0,5.272,229.20000000000002,100.0,21,980.0
1999,4,25,5,0,0,0,0,0,0,0,4,21,100.29,0,0.137,0.0,5.274,231.70000000000002,100.0,21,980.0
1999,4,25,5,30,0,0,0,0,0,0,4,21,92.99,0,0.137,0.0,5.2780000000000005,231.70000000000002,100.0,21,980.0
1999,4,25,6,0,9,0,9,20,336,45,4,21,85.69,4,0.137,0.0,5.283,233.9,100.0,21,990.0
1999,4,25,6,30,30,0,30,36,573,152,4,21,78.38,0,0.137,0.0,5.291,233.9,100.0,21,990.0
1999,4,25,7,0,76,0,76,45,703,273,4,22,71.09,0,0.137,0.0,5.3,233.70000000000002,100.0,22,990.0
1999,4,25,7,30,163,23,173,52,780,397,4,22,63.81,0,0.137,0.0,5.3100000000000005,233.70000000000002,100.0,22,990.0
1999,4,25,8,0,171,4,173,56,834,516,4,23,56.550000000000004,0,0.137,0.0,5.321,228.70000000000002,100.0,23,990.0
1999,4,25,8,30,276,51,309,60,870,627,4,23,49.34,0,0.137,0.0,5.338,228.70000000000002,100.0,23,990.0
1999,4,25,9,0,296,32,320,63,897,728,4,23,42.19,0,0.137,0.0,5.356,225.10000000000002,97.56,24,990.0
1999,4,25,9,30,278,17,292,65,917,815,4,23,35.15,0,0.137,0.0,5.381,225.10000000000002,97.55,24,990.0
1999,4,25,10,0,318,21,337,67,931,887,4,23,28.3,0,0.137,0.0,5.407,221.8,89.82000000000001,25,990.0
1999,4,25,10,30,455,85,535,69,941,942,4,23,21.830000000000002,0,0.137,0.0,5.431,221.8,89.78,25,990.0
1999,4,25,11,0,497,191,680,70,947,979,4,22,16.21,0,0.137,0.0,5.456,219.3,83.01,26,990.0
1999,4,25,11,30,501,234,730,70,949,997,3,22,12.620000000000001,0,0.137,0.0,5.479,219.3,82.97,26,980.0
1999,4,25,12,0,502,228,725,70,949,996,4,22,12.88,0,0.137,0.0,5.502,218.8,83.3,27,980.0
1999,4,25,12,30,487,114,596,70,946,975,3,22,16.82,0,0.137,0.0,5.524,218.8,83.26,27,980.0
1999,4,25,13,0,459,271,710,69,939,936,3,23,22.59,0,0.137,0.0,5.547,219.9,84.0,27,980.0
1999,4,25,13,30,406,344,707,67,929,879,8,23,29.12,0,0.137,0.0,5.5680000000000005,219.9,83.96000000000001,26,980.0
1999,4,25,14,0,372,325,636,65,914,805,3,23,35.99,0,0.137,0.0,5.59,219.0,85.09,26,980.0
1999,4,25,14,30,62,893,716,62,893,716,0,23,43.050000000000004,0,0.137,0.0,5.601,219.0,85.06,26,980.0
1999,4,25,15,0,59,866,613,59,866,613,0,23,50.21,0,0.137,0.0,5.612,215.10000000000002,88.15,26,980.0
1999,4,25,15,30,55,828,501,55,828,501,0,23,57.43,0,0.137,0.0,5.611,215.10000000000002,93.51,26,980.0
1999,4,25,16,0,49,775,381,49,775,381,0,24,64.68,0,0.137,0.0,5.61,223.5,96.99000000000001,26,980.0
1999,4,25,16,30,43,694,258,43,694,258,0,24,71.96000000000001,0,0.137,0.0,5.6000000000000005,223.5,97.0,25,980.0
1999,4,25,17,0,33,560,137,33,560,137,0,24,79.26,0,0.137,0.1,5.591,235.60000000000002,98.69,25,980.0
1999,4,25,17,30,16,304,35,16,304,35,0,24,86.56,0,0.137,0.2,5.581,235.60000000000002,100.0,24,980.0
1999,4,25,18,0,0,0,0,0,0,0,0,24,93.86,0,0.137,0.30000000000000004,5.572,266.40000000000003,100.0,24,980.0
1999,4,25,18,30,0,0,0,0,0,0,0,24,101.15,0,0.137,0.30000000000000004,5.559,266.40000000000003,100.0,24,980.0
1999,4,25,19,0,0,0,0,0,0,0,0,23,108.42,1,0.137,0.4,5.547,286.6,98.33,24,980.0
1999,4,25,19,30,0,0,0,0,0,0,0,23,115.67,0,0.137,0.4,5.526,286.6,98.36,24,980.0
1999,4,25,20,0,0,0,0,0,0,0,3,23,122.88,0,0.137,0.4,5.506,295.5,96.97,24,980.0
1999,4,25,20,30,0,0,0,0,0,0,0,23,130.03,0,0.137,0.4,5.48,295.5,100.0,24,980.0
1999,4,25,21,0,0,0,0,0,0,0,3,23,137.1,0,0.137,0.4,5.454,303.7,100.0,24,980.0
1999,4,25,21,30,0,0,0,0,0,0,3,23,144.01,0,0.137,0.4,5.432,303.7,100.0,23,980.0
1999,4,25,22,0,0,0,0,0,0,0,3,23,150.68,0,0.137,0.4,5.4110000000000005,312.8,100.0,23,980.0
1999,4,25,22,30,0,0,0,0,0,0,3,23,156.87,0,0.137,0.4,5.392,312.8,100.0,23,980.0
1999,4,25,23,0,0,0,0,0,0,0,3,23,162.09,0,0.137,0.4,5.3740000000000006,317.90000000000003,100.0,23,980.0
1999,4,25,23,30,0,0,0,0,0,0,3,23,165.26,0,0.137,0.4,5.353,317.90000000000003,100.0,23,980.0
1999,4,26,0,0,0,0,0,0,0,0,3,22,165.02,1,0.137,0.4,5.332,318.6,99.16,23,980.0
1999,4,26,0,30,0,0,0,0,0,0,7,22,161.5,0,0.137,0.4,5.313,318.6,100.0,23,980.0
1999,4,26,1,0,0,0,0,0,0,0,7,22,156.12,0,0.137,0.4,5.295,312.70000000000005,100.0,23,980.0
1999,4,26,1,30,0,0,0,0,0,0,1,22,149.85,0,0.137,0.4,5.282,312.70000000000005,100.0,22,980.0
1999,4,26,2,0,0,0,0,0,0,0,1,22,143.14000000000001,0,0.137,0.5,5.269,299.0,100.0,22,980.0
1999,4,26,2,30,0,0,0,0,0,0,0,22,136.2,0,0.137,0.5,5.259,299.0,100.0,22,980.0
1999,4,26,3,0,0,0,0,0,0,0,3,22,129.13,0,0.137,0.5,5.249,287.2,100.0,22,980.0
1999,4,26,3,30,0,0,0,0,0,0,3,22,121.97,0,0.137,0.5,5.238,287.2,100.0,22,980.0
1999,4,26,4,0,0,0,0,0,0,0,3,22,114.75,0,0.137,0.6000000000000001,5.227,283.90000000000003,100.0,22,980.0
1999,4,26,4,30,0,0,0,0,0,0,1,21,107.5,0,0.137,0.6000000000000001,5.215,283.90000000000003,100.0,21,980.0
1999,4,26,5,0,0,0,0,0,0,0,0,21,100.23,0,0.137,0.6000000000000001,5.204,284.5,100.0,21,980.0
1999,4,26,5,30,0,0,0,0,0,0,0,21,92.94,0,0.137,0.4,5.197,284.5,100.0,21,980.0
1999,4,26,6,0,20,339,46,20,339,46,0,22,85.65,0,0.137,0.30000000000000004,5.191,284.6,100.0,22,980.0
1999,4,26,6,30,36,575,152,36,575,152,0,22,78.35000000000001,0,0.137,0.1,5.197,284.6,100.0,22,980.0
1999,4,26,7,0,46,701,274,46,701,274,0,23,71.07000000000001,0,0.137,0.0,5.203,269.7,100.0,23,980.0
1999,4,26,7,30,53,779,397,53,779,397,0,23,63.800000000000004,0,0.137,0.0,5.219,269.7,100.0,23,980.0
1999,4,26,8,0,57,833,516,57,833,516,0,24,56.550000000000004,0,0.137,0.0,5.235,291.40000000000003,100.0,24,990.0
1999,4,26,8,30,61,870,627,61,870,627,0,24,49.35,0,0.137,0.0,5.257,291.40000000000003,100.0,24,990.0
1999,4,26,9,0,295,32,319,63,897,728,2,24,42.22,0,0.137,0.0,5.279,316.70000000000005,94.5,25,990.0
1999,4,26,9,30,66,916,815,66,916,815,1,24,35.21,0,0.137,0.0,5.299,316.70000000000005,94.48,26,990.0
1999,4,26,10,0,68,931,887,68,931,887,0,23,28.39,0,0.137,0.0,5.32,151.70000000000002,84.78,27,990.0
1999,4,26,10,30,449,78,522,69,940,941,2,23,21.97,0,0.137,0.0,5.344,151.70000000000002,84.74,27,980.0
1999,4,26,11,0,69,947,978,69,947,978,0,23,16.43,0,0.137,0.0,5.368,157.70000000000002,79.12,27,980.0
1999,4,26,11,30,70,950,996,70,950,996,1,23,12.92,0,0.137,0.0,5.389,157.70000000000002,79.08,27,980.0
1999,4,26,12,0,69,950,994,69,950,994,0,23,13.200000000000001,0,0.137,0.0,5.4110000000000005,174.5,74.91,28,980.0
1999,4,26,12,30,494,194,679,69,946,974,3,23,17.080000000000002,0,0.137,0.0,5.432,174.5,74.85000000000001,28,980.0
1999,4,26,13,0,68,939,934,68,939,934,0,23,22.79,0,0.137,0.0,5.453,189.4,75.38,28,980.0
1999,4,26,13,30,67,929,877,67,929,877,0,23,29.28,0,0.137,0.0,5.473,189.4,75.35000000000001,28,980.0
1999,4,26,14,0,65,914,803,65,914,803,0,23,36.13,0,0.137,0.0,5.494,198.4,76.01,28,980.0
1999,4,26,14,30,346,220,506,62,893,714,8,23,43.160000000000004,0,0.137,0.0,5.501,198.4,80.54,28,980.0
1999,4,26,15,0,295,180,410,58,866,612,8,24,50.300000000000004,0,0.137,0.0,5.509,163.9,83.69,28,980.0
1999,4,26,15,30,185,461,433,54,828,500,8,24,57.51,0,0.137,0.0,5.514,163.9,83.69,27,980.0
1999,4,26,16,0,80,0,80,49,775,380,6,24,64.75,0,0.137,0.0,5.5200000000000005,43.800000000000004,85.48,27,980.0
1999,4,26,16,30,76,0,76,42,693,257,6,24,72.02,0,0.137,0.0,5.5280000000000005,43.800000000000004,90.67,26,980.0
1999,4,26,17,0,40,0,40,33,559,137,6,24,79.31,4,0.137,0.0,5.5360000000000005,65.9,93.34,26,980.0
1999,4,26,17,30,10,0,10,16,303,34,6,24,86.59,4,0.137,0.1,5.542,65.9,99.06,25,980.0
1999,4,26,18,0,0,0,0,0,0,0,7,24,93.89,0,0.137,0.2,5.55,104.7,97.96000000000001,25,980.0
1999,4,26,18,30,0,0,0,0,0,0,7,24,101.17,0,0.137,0.2,5.556,104.7,100.0,24,980.0
1999,4,26,19,0,0,0,0,0,0,0,7,24,108.43,1,0.137,0.2,5.562,100.5,100.0,24,980.0
1999,4,26,19,30,0,0,0,0,0,0,7,23,115.67,0,0.137,0.1,5.5600000000000005,100.5,100.0,24,980.0
1999,4,26,20,0,0,0,0,0,0,0,6,23,122.86,0,0.137,0.1,5.559,99.4,100.0,24,980.0
1999,4,26,20,30,0,0,0,0,0,0,6,23,130.0,0,0.137,0.1,5.548,99.4,100.0,23,980.0
1999,4,26,21,0,0,0,0,0,0,0,6,23,137.04,0,0.137,0.1,5.539,98.2,100.0,23,980.0
1999,4,26,21,30,0,0,0,0,0,0,6,23,143.93,0,0.137,0.1,5.522,98.2,100.0,23,980.0
1999,4,26,22,0,0,0,0,0,0,0,6,23,150.56,0,0.137,0.1,5.506,98.7,100.0,23,980.0
1999,4,26,22,30,0,0,0,0,0,0,6,23,156.70000000000002,0,0.137,0.1,5.497,98.7,100.0,23,980.0
1999,4,26,23,0,0,0,0,0,0,0,6,23,161.85,0,0.137,0.2,5.489,101.0,100.0,23,980.0
1999,4,26,23,30,0,0,0,0,0,0,7,22,164.95000000000002,0,0.137,0.30000000000000004,5.496,101.0,100.0,23,980.0
1999,4,27,0,0,0,0,0,0,0,0,6,22,164.70000000000002,0,0.137,0.4,5.503,101.2,100.0,23,980.0
1999,4,27,0,30,0,0,0,0,0,0,6,22,161.23,0,0.137,0.4,5.519,101.2,100.0,23,980.0
1999,4,27,1,0,0,0,0,0,0,0,6,23,155.89000000000001,0,0.137,0.4,5.5360000000000005,97.10000000000001,100.0,23,980.0
1999,4,27,1,30,0,0,0,0,0,0,6,23,149.67000000000002,0,0.137,0.2,5.556,97.10000000000001,100.0,23,980.0
1999,4,27,2,0,0,0,0,0,0,0,6,23,142.99,0,0.137,0.1,5.577,54.2,100.0,23,980.0
1999,4,27,2,30,0,0,0,0,0,0,6,22,136.08,0,0.137,0.1,5.613,54.2,100.0,23,980.0
1999,4,27,3,0,0,0,0,0,0,0,6,22,129.02,0,0.137,0.2,5.649,297.5,100.0,23,980.0
1999,4,27,3,30,0,0,0,0,0,0,6,22,121.87,0,0.137,0.2,5.705,297.5,100.0,23,980.0
1999,4,27,4,0,0,0,0,0,0,0,6,22,114.67,0,0.137,0.30000000000000004,5.763,300.40000000000003,100.0,23,980.0
1999,4,27,4,30,0,0,0,0,0,0,6,22,107.43,0,0.137,0.2,5.807,300.40000000000003,100.0,23,980.0
1999,4,27,5,0,0,0,0,0,0,0,7,22,100.17,0,0.137,0.2,5.851,329.70000000000005,100.0,23,980.0
1999,4,27,5,30,0,0,0,0,0,0,8,22,92.89,0,0.137,0.2,5.871,329.70000000000005,100.0,23,980.0
1999,4,27,6,0,21,0,21,20,338,46,7,22,85.61,0,0.137,0.2,5.892,346.70000000000005,100.0,23,980.0
1999,4,27,6,30,42,0,42,36,572,152,8,22,78.32000000000001,0,0.137,0.1,5.8950000000000005,346.70000000000005,100.0,23,980.0
1999,4,27,7,0,77,0,77,45,699,272,4,23,71.05,0,0.137,0.0,5.899,325.5,100.0,23,990.0
1999,4,27,7,30,128,0,128,52,776,395,4,23,63.79,0,0.137,0.0,5.904,325.5,100.0,23,990.0
1999,4,27,8,0,143,0,143,56,829,513,4,23,56.56,0,0.137,0.0,5.9110000000000005,342.5,100.0,23,990.0
1999,4,27,8,30,143,0,143,60,865,624,4,23,49.370000000000005,0,0.137,0.0,5.921,342.5,100.0,23,990.0
1999,4,27,9,0,226,10,235,63,892,724,4,23,42.26,0,0.137,0.0,5.932,8.6,100.0,24,990.0
1999,4,27,9,30,283,18,298,65,912,810,4,23,35.27,0,0.137,0.0,5.925,8.6,100.0,24,990.0
1999,4,27,10,0,357,31,385,67,926,882,4,24,28.490000000000002,0,0.137,0.0,5.9190000000000005,32.300000000000004,100.0,24,990.0
1999,4,27,10,30,372,29,399,69,936,936,4,24,22.12,0,0.137,0.0,5.89,32.300000000000004,100.0,24,990.0
1999,4,27,11,0,416,39,454,69,943,973,4,24,16.64,0,0.137,0.0,5.862,6.0,100.0,24,990.0
1999,4,27,11,30,453,55,507,70,946,991,3,24,13.22,0,0.137,0.0,5.815,6.0,100.0,24,990.0
1999,4,27,12,0,404,32,436,70,946,990,3,24,13.52,0,0.137,0.0,5.769,2.1,100.0,24,980.0
1999,4,27,12,30,493,183,668,69,943,970,8,24,17.34,0,0.137,0.0,5.7090000000000005,2.1,100.0,24,980.0
1999,4,27,13,0,452,287,717,68,937,931,8,24,23.0,0,0.137,0.0,5.649,1.3,100.0,24,980.0
1999,4,27,13,30,403,62,458,66,927,874,4,24,29.44,0,0.137,0.0,5.594,1.3,100.0,24,980.0
1999,4,27,14,0,365,61,414,64,913,800,4,23,36.26,0,0.137,0.0,5.54,357.8,99.81,24,980.0
1999,4,27,14,30,248,16,260,62,893,712,8,23,43.27,0,0.137,0.0,5.493,357.8,99.79,24,980.0
1999,4,27,15,0,262,362,493,58,866,610,7,23,50.4,0,0.137,0.0,5.446,352.5,99.79,24,980.0
1999,4,27,15,30,235,107,292,54,828,498,3,23,57.59,0,0.137,0.0,5.399,352.5,99.78,24,980.0
1999,4,27,16,0,102,598,357,49,775,379,8,23,64.82000000000001,0,0.137,0.0,5.353,352.1,99.91,24,980.0
1999,4,27,16,30,61,629,255,42,693,256,8,23,72.08,0,0.137,0.0,5.319,352.1,100.0,23,980.0
1999,4,27,17,0,33,553,135,33,560,136,3,23,79.35000000000001,4,0.137,0.0,5.2860000000000005,15.0,100.0,23,980.0
1999,4,27,17,30,16,303,34,16,303,34,1,22,86.63,0,0.137,0.0,5.264,15.0,100.0,23,980.0
1999,4,27,18,0,0,0,0,0,0,0,1,22,93.91,0,0.137,0.1,5.243,19.0,100.0,23,980.0
1999,4,27,18,30,0,0,0,0,0,0,1,22,101.18,0,0.137,0.1,5.239,19.0,100.0,22,980.0
1999,4,27,19,0,0,0,0,0,0,0,1,22,108.43,1,0.137,0.1,5.235,20.5,100.0,22,980.0
1999,4,27,19,30,0,0,0,0,0,0,8,22,115.66,0,0.137,0.0,5.242,20.5,100.0,22,980.0
1999,4,27,20,0,0,0,0,0,0,0,4,22,122.84,0,0.137,0.0,5.249,23.8,100.0,22,980.0
1999,4,27,20,30,0,0,0,0,0,0,3,22,129.96,0,0.137,0.0,5.256,23.8,100.0,22,990.0
1999,4,27,21,0,0,0,0,0,0,0,7,22,136.99,0,0.137,0.0,5.263,24.400000000000002,100.0,22,990.0
1999,4,27,21,30,0,0,0,0,0,0,4,22,143.85,0,0.137,0.0,5.265,24.400000000000002,100.0,22,990.0
1999,4,27,22,0,0,0,0,0,0,0,8,22,150.45000000000002,0,0.137,0.0,5.267,21.900000000000002,100.0,22,990.0
1999,4,27,22,30,0,0,0,0,0,0,8,22,156.54,0,0.137,0.0,5.2620000000000005,21.900000000000002,100.0,22,980.0
1999,4,27,23,0,0,0,0,0,0,0,6,22,161.62,0,0.137,0.0,5.257,19.400000000000002,100.0,22,980.0
1999,4,27,23,30,0,0,0,0,0,0,8,21,164.65,0,0.137,0.0,5.25,19.400000000000002,100.0,22,980.0
1999,4,28,0,0,0,0,0,0,0,0,8,21,164.38,0,0.137,0.1,5.243,12.8,100.0,22,980.0
1999,4,28,0,30,0,0,0,0,0,0,8,21,160.96,0,0.137,0.1,5.232,12.8,100.0,21,980.0
1999,4,28,1,0,0,0,0,0,0,0,8,21,155.68,0,0.137,0.2,5.221,7.7,100.0,21,980.0
1999,4,28,1,30,0,0,0,0,0,0,8,21,149.49,0,0.137,0.1,5.214,7.7,100.0,21,980.0
1999,4,28,2,0,0,0,0,0,0,0,8,21,142.84,0,0.137,0.1,5.207,5.800000000000001,100.0,21,980.0
1999,4,28,2,30,0,0,0,0,0,0,8,21,135.95,0,0.137,0.1,5.2090000000000005,5.800000000000001,100.0,21,980.0
1999,4,28,3,0,0,0,0,0,0,0,7,21,128.91,0,0.137,0.1,5.212,7.2,100.0,21,980.0
1999,4,28,3,30,0,0,0,0,0,0,8,21,121.78,0,0.137,0.1,5.228,7.2,100.0,21,980.0
1999,4,28,4,0,0,0,0,0,0,0,4,21,114.59,0,0.137,0.1,5.245,12.3,100.0,21,980.0
1999,4,28,4,30,0,0,0,0,0,0,8,21,107.37,0,0.137,0.1,5.273,12.3,100.0,21,980.0
1999,4,28,5,0,0,0,0,0,0,0,8,21,100.11,0,0.137,0.1,5.3020000000000005,17.400000000000002,100.0,21,980.0
1999,4,28,5,30,0,0,0,0,0,0,7,21,92.85000000000001,0,0.137,0.1,5.332,17.400000000000002,100.0,21,980.0
1999,4,28,6,0,5,0,5,20,338,46,8,21,85.57000000000001,0,0.137,0.1,5.363,21.900000000000002,100.0,22,990.0
1999,4,28,6,30,46,0,46,37,571,153,8,21,78.3,0,0.137,0.0,5.3870000000000005,21.900000000000002,100.0,22,990.0
1999,4,28,7,0,118,272,207,47,696,273,7,22,71.03,0,0.137,0.0,5.412,33.0,100.0,23,990.0
1999,4,28,7,30,164,25,175,54,774,396,7,22,63.79,0,0.137,0.0,5.423,33.0,100.0,23,990.0
1999,4,28,8,0,142,0,142,58,829,515,6,23,56.57,0,0.137,0.0,5.436,59.800000000000004,100.0,24,990.0
1999,4,28,8,30,138,0,138,62,865,626,6,23,49.4,0,0.137,0.0,5.444,59.800000000000004,100.0,24,990.0
1999,4,28,9,0,203,7,209,64,894,725,8,24,42.300000000000004,0,0.137,0.0,5.452,67.60000000000001,100.0,25,990.0
1999,4,28,9,30,289,19,305,66,913,812,8,24,35.34,0,0.137,0.0,5.461,67.60000000000001,95.64,25,990.0
1999,4,28,10,0,274,14,287,67,928,883,6,24,28.59,0,0.137,0.0,5.47,71.3,88.84,26,990.0
1999,4,28,10,30,339,22,360,69,938,937,8,24,22.27,0,0.137,0.0,5.489,71.3,88.8,26,990.0
1999,4,28,11,0,421,42,461,69,945,973,8,23,16.86,0,0.137,0.0,5.508,77.2,86.81,27,980.0
1999,4,28,11,30,441,48,488,69,947,991,8,23,13.52,0,0.137,0.0,5.5440000000000005,77.2,86.76,27,980.0
1999,4,28,12,0,492,105,595,68,947,989,8,23,13.83,0,0.137,0.0,5.58,78.5,80.93,27,980.0
1999,4,28,12,30,476,95,567,68,944,968,8,23,17.6,0,0.137,0.0,5.618,78.5,80.89,27,980.0
1999,4,28,13,0,430,61,487,67,937,928,8,23,23.2,0,0.137,0.0,5.656,73.3,81.27,27,980.0
1999,4,28,13,30,398,59,450,65,926,871,4,23,29.61,0,0.137,0.0,5.6850000000000005,73.3,86.15,26,980.0
1999,4,28,14,0,63,912,797,63,912,797,1,24,36.39,0,0.137,0.0,5.714,70.5,89.05,26,980.0
1999,4,28,14,30,60,891,708,60,891,708,0,24,43.39,0,0.137,0.0,5.732,70.5,89.04,26,980.0
1999,4,28,15,0,57,864,607,57,864,607,0,24,50.49,0,0.137,0.0,5.751,68.4,92.89,26,980.0
1999,4,28,15,30,53,826,495,53,826,495,0,24,57.67,0,0.137,0.0,5.7620000000000005,68.4,98.56,25,980.0
1999,4,28,16,0,173,214,264,48,772,376,3,25,64.89,0,0.137,0.0,5.773,53.900000000000006,100.0,25,980.0
1999,4,28,16,30,79,510,235,42,691,254,8,24,72.14,0,0.137,0.0,5.7780000000000005,53.900000000000006,100.0,25,980.0
1999,4,28,17,0,41,455,125,32,556,134,7,24,79.4,4,0.137,0.1,5.783,31.700000000000003,100.0,25,980.0
1999,4,28,17,30,17,242,31,16,299,33,7,24,86.67,4,0.137,0.1,5.788,31.700000000000003,100.0,24,980.0
1999,4,28,18,0,0,0,0,0,0,0,7,24,93.94,0,0.137,0.2,5.793,29.700000000000003,100.0,24,980.0
1999,4,28,18,30,0,0,0,0,0,0,7,23,101.2,0,0.137,0.2,5.8,29.700000000000003,100.0,24,980.0
1999,4,28,19,0,0,0,0,0,0,0,7,23,108.44,1,0.137,0.2,5.807,29.0,100.0,24,980.0
1999,4,28,19,30,0,0,0,0,0,0,7,23,115.65,0,0.137,0.2,5.804,29.0,100.0,23,980.0
1999,4,28,20,0,0,0,0,0,0,0,1,23,122.82000000000001,0,0.137,0.2,5.801,29.900000000000002,100.0,23,980.0
1999,4,28,20,30,0,0,0,0,0,0,3,23,129.93,0,0.137,0.2,5.792,29.900000000000002,100.0,23,980.0
1999,4,28,21,0,0,0,0,0,0,0,4,23,136.93,0,0.137,0.2,5.783,32.0,100.0,23,980.0
1999,4,28,21,30,0,0,0,0,0,0,3,23,143.77,0,0.137,0.2,5.772,32.0,100.0,23,980.0
1999,4,28,22,0,0,0,0,0,0,0,3,23,150.33,0,0.137,0.2,5.7620000000000005,38.1,100.0,23,980.0
1999,4,28,22,30,0,0,0,0,0,0,0,23,156.37,0,0.137,0.1,5.744,38.1,100.0,23,980.0
1999,4,28,23,0,0,0,0,0,0,0,0,23,161.39000000000001,0,0.137,0.1,5.726,58.800000000000004,100.0,23,980.0
1999,4,28,23,30,0,0,0,0,0,0,0,22,164.35,0,0.137,0.1,5.702,58.800000000000004,100.0,23,980.0
1999,4,29,0,0,0,0,0,0,0,0,0,22,164.07,0,0.137,0.1,5.68,71.2,100.0,23,980.0
1999,4,29,0,30,0,0,0,0,0,0,0,22,160.69,0,0.137,0.1,5.659,71.2,100.0,22,980.0
1999,4,29,1,0,0,0,0,0,0,0,1,22,155.46,0,0.137,0.2,5.638,79.4,100.0,22,980.0
1999,4,29,1,30,0,0,0,0,0,0,7,22,149.31,0,0.137,0.2,5.621,79.4,100.0,22,980.0
1999,4,29,2,0,0,0,0,0,0,0,7,22,142.70000000000002,0,0.137,0.30000000000000004,5.605,84.2,100.0,22,980.0
1999,4,29,2,30,0,0,0,0,0,0,8,22,135.83,0,0.137,0.30000000000000004,5.594,84.2,100.0,22,980.0
1999,4,29,3,0,0,0,0,0,0,0,8,22,128.81,0,0.137,0.30000000000000004,5.583,86.0,100.0,22,980.0
1999,4,29,3,30,0,0,0,0,0,0,4,22,121.69,0,0.137,0.30000000000000004,5.579,86.0,100.0,22,980.0
1999,4,29,4,0,0,0,0,0,0,0,8,22,114.52,0,0.137,0.30000000000000004,5.575,85.4,100.0,22,980.0
1999,4,29,4,30,0,0,0,0,0,0,8,21,107.3,0,0.137,0.30000000000000004,5.573,85.4,100.0,22,980.0
1999,4,29,5,0,0,0,0,0,0,0,8,21,100.06,0,0.137,0.30000000000000004,5.571,90.7,100.0,22,980.0
1999,4,29,5,30,0,0,0,0,0,0,8,21,92.8,0,0.137,0.2,5.57,90.7,100.0,22,980.0
1999,4,29,6,0,4,0,4,19,354,47,4,22,85.54,0,0.137,0.1,5.569,94.7,100.0,22,980.0
1999,4,29,6,30,20,0,20,34,583,152,4,22,78.27,0,0.137,0.0,5.57,94.7,100.0,22,980.0
1999,4,29,7,0,76,0,76,43,706,272,4,22,71.02,0,0.137,0.0,5.572,142.8,100.0,23,980.0
1999,4,29,7,30,155,13,161,49,782,394,4,22,63.78,0,0.137,0.0,5.5680000000000005,142.8,100.0,23,980.0
1999,4,29,8,0,244,123,311,52,834,512,3,23,56.58,0,0.137,0.0,5.565,147.1,100.0,23,990.0
1999,4,29,8,30,301,178,417,56,870,622,3,23,49.43,0,0.137,0.0,5.561,147.1,100.0,23,990.0
1999,4,29,9,0,57,897,721,57,897,721,1,24,42.35,0,0.137,0.0,5.557,157.0,100.0,24,990.0
1999,4,29,9,30,368,347,651,60,917,807,3,24,35.410000000000004,0,0.137,0.0,5.554,157.0,100.0,24,980.0
1999,4,29,10,0,421,299,683,60,931,877,2,24,28.69,0,0.137,0.0,5.551,156.10000000000002,94.69,25,980.0
1999,4,29,10,30,61,941,932,61,941,932,0,24,22.42,0,0.137,0.0,5.547,156.10000000000002,94.65,25,980.0
1999,4,29,11,0,61,948,968,61,948,968,0,23,17.080000000000002,0,0.137,0.0,5.543,169.4,92.04,25,980.0
1999,4,29,11,30,62,950,985,62,950,985,0,23,13.81,0,0.137,0.0,5.542,169.4,91.98,25,980.0
1999,4,29,12,0,62,950,984,62,950,984,0,23,14.14,0,0.137,0.0,5.541,177.60000000000002,86.06,26,980.0
1999,4,29,12,30,491,156,640,61,947,963,7,23,17.85,0,0.137,0.0,5.546,177.60000000000002,86.02,26,980.0
1999,4,29,13,0,468,152,608,60,940,924,7,23,23.400000000000002,0,0.137,0.0,5.551,183.8,86.28,26,980.0
1999,4,29,13,30,429,113,528,59,930,867,8,23,29.76,0,0.137,0.0,5.559,183.8,86.24,26,980.0
1999,4,29,14,0,363,343,639,58,915,793,8,23,36.53,0,0.137,0.0,5.5680000000000005,186.4,87.18,26,980.0
1999,4,29,14,30,268,413,568,55,895,705,8,23,43.5,1,0.137,0.0,5.574,186.4,87.16,26,980.0
1999,4,29,15,0,234,26,251,52,868,604,8,24,50.58,1,0.137,0.0,5.581,219.60000000000002,89.26,26,980.0
1999,4,29,15,30,194,20,204,49,830,492,8,24,57.75,0,0.137,0.0,5.5840000000000005,219.60000000000002,94.7,25,980.0
1999,4,29,16,0,149,15,155,45,777,374,8,24,64.95,1,0.137,0.0,5.587,274.8,97.91,25,980.0
1999,4,29,16,30,103,3,104,39,696,252,8,24,72.19,1,0.137,0.0,5.59,274.8,100.0,25,980.0
1999,4,29,17,0,55,0,55,31,561,133,6,24,79.44,1,0.137,0.1,5.593,268.5,100.0,25,980.0
1999,4,29,17,30,13,0,13,15,305,33,6,24,86.7,4,0.137,0.2,5.595,268.5,100.0,24,980.0
1999,4,29,18,0,0,0,0,0,0,0,6,24,93.96000000000001,0,0.137,0.30000000000000004,5.598,259.5,100.0,24,980.0
1999,4,29,18,30,0,0,0,0,0,0,6,23,101.21000000000001,0,0.137,0.30000000000000004,5.593,259.5,100.0,24,980.0
1999,4,29,19,0,0,0,0,0,0,0,6,23,108.44,1,0.137,0.4,5.59,255.8,100.0,24,980.0
1999,4,29,19,30,0,0,0,0,0,0,6,23,115.64,1,0.137,0.4,5.579,255.8,100.0,23,980.0
1999,4,29,20,0,0,0,0,0,0,0,6,23,122.8,1,0.137,0.4,5.569,251.3,100.0,23,980.0
1999,4,29,20,30,0,0,0,0,0,0,7,23,129.88,1,0.137,0.4,5.554,251.3,100.0,23,980.0
1999,4,29,21,0,0,0,0,0,0,0,7,23,136.87,1,0.137,0.4,5.539,247.60000000000002,100.0,23,980.0
1999,4,29,21,30,0,0,0,0,0,0,7,22,143.68,0,0.137,0.4,5.518,247.60000000000002,100.0,23,980.0
1999,4,29,22,0,0,0,0,0,0,0,7,22,150.20000000000002,1,0.137,0.4,5.497,243.60000000000002,100.0,23,980.0
1999,4,29,22,30,0,0,0,0,0,0,4,22,156.20000000000002,0,0.137,0.30000000000000004,5.468,243.60000000000002,100.0,22,980.0
1999,4,29,23,0,0,0,0,0,0,0,4,22,161.15,0,0.137,0.30000000000000004,5.44,242.0,100.0,22,980.0
1999,4,29,23,30,0,0,0,0,0,0,3,22,164.05,0,0.137,0.2,5.4110000000000005,242.0,100.0,22,980.0
1999,4,30,0,0,0,0,0,0,0,0,3,22,163.76,0,0.137,0.1,5.382,240.60000000000002,100.0,22,980.0
1999,4,30,0,30,0,0,0,0,0,0,3,21,160.43,0,0.137,0.1,5.351,240.60000000000002,100.0,22,980.0
1999,4,30,1,0,0,0,0,0,0,0,7,21,155.24,0,0.137,0.1,5.32,240.9,100.0,22,980.0
1999,4,30,1,30,0,0,0,0,0,0,3,21,149.13,0,0.137,0.1,5.293,240.9,100.0,21,980.0
1999,4,30,2,0,0,0,0,0,0,0,7,21,142.55,0,0.137,0.1,5.267,241.60000000000002,100.0,21,980.0
1999,4,30,2,30,0,0,0,0,0,0,7,21,135.7,0,0.137,0.1,5.245,241.60000000000002,100.0,21,980.0
1999,4,30,3,0,0,0,0,0,0,0,3,21,128.7,0,0.137,0.1,5.223,242.9,100.0,21,980.0
1999,4,30,3,30,0,0,0,0,0,0,4,21,121.60000000000001,0,0.137,0.1,5.21,242.9,100.0,21,980.0
1999,4,30,4,0,0,0,0,0,0,0,4,21,114.44,0,0.137,0.1,5.198,243.0,100.0,21,980.0
1999,4,30,4,30,0,0,0,0,0,0,8,21,107.24000000000001,0,0.137,0.1,5.1930000000000005,243.0,100.0,21,980.0
1999,4,30,5,0,0,0,0,0,0,0,7,21,100.01,0,0.137,0.1,5.188,243.20000000000002,100.0,21,980.0
1999,4,30,5,30,0,0,0,0,0,0,7,21,92.76,0,0.137,0.1,5.189,243.20000000000002,100.0,21,980.0
1999,4,30,6,0,20,0,20,20,348,47,3,21,85.5,0,0.137,0.1,5.19,238.60000000000002,100.0,22,980.0
1999,4,30,6,30,35,580,153,35,580,153,1,21,78.25,0,0.137,0.0,5.197,238.60000000000002,100.0,22,980.0
1999,4,30,7,0,95,447,240,45,703,274,8,22,71.01,0,0.137,0.0,5.204,214.8,100.0,23,980.0
1999,4,30,7,30,179,241,285,52,779,396,3,22,63.78,0,0.137,0.0,5.215,214.8,100.0,23,980.0
1999,4,30,8,0,56,831,514,56,831,514,0,23,56.59,0,0.137,0.0,5.226,176.10000000000002,100.0,24,990.0
1999,4,30,8,30,60,867,625,60,867,625,0,23,49.45,0,0.137,0.0,5.243,176.10000000000002,100.0,24,990.0
1999,4,30,9,0,63,894,724,63,894,724,0,24,42.4,0,0.137,0.0,5.26,158.70000000000002,100.0,25,990.0
1999,4,30,9,30,296,533,731,66,913,810,7,24,35.480000000000004,0,0.137,0.0,5.28,158.70000000000002,95.05,25,990.0
1999,4,30,10,0,67,928,881,67,928,881,1,23,28.8,0,0.137,0.0,5.301,153.1,88.08,26,980.0
1999,4,30,10,30,440,331,746,68,938,935,3,23,22.57,0,0.137,0.0,5.316,153.1,88.05,26,980.0
1999,4,30,11,0,415,466,861,68,945,971,8,23,17.3,0,0.137,0.0,5.332,155.10000000000002,86.27,27,980.0
1999,4,30,11,30,68,948,988,68,948,988,0,23,14.11,0,0.137,0.0,5.345,155.10000000000002,86.22,27,980.0
1999,4,30,12,0,67,948,986,67,948,986,0,23,14.44,0,0.137,0.0,5.359,165.20000000000002,81.17,27,980.0
1999,4,30,12,30,66,945,965,66,945,965,1,23,18.1,0,0.137,0.0,5.368,165.20000000000002,81.12,27,980.0
1999,4,30,13,0,64,939,925,64,939,925,7,23,23.6,4,0.137,0.0,5.378,175.4,81.47,27,980.0
1999,4,30,13,30,343,490,769,63,928,868,8,23,29.92,0,0.137,0.0,5.382,175.4,81.43,27,980.0
1999,4,30,14,0,367,67,421,60,914,794,8,23,36.660000000000004,0,0.137,0.0,5.3870000000000005,183.8,82.11,27,980.0
1999,4,30,14,30,345,135,442,57,894,705,4,23,43.6,0,0.137,0.0,5.371,183.8,82.09,27,980.0
1999,4,30,15,0,214,501,531,53,868,603,8,24,50.67,0,0.137,0.0,5.355,196.4,84.95,27,980.0
1999,4,30,15,30,207,357,397,50,830,492,8,24,57.82,0,0.137,0.0,5.336,196.4,90.08,27,980.0
1999,4,30,16,0,44,778,373,44,778,373,0,24,65.02,0,0.137,0.0,5.317,188.8,92.83,27,980.0
1999,4,30,16,30,39,697,251,39,697,251,0,24,72.24,0,0.137,0.0,5.296,188.8,92.85000000000001,26,980.0
1999,4,30,17,0,30,564,133,30,564,133,0,24,79.48,0,0.137,0.1,5.275,206.60000000000002,94.09,26,980.0
1999,4,30,17,30,15,307,32,15,307,32,7,24,86.73,4,0.137,0.2,5.257,206.60000000000002,99.86,25,980.0
1999,4,30,18,0,0,0,0,0,0,0,7,24,93.98,0,0.137,0.30000000000000004,5.24,225.5,97.92,25,980.0
1999,4,30,18,30,0,0,0,0,0,0,7,24,101.22,0,0.137,0.30000000000000004,5.221,225.5,97.96000000000001,25,980.0
1999,4,30,19,0,0,0,0,0,0,0,7,24,108.44,1,0.137,0.4,5.204,225.3,96.94,25,980.0
1999,4,30,19,30,0,0,0,0,0,0,3,24,115.63,0,0.137,0.4,5.1930000000000005,225.3,100.0,24,980.0
1999,4,30,20,0,0,0,0,0,0,0,2,24,122.77,0,0.137,0.4,5.182,213.5,100.0,24,980.0
1999,4,30,20,30,0,0,0,0,0,0,7,24,129.84,0,0.137,0.4,5.171,213.5,100.0,24,980.0
1999,4,30,21,0,0,0,0,0,0,0,3,23,136.8,0,0.137,0.4,5.1610000000000005,200.20000000000002,99.68,24,980.0
1999,4,30,21,30,0,0,0,0,0,0,7,23,143.59,0,0.137,0.4,5.151,200.20000000000002,100.0,24,980.0
1999,4,30,22,0,0,0,0,0,0,0,3,23,150.08,0,0.137,0.4,5.143,192.60000000000002,100.0,24,980.0
1999,4,30,22,30,0,0,0,0,0,0,7,23,156.03,0,0.137,0.4,5.13,192.60000000000002,100.0,23,980.0
1999,4,30,23,0,0,0,0,0,0,0,7,23,160.92000000000002,0,0.137,0.5,5.118,190.4,100.0,23,980.0
1999,4,30,23,30,0,0,0,0,0,0,7,22,163.76,0,0.137,0.4,5.105,190.4,100.0,22,980.0
1999,5,1,0,0,0,0,0,0,0,0,7,22,163.46,0,0.137,0.4,5.093,191.20000000000002,100.0,22,980.0
1999,5,1,0,30,0,0,0,0,0,0,1,22,160.16,0,0.137,0.30000000000000004,5.08,191.20000000000002,100.0,22,980.0
1999,5,1,1,0,0,0,0,0,0,0,7,22,155.03,0,0.137,0.30000000000000004,5.069,192.8,100.0,22,980.0
1999,5,1,1,30,0,0,0,0,0,0,7,22,148.96,0,0.137,0.30000000000000004,5.0600000000000005,192.8,100.0,22,980.0
1999,5,1,2,0,0,0,0,0,0,0,3,22,142.41,0,0.137,0.30000000000000004,5.051,194.0,100.0,22,980.0
1999,5,1,2,30,0,0,0,0,0,0,7,21,135.58,0,0.137,0.30000000000000004,5.043,194.0,100.0,22,980.0
1999,5,1,3,0,0,0,0,0,0,0,7,21,128.6,0,0.137,0.30000000000000004,5.0360000000000005,195.0,100.0,22,980.0
1999,5,1,3,30,0,0,0,0,0,0,7,21,121.52,0,0.137,0.30000000000000004,5.03,195.0,100.0,22,980.0
1999,5,1,4,0,0,0,0,0,0,0,7,21,114.37,0,0.137,0.30000000000000004,5.025,194.9,100.0,22,980.0
1999,5,1,4,30,0,0,0,0,0,0,7,21,107.17,0,0.137,0.30000000000000004,5.021,194.9,100.0,21,980.0
1999,5,1,5,0,0,0,0,0,0,0,7,21,99.96000000000001,0,0.137,0.30000000000000004,5.018,197.70000000000002,100.0,21,980.0
1999,5,1,5,30,0,0,0,0,0,0,7,21,92.72,0,0.137,0.2,5.018,197.70000000000002,100.0,21,980.0
1999,5,1,6,0,20,351,48,20,351,48,7,22,85.47,4,0.137,0.1,5.018,199.0,100.0,22,980.0
1999,5,1,6,30,36,581,154,36,581,154,8,22,78.23,4,0.137,0.0,5.031,199.0,100.0,22,980.0
1999,5,1,7,0,45,703,274,45,703,274,8,23,71.0,4,0.137,0.0,5.045,191.3,100.0,23,990.0
1999,5,1,7,30,52,779,397,52,779,397,0,23,63.79,0,0.137,0.0,5.0600000000000005,191.3,100.0,23,990.0
1999,5,1,8,0,198,428,434,56,832,514,7,24,56.61,0,0.137,0.0,5.075,190.20000000000002,100.0,24,990.0
1999,5,1,8,30,299,194,426,60,868,625,8,24,49.49,0,0.137,0.0,5.087,190.20000000000002,100.0,24,990.0
1999,5,1,9,0,338,283,547,63,895,724,7,24,42.45,0,0.137,0.0,5.099,191.9,100.0,25,990.0
1999,5,1,9,30,393,244,591,65,914,810,7,24,35.550000000000004,0,0.137,0.0,5.112,191.9,100.0,25,990.0
1999,5,1,10,0,368,37,400,67,929,881,4,24,28.91,0,0.137,0.0,5.126,195.70000000000002,97.68,25,990.0
1999,5,1,10,30,449,83,526,69,938,935,4,24,22.73,0,0.137,0.0,5.133,195.70000000000002,97.65,25,990.0
1999,5,1,11,0,490,202,683,69,945,971,8,24,17.52,0,0.137,0.0,5.141,203.0,90.92,26,990.0
1999,5,1,11,30,444,258,695,70,948,988,8,24,14.4,1,0.137,0.0,5.138,203.0,90.87,26,980.0
1999,5,1,12,0,444,258,694,70,947,986,8,24,14.74,1,0.137,0.0,5.135,214.60000000000002,89.7,26,980.0
1999,5,1,12,30,435,257,679,69,944,966,8,24,18.35,1,0.137,0.0,5.126,214.60000000000002,89.65,26,980.0
1999,5,1,13,0,417,255,651,68,937,926,8,24,23.79,1,0.137,0.0,5.118,226.5,88.91,27,980.0
1999,5,1,13,30,248,597,766,67,927,869,8,24,30.080000000000002,1,0.137,0.0,5.106,226.5,88.87,27,980.0
1999,5,1,14,0,220,599,701,64,912,795,8,24,36.78,1,0.137,0.0,5.094,235.3,88.93,27,980.0
1999,5,1,14,30,193,594,623,62,892,707,8,24,43.71,1,0.137,0.0,5.087,235.3,88.9,26,980.0
1999,5,1,15,0,168,577,533,58,865,605,8,24,50.76,1,0.137,0.0,5.081,245.70000000000002,89.99,26,980.0
1999,5,1,15,30,172,495,435,54,826,494,8,24,57.9,0,0.137,0.0,5.075,245.70000000000002,89.99,26,980.0
1999,5,1,16,0,112,516,330,49,772,375,8,25,65.08,1,0.137,0.0,5.07,246.3,94.41,26,980.0
1999,5,1,16,30,87,444,222,42,690,252,8,25,72.29,0,0.137,0.0,5.072,246.3,100.0,25,980.0
1999,5,1,17,0,46,391,117,33,553,133,7,24,79.52,4,0.137,0.1,5.075,237.5,98.37,25,980.0
1999,5,1,17,30,17,200,29,16,292,32,7,24,86.76,4,0.137,0.2,5.077,237.5,98.41,25,980.0
1999,5,1,18,0,0,0,0,0,0,0,7,24,94.0,0,0.137,0.30000000000000004,5.08,242.5,95.36,25,980.0
1999,5,1,18,30,0,0,0,0,0,0,7,24,101.23,0,0.137,0.4,5.079,242.5,100.0,24,980.0
1999,5,1,19,0,0,0,0,0,0,0,7,23,108.43,1,0.137,0.5,5.079,241.4,99.54,24,980.0
1999,5,1,19,30,0,0,0,0,0,0,7,23,115.61,1,0.137,0.5,5.074,241.4,100.0,24,980.0
1999,5,1,20,0,0,0,0,0,0,0,7,23,122.74000000000001,1,0.137,0.5,5.071,239.5,100.0,24,980.0
1999,5,1,20,30,0,0,0,0,0,0,7,23,129.79,1,0.137,0.4,5.063,239.5,100.0,23,980.0
1999,5,1,21,0,0,0,0,0,0,0,7,23,136.74,1,0.137,0.4,5.056,238.60000000000002,100.0,23,980.0
1999,5,1,21,30,0,0,0,0,0,0,7,22,143.5,0,0.137,0.30000000000000004,5.0520000000000005,238.60000000000002,100.0,22,980.0
1999,5,1,22,0,0,0,0,0,0,0,7,22,149.95000000000002,1,0.137,0.2,5.048,237.0,100.0,22,990.0
1999,5,1,22,30,0,0,0,0,0,0,6,22,155.85,0,0.137,0.1,5.048,237.0,100.0,22,980.0
1999,5,1,23,0,0,0,0,0,0,0,6,22,160.68,0,0.137,0.1,5.049,237.20000000000002,100.0,22,980.0
1999,5,1,23,30,0,0,0,0,0,0,6,22,163.47,0,0.137,0.0,5.054,237.20000000000002,100.0,22,980.0
1999,5,2,0,0,0,0,0,0,0,0,6,22,163.16,0,0.137,0.0,5.059,228.70000000000002,100.0,22,980.0
1999,5,2,0,30,0,0,0,0,0,0,6,22,159.91,0,0.137,0.0,5.071,228.70000000000002,100.0,22,980.0
1999,5,2,1,0,0,0,0,0,0,0,6,22,154.82,0,0.137,0.0,5.083,219.5,100.0,22,980.0
1999,5,2,1,30,0,0,0,0,0,0,6,22,148.79,0,0.137,0.0,5.093,219.5,100.0,22,980.0
1999,5,2,2,0,0,0,0,0,0,0,6,22,142.26,0,0.137,0.0,5.103,212.3,100.0,22,980.0
1999,5,2,2,30,0,0,0,0,0,0,6,22,135.46,0,0.137,0.0,5.097,212.3,100.0,22,980.0
1999,5,2,3,0,0,0,0,0,0,0,6,22,128.5,0,0.137,0.0,5.0920000000000005,207.9,100.0,22,980.0
1999,5,2,3,30,0,0,0,0,0,0,6,21,121.43,0,0.137,0.0,5.057,207.9,100.0,22,980.0
1999,5,2,4,0,0,0,0,0,0,0,7,21,114.3,0,0.137,0.0,5.022,208.5,100.0,22,980.0
1999,5,2,4,30,0,0,0,0,0,0,7,21,107.12,0,0.137,0.0,4.956,208.5,100.0,21,980.0
1999,5,2,5,0,0,0,0,0,0,0,7,21,99.91,0,0.137,0.0,4.891,213.4,100.0,21,980.0
1999,5,2,5,30,0,0,0,0,0,0,7,21,92.68,0,0.137,0.0,4.807,213.4,100.0,21,980.0
1999,5,2,6,0,26,212,42,20,355,48,7,22,85.45,0,0.137,0.0,4.723,219.70000000000002,100.0,22,990.0
1999,5,2,6,30,66,0,66,35,585,155,7,22,78.22,0,0.137,0.0,4.6450000000000005,219.70000000000002,100.0,22,990.0
1999,5,2,7,0,128,122,168,45,709,276,7,23,70.99,0,0.137,0.0,4.5680000000000005,228.20000000000002,100.0,23,990.0
1999,5,2,7,30,155,13,161,51,786,398,6,23,63.79,0,0.137,0.0,4.513,228.20000000000002,100.0,23,990.0
1999,5,2,8,0,231,64,267,55,839,517,7,24,56.63,0,0.137,0.0,4.458,225.4,100.0,24,990.0
1999,5,2,8,30,270,46,300,59,875,627,8,24,49.52,0,0.137,0.0,4.437,225.4,100.0,24,990.0
1999,5,2,9,0,308,53,347,61,902,727,8,24,42.5,4,0.137,0.0,4.416,216.70000000000002,100.0,25,990.0
1999,5,2,9,30,400,161,531,63,922,813,3,24,35.63,0,0.137,0.0,4.436,216.70000000000002,100.0,25,990.0
1999,5,2,10,0,421,289,674,65,935,884,4,23,29.02,0,0.137,0.0,4.457,212.10000000000002,92.33,26,990.0
1999,5,2,10,30,389,353,715,67,945,937,8,23,22.88,4,0.137,0.0,4.511,212.10000000000002,92.3,26,990.0
1999,5,2,11,0,486,131,611,67,950,973,3,23,17.75,0,0.137,0.0,4.565,202.9,83.83,27,990.0
1999,5,2,11,30,479,87,564,68,953,990,8,23,14.68,0,0.137,0.0,4.6370000000000005,202.9,83.79,27,990.0
1999,5,2,12,0,485,268,745,68,951,987,8,22,15.030000000000001,0,0.137,0.0,4.7090000000000005,192.4,78.48,27,990.0
1999,5,2,12,30,459,317,760,68,947,966,8,22,18.6,0,0.137,0.0,4.7860000000000005,192.4,78.44,27,980.0
1999,5,2,13,0,429,345,745,68,939,926,8,22,23.990000000000002,0,0.137,0.0,4.863,184.0,78.75,27,980.0
1999,5,2,13,30,332,523,784,66,928,868,7,22,30.240000000000002,0,0.137,0.0,4.932,184.0,78.73,27,980.0
1999,5,2,14,0,354,369,649,65,912,794,8,23,36.910000000000004,0,0.137,0.0,5.002,177.70000000000002,79.2,27,980.0
1999,5,2,14,30,262,480,609,62,891,705,8,23,43.81,0,0.137,0.0,5.051,177.70000000000002,83.97,26,980.0
1999,5,2,15,0,193,553,543,59,862,604,8,23,50.85,0,0.137,0.0,5.1000000000000005,168.9,87.86,26,980.0
1999,5,2,15,30,231,191,333,55,823,492,8,23,57.97,0,0.137,0.0,5.132,168.9,93.22,26,980.0
1999,5,2,16,0,163,42,181,50,768,373,7,23,65.14,0,0.137,0.0,5.165,155.20000000000002,94.05,26,980.0
1999,5,2,16,30,79,498,230,43,685,251,8,23,72.34,0,0.137,0.0,5.189,155.20000000000002,99.85000000000001,25,980.0
1999,5,2,17,0,43,434,121,33,549,132,8,24,79.56,4,0.137,0.1,5.215,145.5,100.0,25,980.0
1999,5,2,17,30,17,223,29,16,287,32,7,24,86.79,4,0.137,0.1,5.23,145.5,100.0,24,980.0
1999,5,2,18,0,0,0,0,0,0,0,7,23,94.02,0,0.137,0.2,5.245,138.20000000000002,98.94,24,980.0
1999,5,2,18,30,0,0,0,0,0,0,7,23,101.23,0,0.137,0.2,5.253,138.20000000000002,100.0,23,980.0
1999,5,2,19,0,0,0,0,0,0,0,7,23,108.43,1,0.137,0.30000000000000004,5.2620000000000005,134.9,100.0,23,990.0
1999,5,2,19,30,0,0,0,0,0,0,7,23,115.59,0,0.137,0.30000000000000004,5.2620000000000005,134.9,100.0,23,990.0
1999,5,2,20,0,0,0,0,0,0,0,4,23,122.71000000000001,0,0.137,0.30000000000000004,5.2620000000000005,138.4,100.0,23,990.0
1999,5,2,20,30,0,0,0,0,0,0,1,23,129.74,0,0.137,0.30000000000000004,5.257,138.4,100.0,23,990.0
1999,5,2,21,0,0,0,0,0,0,0,4,23,136.67000000000002,0,0.137,0.4,5.252,152.20000000000002,100.0,23,990.0
1999,5,2,21,30,0,0,0,0,0,0,4,22,143.4,0,0.137,0.4,5.247,152.20000000000002,100.0,23,990.0
1999,5,2,22,0,0,0,0,0,0,0,3,22,149.82,0,0.137,0.4,5.242,172.60000000000002,100.0,23,990.0
1999,5,2,22,30,0,0,0,0,0,0,3,22,155.68,0,0.137,0.30000000000000004,5.237,172.60000000000002,100.0,22,990.0
1999,5,2,23,0,0,0,0,0,0,0,4,22,160.45000000000002,0,0.137,0.2,5.2330000000000005,191.5,100.0,22,990.0
1999,5,2,23,30,0,0,0,0,0,0,3,22,163.18,0,0.137,0.1,5.2250000000000005,191.5,100.0,22,990.0
1999,5,3,0,0,0,0,0,0,0,0,4,22,162.87,0,0.137,0.1,5.218,206.70000000000002,100.0,22,990.0
1999,5,3,0,30,0,0,0,0,0,0,7,21,159.65,0,0.137,0.0,5.2090000000000005,206.70000000000002,100.0,22,990.0
1999,5,3,1,0,0,0,0,0,0,0,1,21,154.61,0,0.137,0.0,5.2010000000000005,218.5,100.0,22,980.0
1999,5,3,1,30,0,0,0,0,0,0,1,21,148.62,0,0.137,0.0,5.196,218.5,100.0,22,980.0
1999,5,3,2,0,0,0,0,0,0,0,7,21,142.13,0,0.137,0.0,5.191,221.20000000000002,100.0,22,980.0
1999,5,3,2,30,0,0,0,0,0,0,0,21,135.35,0,0.137,0.0,5.187,221.20000000000002,100.0,21,980.0
1999,5,3,3,0,0,0,0,0,0,0,3,21,128.4,0,0.137,0.0,5.184,222.20000000000002,100.0,21,980.0
1999,5,3,3,30,0,0,0,0,0,0,4,21,121.35000000000001,0,0.137,0.0,5.179,222.20000000000002,100.0,21,990.0
1999,5,3,4,0,0,0,0,0,0,0,7,21,114.23,0,0.137,0.0,5.174,223.4,100.0,21,990.0
1999,5,3,4,30,0,0,0,0,0,0,7,21,107.06,0,0.137,0.0,5.17,223.4,100.0,21,990.0
1999,5,3,5,0,0,0,0,0,0,0,7,21,99.86,0,0.137,0.0,5.166,222.3,100.0,21,990.0
1999,5,3,5,30,0,0,0,0,0,0,7,21,92.65,0,0.137,0.0,5.166,222.3,100.0,21,990.0
1999,5,3,6,0,1,0,1,20,356,48,8,21,85.42,4,0.137,0.0,5.167,214.10000000000002,100.0,22,990.0
1999,5,3,6,30,4,0,4,35,584,154,4,21,78.2,0,0.137,0.0,5.18,214.10000000000002,100.0,22,990.0
1999,5,3,7,0,18,0,18,43,707,273,4,22,70.99,0,0.137,0.0,5.194,196.60000000000002,100.0,23,990.0
1999,5,3,7,30,102,0,102,49,782,395,4,22,63.800000000000004,0,0.137,0.0,5.213,196.60000000000002,100.0,23,990.0
1999,5,3,8,0,125,0,125,52,835,511,4,23,56.65,0,0.137,0.0,5.2330000000000005,186.5,100.0,23,990.0
1999,5,3,8,30,174,3,176,56,870,620,4,23,49.56,0,0.137,0.0,5.253,186.5,100.0,23,990.0
1999,5,3,9,0,225,10,233,56,898,717,4,23,42.56,0,0.137,0.0,5.273,197.60000000000002,99.97,24,990.0
1999,5,3,9,30,246,12,256,58,917,803,4,23,35.71,0,0.137,0.0,5.3,197.60000000000002,99.96000000000001,24,990.0
1999,5,3,10,0,348,29,374,57,931,871,4,23,29.13,0,0.137,0.0,5.327,205.8,98.49000000000001,24,990.0
1999,5,3,10,30,311,18,328,59,941,925,4,23,23.04,0,0.137,0.0,5.356,205.8,98.46000000000001,24,990.0
1999,5,3,11,0,407,38,443,59,947,960,4,23,17.97,0,0.137,0.0,5.385,208.20000000000002,95.48,24,990.0
1999,5,3,11,30,410,36,445,59,950,977,3,23,14.97,0,0.137,0.0,5.41,208.20000000000002,95.45,24,990.0
1999,5,3,12,0,398,47,444,59,949,975,8,22,15.32,4,0.137,0.0,5.4350000000000005,208.9,92.17,25,990.0
1999,5,3,12,30,386,31,415,59,946,954,4,22,18.84,0,0.137,0.0,5.448,208.9,92.12,25,990.0
1999,5,3,13,0,460,220,660,58,939,915,7,22,24.18,0,0.137,0.0,5.462,212.4,85.64,25,990.0
1999,5,3,13,30,404,322,682,57,928,858,3,22,30.39,0,0.137,0.0,5.468,212.4,90.86,25,980.0
1999,5,3,14,0,56,914,785,56,914,785,0,22,37.03,0,0.137,0.0,5.4750000000000005,218.60000000000002,91.03,25,980.0
1999,5,3,14,30,54,894,697,54,894,697,0,22,43.92,0,0.137,0.0,5.468,218.60000000000002,90.99,24,980.0
1999,5,3,15,0,277,268,447,50,867,597,3,22,50.93,0,0.137,0.0,5.462,219.8,92.48,24,980.0
1999,5,3,15,30,47,829,486,47,829,486,0,22,58.04,0,0.137,0.0,5.448,219.8,92.46000000000001,24,980.0
1999,5,3,16,0,42,776,368,42,776,368,0,23,65.2,0,0.137,0.0,5.434,220.60000000000002,94.88,24,980.0
1999,5,3,16,30,99,352,205,37,696,247,8,23,72.39,0,0.137,0.0,5.421,220.60000000000002,100.0,23,980.0
1999,5,3,17,0,49,327,108,29,561,130,7,23,79.59,4,0.137,0.0,5.409,212.70000000000002,100.0,23,980.0
1999,5,3,17,30,17,163,26,14,304,31,7,23,86.81,4,0.137,0.1,5.401,212.70000000000002,100.0,23,980.0
1999,5,3,18,0,0,0,0,0,0,0,7,23,94.03,0,0.137,0.30000000000000004,5.393,214.60000000000002,100.0,23,980.0
1999,5,3,18,30,0,0,0,0,0,0,3,22,101.24000000000001,0,0.137,0.30000000000000004,5.386,214.60000000000002,100.0,22,980.0
1999,5,3,19,0,0,0,0,0,0,0,3,22,108.42,1,0.137,0.30000000000000004,5.38,216.10000000000002,100.0,22,980.0
1999,5,3,19,30,0,0,0,0,0,0,8,22,115.57000000000001,0,0.137,0.2,5.367,216.10000000000002,100.0,22,990.0
1999,5,3,20,0,0,0,0,0,0,0,4,22,122.67,0,0.137,0.2,5.354,214.70000000000002,100.0,22,990.0
1999,5,3,20,30,0,0,0,0,0,0,7,21,129.69,0,0.137,0.2,5.335,214.70000000000002,100.0,22,990.0
1999,5,3,21,0,0,0,0,0,0,0,7,21,136.59,0,0.137,0.2,5.317,212.5,100.0,22,990.0
1999,5,3,21,30,0,0,0,0,0,0,7,21,143.3,0,0.137,0.2,5.301,212.5,100.0,21,990.0
1999,5,3,22,0,0,0,0,0,0,0,8,21,149.69,0,0.137,0.2,5.2860000000000005,211.3,100.0,21,990.0
1999,5,3,22,30,0,0,0,0,0,0,8,21,155.5,0,0.137,0.1,5.275,211.3,100.0,21,990.0
1999,5,3,23,0,0,0,0,0,0,0,4,21,160.21,0,0.137,0.1,5.264,212.9,100.0,21,980.0
1999,5,3,23,30,0,0,0,0,0,0,7,21,162.89000000000001,0,0.137,0.1,5.263,212.9,100.0,21,980.0
1999,5,4,0,0,0,0,0,0,0,0,7,21,162.58,0,0.137,0.1,5.263,217.8,100.0,21,980.0
1999,5,4,0,30,0,0,0,0,0,0,7,21,159.4,0,0.137,0.1,5.271,217.8,100.0,21,980.0
1999,5,4,1,0,0,0,0,0,0,0,7,21,154.41,0,0.137,0.1,5.279,223.8,100.0,21,980.0
1999,5,4,1,30,0,0,0,0,0,0,7,21,148.45000000000002,0,0.137,0.1,5.287,223.8,100.0,21,980.0
1999,5,4,2,0,0,0,0,0,0,0,1,21,141.99,0,0.137,0.1,5.295,229.4,100.0,21,980.0
1999,5,4,2,30,0,0,0,0,0,0,1,20,135.23,0,0.137,0.1,5.301,229.4,100.0,21,980.0
1999,5,4,3,0,0,0,0,0,0,0,7,20,128.31,0,0.137,0.2,5.308,238.70000000000002,100.0,21,980.0
1999,5,4,3,30,0,0,0,0,0,0,7,20,121.27,0,0.137,0.2,5.311,238.70000000000002,100.0,21,980.0
1999,5,4,4,0,0,0,0,0,0,0,1,20,114.16,0,0.137,0.2,5.316,246.60000000000002,100.0,21,980.0
1999,5,4,4,30,0,0,0,0,0,0,1,20,107.0,0,0.137,0.30000000000000004,5.317,246.60000000000002,100.0,21,980.0
1999,5,4,5,0,0,0,0,0,0,0,1,20,99.82000000000001,0,0.137,0.4,5.319,252.70000000000002,100.0,21,990.0
1999,5,4,5,30,0,0,0,0,0,0,4,20,92.61,0,0.137,0.30000000000000004,5.319,252.70000000000002,100.0,21,990.0
1999,5,4,6,0,12,0,12,20,353,48,4,21,85.4,4,0.137,0.2,5.319,253.4,100.0,21,990.0
1999,5,4,6,30,38,0,38,35,580,154,4,21,78.19,0,0.137,0.1,5.327,253.4,100.0,21,990.0
1999,5,4,7,0,105,0,105,44,703,273,4,22,70.99,0,0.137,0.0,5.336,246.0,100.0,22,990.0
1999,5,4,7,30,157,16,164,51,778,394,4,22,63.81,0,0.137,0.0,5.355,246.0,100.0,22,990.0
1999,5,4,8,0,172,5,174,55,829,511,4,22,56.68,0,0.137,0.0,5.3740000000000006,232.70000000000002,99.48,23,990.0
1999,5,4,8,30,274,53,309,59,865,620,3,22,49.6,0,0.137,0.0,5.391,232.70000000000002,93.67,24,990.0
1999,5,4,9,0,347,222,511,63,891,719,3,22,42.62,0,0.137,0.0,5.41,223.3,85.56,25,990.0
1999,5,4,9,30,386,268,603,65,910,804,3,22,35.800000000000004,0,0.137,0.0,5.429,223.3,85.54,26,990.0
1999,5,4,10,0,431,114,531,67,924,874,4,22,29.25,0,0.137,0.0,5.448,212.0,79.51,27,990.0
1999,5,4,10,30,428,61,485,68,934,927,4,22,23.21,0,0.137,0.0,5.47,212.0,79.48,27,990.0
1999,5,4,11,0,471,92,558,69,940,963,4,22,18.19,0,0.137,0.0,5.492,205.5,75.76,27,990.0
1999,5,4,11,30,494,132,622,70,943,980,3,22,15.25,0,0.137,0.0,5.516,205.5,75.72,27,980.0
1999,5,4,12,0,485,261,737,70,942,978,3,22,15.610000000000001,0,0.137,0.0,5.541,203.60000000000002,72.33,28,980.0
1999,5,4,12,30,482,134,609,69,938,957,3,22,19.080000000000002,0,0.137,0.0,5.567,203.60000000000002,72.3,28,980.0
1999,5,4,13,0,69,931,917,69,931,917,0,22,24.37,0,0.137,0.0,5.593,203.0,73.10000000000001,28,980.0
1999,5,4,13,30,67,920,860,67,920,860,0,22,30.54,0,0.137,0.0,5.621,203.0,73.07000000000001,28,980.0
1999,5,4,14,0,65,905,787,65,905,787,0,23,37.160000000000004,0,0.137,0.0,5.65,200.60000000000002,74.31,28,980.0
1999,5,4,14,30,63,884,699,63,884,699,0,22,44.02,1,0.137,0.0,5.68,200.60000000000002,78.76,27,980.0
1999,5,4,15,0,270,82,321,59,856,598,8,23,51.02,1,0.137,0.0,5.711,197.8,81.89,27,980.0
1999,5,4,15,30,223,72,262,55,818,487,8,23,58.11,0,0.137,0.0,5.7250000000000005,197.8,86.84,27,980.0
1999,5,4,16,0,167,75,198,50,763,369,8,23,65.25,1,0.137,0.0,5.74,197.5,88.56,27,980.0
1999,5,4,16,30,113,65,133,43,680,248,8,23,72.43,1,0.137,0.0,5.735,197.5,88.57000000000001,26,980.0
1999,5,4,17,0,62,42,70,33,544,131,8,24,79.63,1,0.137,0.0,5.731,199.20000000000002,89.44,26,980.0
1999,5,4,17,30,17,0,17,16,284,31,8,24,86.83,1,0.137,0.0,5.721,199.20000000000002,94.91,25,980.0
1999,5,4,18,0,0,0,0,0,0,0,8,24,94.04,1,0.137,0.1,5.712,224.20000000000002,95.75,25,980.0
1999,5,4,18,30,0,0,0,0,0,0,8,24,101.24000000000001,0,0.137,0.1,5.705,224.20000000000002,100.0,24,980.0
1999,5,4,19,0,0,0,0,0,0,0,8,24,108.41,1,0.137,0.1,5.699,225.10000000000002,100.0,24,980.0
1999,5,4,19,30,0,0,0,0,0,0,8,24,115.55,1,0.137,0.1,5.695,225.10000000000002,100.0,24,980.0
1999,5,4,20,0,0,0,0,0,0,0,8,24,122.63,1,0.137,0.2,5.692,216.5,100.0,24,980.0
1999,5,4,20,30,0,0,0,0,0,0,3,24,129.64000000000001,1,0.137,0.2,5.687,216.5,100.0,24,980.0
1999,5,4,21,0,0,0,0,0,0,0,3,24,136.52,1,0.137,0.2,5.682,212.3,100.0,24,980.0
1999,5,4,21,30,0,0,0,0,0,0,3,23,143.21,0,0.137,0.2,5.681,212.3,100.0,23,980.0
1999,5,4,22,0,0,0,0,0,0,0,1,23,149.56,0,0.137,0.30000000000000004,5.68,223.5,100.0,23,980.0
1999,5,4,22,30,0,0,0,0,0,0,1,23,155.32,1,0.137,0.30000000000000004,5.6850000000000005,223.5,100.0,23,980.0
1999,5,4,23,0,0,0,0,0,0,0,3,23,159.98,1,0.137,0.30000000000000004,5.69,228.5,100.0,23,980.0
1999,5,4,23,30,0,0,0,0,0,0,3,22,162.61,0,0.137,0.2,5.694,228.5,100.0,23,980.0
1999,5,5,0,0,0,0,0,0,0,0,0,22,162.29,0,0.137,0.2,5.699,225.4,100.0,23,980.0
1999,5,5,0,30,0,0,0,0,0,0,0,22,159.15,0,0.137,0.1,5.7010000000000005,225.4,100.0,22,980.0
1999,5,5,1,0,0,0,0,0,0,0,0,22,154.21,0,0.137,0.1,5.704,220.20000000000002,100.0,22,980.0
1999,5,5,1,30,0,0,0,0,0,0,0,22,148.29,0,0.137,0.0,5.705,220.20000000000002,100.0,22,980.0
1999,5,5,2,0,0,0,0,0,0,0,0,22,141.85,0,0.137,0.0,5.708,217.60000000000002,100.0,22,980.0
1999,5,5,2,30,0,0,0,0,0,0,0,22,135.12,0,0.137,0.0,5.715,217.60000000000002,100.0,22,980.0
1999,5,5,3,0,0,0,0,0,0,0,0,22,128.21,0,0.137,0.0,5.723,215.70000000000002,100.0,22,980.0
1999,5,5,3,30,0,0,0,0,0,0,0,22,121.19,0,0.137,0.0,5.738,215.70000000000002,100.0,22,980.0
1999,5,5,4,0,0,0,0,0,0,0,1,22,114.09,0,0.137,0.0,5.753,218.5,100.0,22,980.0
1999,5,5,4,30,0,0,0,0,0,0,0,22,106.95,0,0.137,0.0,5.7700000000000005,218.5,100.0,22,980.0
1999,5,5,5,0,0,0,0,0,0,0,3,22,99.77,0,0.137,0.1,5.787,225.0,100.0,22,980.0
1999,5,5,5,30,0,0,0,0,0,0,3,22,92.58,0,0.137,0.0,5.8020000000000005,225.0,100.0,22,980.0
1999,5,5,6,0,19,360,48,19,360,48,0,22,85.38,0,0.137,0.0,5.817,215.5,100.0,22,980.0
1999,5,5,6,30,33,583,153,33,583,153,0,22,78.18,0,0.137,0.0,5.836,215.5,100.0,22,980.0
1999,5,5,7,0,41,706,271,41,706,271,0,22,70.99,0,0.137,0.0,5.855,201.70000000000002,98.01,23,980.0
1999,5,5,7,30,182,203,272,47,780,391,3,22,63.83,0,0.137,0.0,5.875,201.70000000000002,98.04,23,990.0
1999,5,5,8,0,51,830,507,51,830,507,1,22,56.7,0,0.137,0.0,5.896,200.20000000000002,90.9,24,990.0
1999,5,5,8,30,282,295,473,54,866,615,3,22,49.64,0,0.137,0.0,5.914,200.20000000000002,90.91,24,990.0
1999,5,5,9,0,59,890,713,59,890,713,0,22,42.68,0,0.137,0.0,5.933,199.70000000000002,90.13,24,990.0
1999,5,5,9,30,61,909,798,61,909,798,0,22,35.88,0,0.137,0.0,5.945,199.70000000000002,90.13,24,990.0
1999,5,5,10,0,64,922,868,64,922,868,0,22,29.36,0,0.137,0.0,5.958,200.60000000000002,85.26,25,990.0
1999,5,5,10,30,66,932,922,66,932,922,0,22,23.37,0,0.137,0.0,5.9590000000000005,200.60000000000002,85.23,25,990.0
1999,5,5,11,0,67,937,957,67,937,957,0,22,18.41,0,0.137,0.0,5.961,203.3,85.71000000000001,26,990.0
1999,5,5,11,30,68,940,974,68,940,974,0,22,15.530000000000001,0,0.137,0.0,5.956,203.3,85.67,26,980.0
1999,5,5,12,0,473,299,761,68,940,972,8,22,15.89,0,0.137,0.0,5.952,206.60000000000002,81.35000000000001,26,980.0
1999,5,5,12,30,447,341,770,67,937,952,7,22,19.32,0,0.137,0.0,5.944,206.60000000000002,81.3,26,980.0
1999,5,5,13,0,346,430,738,67,929,913,8,22,24.55,4,0.137,0.0,5.937,208.8,81.79,26,980.0
1999,5,5,13,30,194,8,201,66,919,856,3,22,30.69,0,0.137,0.0,5.928,208.8,86.74,25,980.0
1999,5,5,14,0,384,117,478,65,903,784,8,22,37.28,0,0.137,0.0,5.92,210.9,87.34,25,980.0
1999,5,5,14,30,324,139,424,62,883,696,8,22,44.11,1,0.137,0.0,5.9110000000000005,210.9,87.32000000000001,25,980.0
1999,5,5,15,0,276,138,363,60,854,596,8,22,51.1,1,0.137,0.0,5.9030000000000005,214.3,88.36,25,980.0
1999,5,5,15,30,224,136,296,56,815,486,8,22,58.17,4,0.137,0.0,5.894,214.3,93.78,24,980.0
1999,5,5,16,0,169,131,224,51,759,368,8,23,65.3,1,0.137,0.0,5.885,216.10000000000002,95.09,24,980.0
1999,5,5,16,30,114,121,151,44,676,247,8,23,72.47,1,0.137,0.0,5.88,216.10000000000002,95.11,24,980.0
1999,5,5,17,0,63,91,79,33,538,130,8,23,79.66,1,0.137,0.0,5.875,206.8,96.24000000000001,24,980.0
1999,5,5,17,30,19,0,19,16,276,31,6,23,86.85000000000001,1,0.137,0.0,5.867,206.8,100.0,23,980.0
1999,5,5,18,0,0,0,0,0,0,0,6,23,94.05,1,0.137,0.1,5.86,202.10000000000002,100.0,23,980.0
1999,5,5,18,30,0,0,0,0,0,0,6,23,101.23,0,0.137,0.1,5.843,202.10000000000002,100.0,23,980.0
1999,5,5,19,0,0,0,0,0,0,0,6,23,108.4,1,0.137,0.1,5.827,216.20000000000002,100.0,23,980.0
1999,5,5,19,30,0,0,0,0,0,0,6,23,115.52,1,0.137,0.1,5.7940000000000005,216.20000000000002,100.0,23,980.0
1999,5,5,20,0,0,0,0,0,0,0,6,23,122.59,1,0.137,0.1,5.761,222.70000000000002,100.0,23,980.0
1999,5,5,20,30,0,0,0,0,0,0,8,23,129.58,1,0.137,0.1,5.708,222.70000000000002,100.0,23,980.0
1999,5,5,21,0,0,0,0,0,0,0,8,22,136.44,1,0.137,0.1,5.656,220.60000000000002,98.99000000000001,23,980.0
1999,5,5,21,30,0,0,0,0,0,0,8,22,143.1,0,0.137,0.1,5.607,220.60000000000002,100.0,22,980.0
1999,5,5,22,0,0,0,0,0,0,0,8,22,149.43,1,0.137,0.1,5.559,192.20000000000002,100.0,22,980.0
1999,5,5,22,30,0,0,0,0,0,0,8,22,155.15,1,0.137,0.1,5.537,192.20000000000002,100.0,22,980.0
1999,5,5,23,0,0,0,0,0,0,0,8,22,159.75,1,0.137,0.2,5.516,176.70000000000002,100.0,22,980.0
1999,5,5,23,30,0,0,0,0,0,0,7,22,162.34,1,0.137,0.2,5.51,176.70000000000002,100.0,22,980.0
1999,5,6,0,0,0,0,0,0,0,0,7,22,162.01,1,0.137,0.30000000000000004,5.5040000000000004,179.9,100.0,22,980.0
1999,5,6,0,30,0,0,0,0,0,0,7,22,158.91,0,0.137,0.2,5.497,179.9,100.0,22,980.0
1999,5,6,1,0,0,0,0,0,0,0,7,21,154.01,1,0.137,0.2,5.492,228.5,99.5,22,980.0
1999,5,6,1,30,0,0,0,0,0,0,7,21,148.13,1,0.137,0.2,5.478,228.5,99.48,22,980.0
1999,5,6,2,0,0,0,0,0,0,0,7,21,141.72,1,0.137,0.30000000000000004,5.465,273.0,98.93,22,980.0
1999,5,6,2,30,0,0,0,0,0,0,7,21,135.01,1,0.137,0.30000000000000004,5.452,273.0,100.0,22,980.0
1999,5,6,3,0,0,0,0,0,0,0,7,21,128.12,1,0.137,0.30000000000000004,5.44,280.5,100.0,22,980.0
1999,5,6,3,30,0,0,0,0,0,0,7,21,121.11,0,0.137,0.30000000000000004,5.425,280.5,100.0,21,980.0
1999,5,6,4,0,0,0,0,0,0,0,7,21,114.03,1,0.137,0.30000000000000004,5.4110000000000005,282.6,100.0,21,980.0
1999,5,6,4,30,0,0,0,0,0,0,7,21,106.9,1,0.137,0.30000000000000004,5.3950000000000005,282.6,100.0,21,980.0
1999,5,6,5,0,0,0,0,0,0,0,8,21,99.74000000000001,1,0.137,0.4,5.38,284.40000000000003,100.0,21,980.0
1999,5,6,5,30,0,0,0,0,0,0,8,21,92.55,0,0.137,0.30000000000000004,5.368,284.40000000000003,100.0,21,980.0
1999,5,6,6,0,25,0,25,20,353,49,7,21,85.36,0,0.137,0.2,5.356,286.90000000000003,100.0,22,980.0
1999,5,6,6,30,68,0,68,35,579,154,4,21,78.17,0,0.137,0.1,5.36,286.90000000000003,98.01,22,980.0
1999,5,6,7,0,109,1,109,45,700,273,4,21,70.99,0,0.137,0.0,5.365,317.20000000000005,92.65,23,980.0
1999,5,6,7,30,159,19,167,52,775,393,4,21,63.84,0,0.137,0.0,5.389,317.20000000000005,92.69,23,980.0
1999,5,6,8,0,242,169,335,57,825,510,8,22,56.730000000000004,0,0.137,0.0,5.414,249.60000000000002,93.83,24,990.0
1999,5,6,8,30,290,88,348,61,861,619,8,22,49.69,0,0.137,0.0,5.449,249.60000000000002,93.84,24,990.0
1999,5,6,9,0,300,37,328,66,885,717,8,23,42.74,0,0.137,0.1,5.486,218.4,89.97,25,990.0
1999,5,6,9,30,337,38,368,69,905,802,8,23,35.97,0,0.137,0.0,5.513,218.4,89.96000000000001,25,990.0
1999,5,6,10,0,359,46,400,73,917,872,8,23,29.490000000000002,4,0.137,0.0,5.541,186.10000000000002,85.85000000000001,26,990.0
1999,5,6,10,30,74,927,925,74,927,925,8,23,23.53,4,0.137,0.0,5.557,186.10000000000002,85.83,26,990.0
1999,5,6,11,0,76,933,960,76,933,960,0,23,18.63,0,0.137,0.0,5.573,164.8,86.67,26,990.0
1999,5,6,11,30,490,231,713,76,936,977,3,23,15.8,0,0.137,0.0,5.582,164.8,86.62,26,980.0
1999,5,6,12,0,76,935,975,76,935,975,0,23,16.17,0,0.137,0.0,5.591,166.9,87.71000000000001,26,980.0
1999,5,6,12,30,434,55,486,76,932,954,4,23,19.55,0,0.137,0.0,5.59,166.9,87.67,26,980.0
1999,5,6,13,0,430,336,736,74,925,915,8,24,24.740000000000002,0,0.137,0.0,5.59,168.3,89.39,26,980.0
1999,5,6,13,30,331,418,690,72,915,858,8,24,30.830000000000002,1,0.137,0.0,5.588,168.3,89.35000000000001,26,980.0
1999,5,6,14,0,304,412,631,69,900,785,8,24,37.4,1,0.137,0.0,5.587,167.3,90.61,26,980.0
1999,5,6,14,30,67,879,697,67,879,697,0,24,44.21,1,0.137,0.0,5.589,167.3,90.60000000000001,26,980.0
1999,5,6,15,0,62,852,596,62,852,596,0,24,51.18,1,0.137,0.0,5.591,155.70000000000002,94.14,26,980.0
1999,5,6,15,30,58,813,486,58,813,486,0,24,58.24,0,0.137,0.0,5.589,155.70000000000002,99.87,25,980.0
1999,5,6,16,0,51,759,368,51,759,368,0,25,65.35,1,0.137,0.0,5.588,130.1,100.0,25,980.0
1999,5,6,16,30,44,676,247,44,676,247,0,24,72.51,1,0.137,0.0,5.573,130.1,100.0,25,980.0
1999,5,6,17,0,33,540,130,33,540,130,0,24,79.69,1,0.137,0.1,5.558,127.60000000000001,100.0,25,980.0
1999,5,6,17,30,16,279,31,16,279,31,6,24,86.87,1,0.137,0.2,5.5360000000000005,127.60000000000001,100.0,24,980.0
1999,5,6,18,0,0,0,0,0,0,0,6,24,94.06,1,0.137,0.30000000000000004,5.514,130.70000000000002,100.0,24,980.0
1999,5,6,18,30,0,0,0,0,0,0,6,23,101.23,0,0.137,0.30000000000000004,5.493,130.70000000000002,100.0,24,980.0
1999,5,6,19,0,0,0,0,0,0,0,6,23,108.38,1,0.137,0.30000000000000004,5.473,136.1,100.0,24,980.0
1999,5,6,19,30,0,0,0,0,0,0,6,23,115.5,0,0.137,0.30000000000000004,5.454,136.1,100.0,23,980.0
1999,5,6,20,0,0,0,0,0,0,0,6,23,122.55,0,0.137,0.30000000000000004,5.436,143.3,100.0,23,980.0
1999,5,6,20,30,0,0,0,0,0,0,6,23,129.53,0,0.137,0.2,5.41,143.3,100.0,23,980.0
1999,5,6,21,0,0,0,0,0,0,0,6,23,136.37,0,0.137,0.2,5.384,151.1,100.0,23,980.0
1999,5,6,21,30,0,0,0,0,0,0,7,22,143.0,0,0.137,0.1,5.353,151.1,100.0,23,980.0
1999,5,6,22,0,0,0,0,0,0,0,8,22,149.29,0,0.137,0.1,5.323,160.5,100.0,23,980.0
1999,5,6,22,30,0,0,0,0,0,0,6,22,154.97,0,0.137,0.0,5.292,160.5,100.0,22,980.0
1999,5,6,23,0,0,0,0,0,0,0,6,22,159.52,0,0.137,0.0,5.261,169.20000000000002,100.0,22,980.0
1999,5,6,23,30,0,0,0,0,0,0,6,22,162.06,0,0.137,0.0,5.239,169.20000000000002,100.0,22,980.0
1999,5,7,0,0,0,0,0,0,0,0,6,22,161.73,0,0.137,0.0,5.218,171.3,100.0,22,980.0
1999,5,7,0,30,0,0,0,0,0,0,6,22,158.67000000000002,0,0.137,0.0,5.208,171.3,100.0,22,980.0
1999,5,7,1,0,0,0,0,0,0,0,8,22,153.81,0,0.137,0.1,5.199,174.9,100.0,22,980.0
1999,5,7,1,30,0,0,0,0,0,0,8,22,147.97,0,0.137,0.1,5.192,174.9,100.0,22,980.0
1999,5,7,2,0,0,0,0,0,0,0,8,22,141.59,0,0.137,0.2,5.1850000000000005,175.8,100.0,22,980.0
1999,5,7,2,30,0,0,0,0,0,0,8,22,134.9,0,0.137,0.30000000000000004,5.183,175.8,100.0,22,980.0
1999,5,7,3,0,0,0,0,0,0,0,7,22,128.03,0,0.137,0.4,5.182,176.0,100.0,22,980.0
1999,5,7,3,30,0,0,0,0,0,0,7,22,121.04,0,0.137,0.4,5.19,176.0,100.0,22,980.0
1999,5,7,4,0,0,0,0,0,0,0,7,22,113.97,0,0.137,0.4,5.198,183.5,100.0,22,980.0
1999,5,7,4,30,0,0,0,0,0,0,7,22,106.85000000000001,0,0.137,0.4,5.207,183.5,100.0,22,980.0
1999,5,7,5,0,0,0,0,0,0,0,8,22,99.7,0,0.137,0.5,5.2170000000000005,191.10000000000002,100.0,22,980.0
1999,5,7,5,30,0,0,0,0,0,0,8,22,92.53,0,0.137,0.4,5.223,191.10000000000002,100.0,22,980.0
1999,5,7,6,0,15,0,15,21,346,49,8,22,85.34,0,0.137,0.30000000000000004,5.229,193.4,100.0,22,980.0
1999,5,7,6,30,42,0,42,37,572,154,8,22,78.17,0,0.137,0.1,5.236,193.4,100.0,22,990.0
1999,5,7,7,0,41,0,41,47,696,273,4,23,71.0,0,0.137,0.0,5.243,197.10000000000002,100.0,23,990.0
1999,5,7,7,30,175,53,199,54,772,394,4,23,63.86,0,0.137,0.0,5.2540000000000004,197.10000000000002,100.0,23,990.0
1999,5,7,8,0,162,540,458,57,826,510,8,23,56.76,0,0.137,0.0,5.265,207.20000000000002,100.0,24,990.0
1999,5,7,8,30,61,862,618,61,862,618,0,23,49.730000000000004,0,0.137,0.0,5.283,207.20000000000002,100.0,24,990.0
1999,5,7,9,0,62,890,715,62,890,715,1,24,42.81,0,0.137,0.0,5.3020000000000005,186.60000000000002,100.0,24,990.0
1999,5,7,9,30,303,491,700,64,910,800,7,24,36.06,0,0.137,0.0,5.319,186.60000000000002,100.0,24,990.0
1999,5,7,10,0,339,503,777,64,925,868,8,24,29.61,0,0.137,0.1,5.336,132.4,94.76,25,990.0
1999,5,7,10,30,65,934,921,65,934,921,0,24,23.7,0,0.137,0.0,5.34,132.4,94.74,25,990.0
1999,5,7,11,0,65,941,956,65,941,956,0,22,18.85,0,0.137,0.0,5.345,103.5,82.04,26,990.0
1999,5,7,11,30,66,944,973,66,944,973,1,22,16.07,0,0.137,0.0,5.349,103.5,81.99,26,990.0
1999,5,7,12,0,416,436,835,65,944,971,7,22,16.44,0,0.137,0.0,5.353,134.5,83.08,27,990.0
1999,5,7,12,30,462,289,734,65,940,950,8,22,19.78,0,0.137,0.0,5.3580000000000005,134.5,83.03,27,980.0
1999,5,7,13,0,452,114,556,64,933,911,8,23,24.92,0,0.137,0.0,5.363,141.9,83.59,27,980.0
1999,5,7,13,30,63,923,854,63,923,854,1,22,30.98,0,0.137,0.0,5.357,141.9,83.54,26,980.0
1999,5,7,14,0,342,382,645,60,908,781,8,23,37.51,0,0.137,0.0,5.351,149.20000000000002,84.97,26,980.0
1999,5,7,14,30,58,888,694,58,888,694,0,23,44.31,0,0.137,0.0,5.3340000000000005,149.20000000000002,84.95,26,980.0
1999,5,7,15,0,54,861,594,54,861,594,1,24,51.25,0,0.137,0.0,5.3180000000000005,159.3,89.21000000000001,26,980.0
1999,5,7,15,30,51,823,483,51,823,483,0,24,58.300000000000004,0,0.137,0.0,5.296,159.3,94.63,26,980.0
1999,5,7,16,0,46,769,366,46,769,366,0,24,65.4,0,0.137,0.0,5.275,175.3,96.42,26,980.0
1999,5,7,16,30,40,688,246,40,688,246,0,24,72.55,0,0.137,0.0,5.258,175.3,96.43,25,980.0
1999,5,7,17,0,30,554,129,30,554,129,1,24,79.71000000000001,0,0.137,0.1,5.242,189.8,97.46000000000001,25,980.0
1999,5,7,17,30,15,296,31,15,296,31,0,24,86.89,0,0.137,0.1,5.228,189.8,100.0,24,980.0
1999,5,7,18,0,0,0,0,0,0,0,7,23,94.06,0,0.137,0.2,5.215,207.60000000000002,97.12,24,980.0
1999,5,7,18,30,0,0,0,0,0,0,4,23,101.23,0,0.137,0.2,5.2090000000000005,207.60000000000002,97.15,24,980.0
1999,5,7,19,0,0,0,0,0,0,0,4,23,108.37,1,0.137,0.2,5.203,213.4,95.0,24,980.0
1999,5,7,19,30,0,0,0,0,0,0,4,23,115.47,0,0.137,0.2,5.205,213.4,95.04,24,980.0
1999,5,7,20,0,0,0,0,0,0,0,4,23,122.51,0,0.137,0.30000000000000004,5.208,194.5,94.76,24,980.0
1999,5,7,20,30,0,0,0,0,0,0,1,23,129.47,0,0.137,0.30000000000000004,5.216,194.5,100.0,23,990.0
1999,5,7,21,0,0,0,0,0,0,0,7,23,136.29,0,0.137,0.4,5.2250000000000005,181.20000000000002,100.0,23,990.0
1999,5,7,21,30,0,0,0,0,0,0,7,23,142.9,0,0.137,0.4,5.237,181.20000000000002,100.0,23,990.0
1999,5,7,22,0,0,0,0,0,0,0,7,23,149.15,0,0.137,0.5,5.25,174.0,100.0,23,990.0
1999,5,7,22,30,0,0,0,0,0,0,7,22,154.79,0,0.137,0.5,5.268,174.0,100.0,22,990.0
1999,5,7,23,0,0,0,0,0,0,0,8,22,159.29,0,0.137,0.5,5.287,167.9,100.0,22,990.0
1999,5,7,23,30,0,0,0,0,0,0,7,22,161.79,0,0.137,0.5,5.298,167.9,100.0,22,980.0
1999,5,8,0,0,0,0,0,0,0,0,8,22,161.46,0,0.137,0.5,5.311,170.10000000000002,100.0,22,980.0
1999,5,8,0,30,0,0,0,0,0,0,8,22,158.43,0,0.137,0.5,5.314,170.10000000000002,100.0,22,980.0
1999,5,8,1,0,0,0,0,0,0,0,4,22,153.62,0,0.137,0.5,5.317,180.4,100.0,22,980.0
1999,5,8,1,30,0,0,0,0,0,0,4,22,147.81,0,0.137,0.5,5.312,180.4,100.0,22,980.0
1999,5,8,2,0,0,0,0,0,0,0,4,22,141.46,0,0.137,0.5,5.307,195.5,100.0,22,980.0
1999,5,8,2,30,0,0,0,0,0,0,8,21,134.8,0,0.137,0.4,5.297,195.5,100.0,22,980.0
1999,5,8,3,0,0,0,0,0,0,0,8,21,127.95,0,0.137,0.4,5.287,211.5,100.0,22,980.0
1999,5,8,3,30,0,0,0,0,0,0,4,21,120.97,0,0.137,0.4,5.281,211.5,100.0,22,980.0
1999,5,8,4,0,0,0,0,0,0,0,4,21,113.91,0,0.137,0.4,5.276,220.60000000000002,100.0,22,980.0
1999,5,8,4,30,0,0,0,0,0,0,4,21,106.81,0,0.137,0.5,5.281,220.60000000000002,100.0,22,980.0
1999,5,8,5,0,0,0,0,0,0,0,4,22,99.66,0,0.137,0.6000000000000001,5.2860000000000005,216.3,100.0,22,980.0
1999,5,8,5,30,0,0,0,0,0,0,4,22,92.5,0,0.137,0.5,5.2940000000000005,216.3,100.0,22,990.0
1999,5,8,6,0,2,0,2,20,351,49,4,22,85.33,0,0.137,0.4,5.3020000000000005,197.60000000000002,100.0,22,990.0
1999,5,8,6,30,29,0,29,36,575,154,4,22,78.16,0,0.137,0.2,5.308,197.60000000000002,100.0,22,990.0
1999,5,8,7,0,126,73,150,45,698,273,3,23,71.01,0,0.137,0.1,5.315,165.8,100.0,23,990.0
1999,5,8,7,30,184,139,246,52,774,393,3,23,63.88,0,0.137,0.1,5.33,165.8,100.0,23,990.0
1999,5,8,8,0,222,47,248,55,827,508,3,23,56.800000000000004,0,0.137,0.1,5.346,154.10000000000002,100.0,23,990.0
1999,5,8,8,30,290,92,349,59,863,616,3,23,49.78,0,0.137,0.1,5.365,154.10000000000002,100.0,23,990.0
1999,5,8,9,0,346,121,436,61,890,713,3,23,42.88,0,0.137,0.1,5.385,131.6,100.0,23,990.0
1999,5,8,9,30,393,209,562,63,909,797,3,24,36.15,0,0.137,0.1,5.399,131.6,100.0,24,990.0
1999,5,8,10,0,434,169,581,64,923,866,3,23,29.73,0,0.137,0.1,5.414,109.0,94.01,25,990.0
1999,5,8,10,30,65,933,919,65,933,919,0,23,23.86,0,0.137,0.0,5.4270000000000005,109.0,93.97,25,990.0
1999,5,8,11,0,405,431,813,65,940,953,7,22,19.07,0,0.137,0.0,5.441,120.7,87.18,25,990.0
1999,5,8,11,30,432,381,798,65,943,970,7,22,16.34,0,0.137,0.0,5.463,120.7,87.13,25,990.0
1999,5,8,12,0,443,56,498,64,942,967,7,23,16.7,0,0.137,0.0,5.485,130.4,88.8,25,990.0
1999,5,8,12,30,199,9,208,64,939,947,6,23,20.0,0,0.137,0.0,5.497,130.4,88.76,25,980.0
1999,5,8,13,0,145,2,147,62,933,907,6,23,25.1,0,0.137,0.0,5.509,139.1,90.24,25,980.0
1999,5,8,13,30,144,1,146,61,922,851,6,23,31.12,0,0.137,0.0,5.513,139.1,95.75,25,980.0
1999,5,8,14,0,130,0,130,57,908,777,6,23,37.62,0,0.137,0.0,5.517,151.70000000000002,98.16,25,980.0
1999,5,8,14,30,124,0,124,55,888,690,6,23,44.4,0,0.137,0.0,5.513,151.70000000000002,98.14,24,980.0
1999,5,8,15,0,174,3,176,52,861,590,6,24,51.33,0,0.137,0.0,5.509,148.4,100.0,24,980.0
1999,5,8,15,30,191,21,203,48,823,480,6,24,58.36,0,0.137,0.0,5.503,148.4,100.0,24,980.0
1999,5,8,16,0,93,0,93,43,770,363,8,24,65.45,0,0.137,0.0,5.497,139.9,100.0,24,980.0
1999,5,8,16,30,116,137,157,38,689,244,8,24,72.58,0,0.137,0.0,5.492,139.9,100.0,24,980.0
1999,5,8,17,0,60,121,82,29,556,128,8,24,79.74,4,0.137,0.1,5.487,105.7,100.0,24,980.0
1999,5,8,17,30,18,19,19,14,300,30,4,23,86.9,4,0.137,0.2,5.488,105.7,100.0,23,980.0
1999,5,8,18,0,0,0,0,0,0,0,4,23,94.07000000000001,0,0.137,0.30000000000000004,5.49,100.9,100.0,23,980.0
1999,5,8,18,30,0,0,0,0,0,0,4,22,101.22,0,0.137,0.30000000000000004,5.496,100.9,100.0,23,980.0
1999,5,8,19,0,0,0,0,0,0,0,4,22,108.35000000000001,1,0.137,0.30000000000000004,5.503,100.5,100.0,23,990.0
1999,5,8,19,30,0,0,0,0,0,0,3,22,115.43,0,0.137,0.2,5.515,100.5,100.0,22,990.0
1999,5,8,20,0,0,0,0,0,0,0,4,22,122.46000000000001,0,0.137,0.2,5.527,101.5,100.0,22,990.0
1999,5,8,20,30,0,0,0,0,0,0,4,22,129.4,0,0.137,0.2,5.5360000000000005,101.5,100.0,22,990.0
1999,5,8,21,0,0,0,0,0,0,0,7,22,136.21,0,0.137,0.2,5.545,104.30000000000001,100.0,22,990.0
1999,5,8,21,30,0,0,0,0,0,0,7,22,142.79,0,0.137,0.2,5.545,104.30000000000001,100.0,22,990.0
1999,5,8,22,0,0,0,0,0,0,0,7,22,149.02,0,0.137,0.2,5.547,104.5,100.0,22,990.0
1999,5,8,22,30,0,0,0,0,0,0,7,21,154.61,0,0.137,0.2,5.526,104.5,100.0,22,990.0
1999,5,8,23,0,0,0,0,0,0,0,7,21,159.06,0,0.137,0.2,5.506,104.5,100.0,22,990.0
1999,5,8,23,30,0,0,0,0,0,0,7,21,161.53,0,0.137,0.2,5.457,104.5,100.0,22,990.0
1999,5,9,0,0,0,0,0,0,0,0,7,21,161.20000000000002,0,0.137,0.2,5.409,104.7,100.0,22,990.0
1999,5,9,0,30,0,0,0,0,0,0,7,21,158.20000000000002,0,0.137,0.2,5.34,104.7,100.0,21,980.0
1999,5,9,1,0,0,0,0,0,0,0,7,21,153.43,0,0.137,0.30000000000000004,5.271,104.4,100.0,21,980.0
1999,5,9,1,30,0,0,0,0,0,0,7,21,147.66,0,0.137,0.30000000000000004,5.2,104.4,100.0,21,980.0
1999,5,9,2,0,0,0,0,0,0,0,7,21,141.34,0,0.137,0.4,5.13,102.30000000000001,100.0,21,980.0
1999,5,9,2,30,0,0,0,0,0,0,7,21,134.7,0,0.137,0.4,5.0760000000000005,102.30000000000001,100.0,21,980.0
1999,5,9,3,0,0,0,0,0,0,0,7,21,127.86,0,0.137,0.4,5.022,96.30000000000001,100.0,21,980.0
1999,5,9,3,30,0,0,0,0,0,0,4,21,120.9,0,0.137,0.4,4.998,96.30000000000001,100.0,21,980.0
1999,5,9,4,0,0,0,0,0,0,0,4,21,113.86,0,0.137,0.4,4.974,82.10000000000001,100.0,21,980.0
1999,5,9,4,30,0,0,0,0,0,0,4,21,106.76,0,0.137,0.4,4.9670000000000005,82.10000000000001,100.0,21,980.0
1999,5,9,5,0,0,0,0,0,0,0,4,21,99.63,0,0.137,0.4,4.961,62.0,100.0,21,990.0
1999,5,9,5,30,0,0,0,0,0,0,4,21,92.48,0,0.137,0.30000000000000004,4.954,62.0,100.0,21,990.0
1999,5,9,6,0,14,0,14,19,369,49,4,21,85.32000000000001,0,0.137,0.30000000000000004,4.948,25.200000000000003,100.0,21,990.0
1999,5,9,6,30,29,0,29,33,590,154,4,21,78.16,0,0.137,0.1,4.941,25.200000000000003,100.0,21,990.0
1999,5,9,7,0,110,4,111,42,709,272,4,22,71.02,0,0.137,0.0,4.934,328.70000000000005,100.0,22,990.0
1999,5,9,7,30,172,46,193,47,783,392,4,22,63.9,0,0.137,0.0,4.9350000000000005,328.70000000000005,100.0,22,990.0
1999,5,9,8,0,240,124,308,51,834,508,4,22,56.83,0,0.137,0.0,4.937,73.60000000000001,100.0,22,990.0
1999,5,9,8,30,296,141,387,55,869,616,4,22,49.84,0,0.137,0.0,4.949,73.60000000000001,100.0,22,990.0
1999,5,9,9,0,341,243,519,57,895,712,3,22,42.95,0,0.137,0.0,4.961,119.30000000000001,100.0,22,990.0
1999,5,9,9,30,393,137,504,59,914,797,3,22,36.25,0,0.137,0.0,4.986,119.30000000000001,100.0,22,990.0
1999,5,9,10,0,432,195,601,61,928,866,3,23,29.86,0,0.137,0.0,5.0120000000000005,142.4,100.0,23,990.0
1999,5,9,10,30,459,127,575,62,937,918,3,23,24.03,0,0.137,0.0,5.042,142.4,100.0,23,990.0
1999,5,9,11,0,62,943,953,62,943,953,0,22,19.29,0,0.137,0.0,5.072,160.20000000000002,97.54,24,990.0
1999,5,9,11,30,63,946,970,63,946,970,0,22,16.6,0,0.137,0.0,5.099,160.20000000000002,97.49000000000001,24,990.0
1999,5,9,12,0,63,945,967,63,945,967,0,22,16.97,0,0.137,0.0,5.127,198.8,89.04,24,980.0
1999,5,9,12,30,62,942,946,62,942,946,0,22,20.22,0,0.137,0.0,5.148,198.8,88.99,24,980.0
1999,5,9,13,0,62,934,907,62,934,907,0,21,25.27,0,0.137,0.0,5.1690000000000005,231.60000000000002,83.18,25,980.0
1999,5,9,13,30,61,924,851,61,924,851,0,21,31.26,0,0.137,0.0,5.178,231.60000000000002,83.14,25,980.0
1999,5,9,14,0,351,349,627,59,909,778,8,21,37.74,0,0.137,0.0,5.188,256.3,83.0,25,980.0
1999,5,9,14,30,263,412,557,57,888,691,8,21,44.49,1,0.137,0.0,5.191,256.3,82.97,25,980.0
1999,5,9,15,0,218,19,230,55,860,591,6,21,51.4,1,0.137,0.0,5.194,256.2,83.44,25,980.0
1999,5,9,15,30,181,13,188,51,822,482,6,21,58.42,0,0.137,0.0,5.183,256.2,83.43,25,980.0
1999,5,9,16,0,139,7,142,46,768,365,6,22,65.49,1,0.137,0.0,5.172,257.6,84.85000000000001,25,980.0
1999,5,9,16,30,95,0,95,40,686,245,6,22,72.61,1,0.137,0.0,5.147,257.6,90.06,24,980.0
1999,5,9,17,0,50,0,50,31,551,129,6,23,79.76,1,0.137,0.0,5.123,262.40000000000003,94.53,24,980.0
1999,5,9,17,30,12,0,12,15,293,31,0,23,86.91,1,0.137,0.1,5.107,262.40000000000003,100.0,23,980.0
1999,5,9,18,0,0,0,0,0,0,0,0,22,94.07000000000001,1,0.137,0.2,5.0920000000000005,289.6,96.92,23,980.0
1999,5,9,18,30,0,0,0,0,0,0,0,22,101.21000000000001,0,0.137,0.2,5.087,289.6,100.0,23,980.0
1999,5,9,19,0,0,0,0,0,0,0,0,21,108.32000000000001,1,0.137,0.30000000000000004,5.083,307.20000000000005,99.83,23,980.0
1999,5,9,19,30,0,0,0,0,0,0,0,21,115.4,1,0.137,0.30000000000000004,5.0840000000000005,307.20000000000005,99.85000000000001,22,980.0
1999,5,9,20,0,0,0,0,0,0,0,0,21,122.42,1,0.137,0.4,5.086,319.70000000000005,97.60000000000001,22,980.0
1999,5,9,20,30,0,0,0,0,0,0,3,21,129.34,1,0.137,0.4,5.086,319.70000000000005,100.0,22,980.0
1999,5,9,21,0,0,0,0,0,0,0,3,21,136.12,1,0.137,0.4,5.086,324.90000000000003,100.0,22,980.0
1999,5,9,21,30,0,0,0,0,0,0,3,21,142.68,0,0.137,0.4,5.085,324.90000000000003,100.0,21,980.0
1999,5,9,22,0,0,0,0,0,0,0,3,21,148.88,1,0.137,0.4,5.0840000000000005,325.40000000000003,100.0,21,980.0
1999,5,9,22,30,0,0,0,0,0,0,3,20,154.43,1,0.137,0.30000000000000004,5.078,325.40000000000003,100.0,21,980.0
1999,5,9,23,0,0,0,0,0,0,0,0,20,158.84,1,0.137,0.30000000000000004,5.073,320.8,100.0,21,980.0
1999,5,9,23,30,0,0,0,0,0,0,0,20,161.27,0,0.137,0.30000000000000004,5.064,320.8,100.0,20,980.0
1999,5,10,0,0,0,0,0,0,0,0,0,20,160.94,0,0.137,0.30000000000000004,5.056,315.40000000000003,100.0,20,980.0
1999,5,10,0,30,0,0,0,0,0,0,0,20,157.98,0,0.137,0.30000000000000004,5.049,315.40000000000003,100.0,20,980.0
1999,5,10,1,0,0,0,0,0,0,0,0,20,153.25,0,0.137,0.30000000000000004,5.043,313.1,100.0,20,980.0
1999,5,10,1,30,0,0,0,0,0,0,0,20,147.51,0,0.137,0.30000000000000004,5.041,313.1,100.0,20,980.0
1999,5,10,2,0,0,0,0,0,0,0,3,20,141.22,0,0.137,0.30000000000000004,5.04,316.40000000000003,100.0,20,980.0
1999,5,10,2,30,0,0,0,0,0,0,4,19,134.6,0,0.137,0.30000000000000004,5.043,316.40000000000003,100.0,20,980.0
1999,5,10,3,0,0,0,0,0,0,0,4,19,127.78,0,0.137,0.30000000000000004,5.046,322.8,100.0,20,980.0
1999,5,10,3,30,0,0,0,0,0,0,3,19,120.84,0,0.137,0.30000000000000004,5.049,322.8,100.0,19,980.0
1999,5,10,4,0,0,0,0,0,0,0,4,19,113.81,0,0.137,0.4,5.053,328.3,100.0,19,980.0
1999,5,10,4,30,0,0,0,0,0,0,4,19,106.72,0,0.137,0.4,5.053,328.3,100.0,19,980.0
1999,5,10,5,0,0,0,0,0,0,0,4,19,99.60000000000001,0,0.137,0.4,5.053,328.90000000000003,100.0,19,980.0
1999,5,10,5,30,0,0,0,0,0,0,4,19,92.46000000000001,0,0.137,0.30000000000000004,5.053,328.90000000000003,100.0,19,980.0
1999,5,10,6,0,23,0,23,20,357,49,3,20,85.31,0,0.137,0.2,5.054,329.90000000000003,100.0,20,980.0
1999,5,10,6,30,71,22,76,35,580,154,3,20,78.16,0,0.137,0.1,5.064,329.90000000000003,95.41,21,980.0
1999,5,10,7,0,112,8,114,45,701,272,4,21,71.03,0,0.137,0.0,5.0760000000000005,340.8,94.34,22,980.0
1999,5,10,7,30,175,55,199,51,776,392,4,21,63.93,0,0.137,0.0,5.102,340.8,88.82000000000001,23,990.0
1999,5,10,8,0,232,75,274,55,827,508,4,22,56.870000000000005,0,0.137,0.0,5.1290000000000004,130.5,89.53,25,990.0
1999,5,10,8,30,249,29,268,59,863,615,4,22,49.89,0,0.137,0.0,5.167,130.5,84.35000000000001,25,990.0
1999,5,10,9,0,346,130,442,63,888,712,4,22,43.02,0,0.137,0.0,5.206,141.3,81.41,26,990.0
1999,5,10,9,30,391,209,560,65,907,796,4,22,36.34,0,0.137,0.0,5.25,141.3,81.39,26,990.0
1999,5,10,10,0,432,184,592,68,920,865,4,23,29.98,0,0.137,0.0,5.295,150.5,78.88,27,980.0
1999,5,10,10,30,395,400,761,69,930,918,3,23,24.2,0,0.137,0.0,5.337,150.5,78.85000000000001,27,980.0
1999,5,10,11,0,71,935,953,71,935,953,0,23,19.51,0,0.137,0.0,5.38,158.10000000000002,80.66,27,980.0
1999,5,10,11,30,423,397,803,71,938,969,8,23,16.86,0,0.137,0.0,5.417,158.10000000000002,80.61,27,980.0
1999,5,10,12,0,483,240,713,71,938,967,8,23,17.22,0,0.137,0.0,5.454,164.70000000000002,77.09,28,980.0
1999,5,10,12,30,394,489,853,70,934,946,8,23,20.44,0,0.137,0.0,5.487,164.70000000000002,81.67,28,980.0
1999,5,10,13,0,69,927,906,69,927,906,0,23,25.44,0,0.137,0.0,5.521,168.0,82.66,28,980.0
1999,5,10,13,30,67,916,850,67,916,850,0,23,31.400000000000002,0,0.137,0.0,5.5440000000000005,168.0,82.64,27,980.0
1999,5,10,14,0,64,902,777,64,902,777,0,24,37.84,0,0.137,0.0,5.567,148.0,87.02,27,980.0
1999,5,10,14,30,62,881,690,62,881,690,0,24,44.57,1,0.137,0.0,5.582,148.0,87.0,27,980.0
1999,5,10,15,0,58,854,590,58,854,590,0,24,51.47,1,0.137,0.0,5.597,130.6,88.71000000000001,27,980.0
1999,5,10,15,30,54,815,480,54,815,480,0,24,58.47,0,0.137,0.0,5.611,130.6,94.07000000000001,26,980.0
1999,5,10,16,0,48,761,363,48,761,363,0,25,65.54,1,0.137,0.1,5.625,115.2,95.89,26,980.0
1999,5,10,16,30,67,564,235,42,678,244,8,25,72.64,0,0.137,0.1,5.633,115.2,100.0,26,980.0
1999,5,10,17,0,36,494,123,32,543,128,7,25,79.78,4,0.137,0.1,5.642,95.60000000000001,100.0,26,980.0
1999,5,10,17,30,15,257,29,15,285,30,6,25,86.92,4,0.137,0.2,5.651,95.60000000000001,100.0,25,980.0
1999,5,10,18,0,0,0,0,0,0,0,6,24,94.07000000000001,0,0.137,0.30000000000000004,5.6610000000000005,94.7,98.39,25,980.0
1999,5,10,18,30,0,0,0,0,0,0,7,24,101.2,0,0.137,0.30000000000000004,5.663,94.7,100.0,24,980.0
1999,5,10,19,0,0,0,0,0,0,0,7,24,108.3,1,0.137,0.4,5.666,95.10000000000001,100.0,24,980.0
1999,5,10,19,30,0,0,0,0,0,0,7,24,115.37,1,0.137,0.4,5.663,95.10000000000001,100.0,24,980.0
1999,5,10,20,0,0,0,0,0,0,0,7,24,122.37,1,0.137,0.4,5.66,97.9,100.0,24,980.0
1999,5,10,20,30,0,0,0,0,0,0,7,23,129.27,1,0.137,0.4,5.644,97.9,100.0,23,980.0
1999,5,10,21,0,0,0,0,0,0,0,7,23,136.04,1,0.137,0.4,5.6290000000000004,103.80000000000001,100.0,23,980.0
1999,5,10,21,30,0,0,0,0,0,0,7,23,142.57,0,0.137,0.4,5.605,103.80000000000001,100.0,23,980.0
1999,5,10,22,0,0,0,0,0,0,0,7,23,148.74,1,0.137,0.4,5.581,111.5,100.0,23,980.0
1999,5,10,22,30,0,0,0,0,0,0,7,23,154.26,1,0.137,0.30000000000000004,5.557,111.5,100.0,23,980.0
1999,5,10,23,0,0,0,0,0,0,0,7,23,158.62,1,0.137,0.30000000000000004,5.534,120.5,100.0,23,980.0
1999,5,10,23,30,0,0,0,0,0,0,7,22,161.01,0,0.137,0.2,5.5200000000000005,120.5,100.0,23,980.0
1999,5,11,0,0,0,0,0,0,0,0,7,22,160.68,0,0.137,0.1,5.507,125.4,100.0,23,980.0
1999,5,11,0,30,0,0,0,0,0,0,4,22,157.76,0,0.137,0.0,5.496,125.4,100.0,23,980.0
1999,5,11,1,0,0,0,0,0,0,0,4,22,153.07,0,0.137,0.0,5.485,123.10000000000001,100.0,23,980.0
1999,5,11,1,30,0,0,0,0,0,0,7,22,147.37,0,0.137,0.0,5.4670000000000005,123.10000000000001,100.0,23,980.0
1999,5,11,2,0,0,0,0,0,0,0,3,22,141.1,0,0.137,0.0,5.45,119.2,100.0,23,980.0
1999,5,11,2,30,0,0,0,0,0,0,7,22,134.5,0,0.137,0.0,5.429,119.2,100.0,22,980.0
1999,5,11,3,0,0,0,0,0,0,0,4,22,127.7,0,0.137,0.0,5.408,115.0,100.0,22,980.0
1999,5,11,3,30,0,0,0,0,0,0,7,22,120.77,0,0.137,0.0,5.389,115.0,100.0,22,980.0
1999,5,11,4,0,0,0,0,0,0,0,7,22,113.76,0,0.137,0.0,5.37,115.4,100.0,22,980.0
1999,5,11,4,30,0,0,0,0,0,0,6,22,106.68,0,0.137,0.0,5.3500000000000005,115.4,100.0,22,980.0
1999,5,11,5,0,0,0,0,0,0,0,8,22,99.58,0,0.137,0.0,5.331,118.10000000000001,100.0,22,980.0
1999,5,11,5,30,0,0,0,0,0,0,6,22,92.45,0,0.137,0.0,5.305,118.10000000000001,100.0,22,980.0
1999,5,11,6,0,7,0,7,19,365,49,6,22,85.3,0,0.137,0.0,5.279,124.2,100.0,22,990.0
1999,5,11,6,30,28,0,28,33,586,153,6,22,78.17,0,0.137,0.0,5.256,124.2,100.0,22,990.0
1999,5,11,7,0,29,0,29,42,705,271,6,23,71.05,0,0.137,0.0,5.2330000000000005,122.2,100.0,23,990.0
1999,5,11,7,30,106,0,106,48,779,390,6,23,63.96,0,0.137,0.0,5.215,122.2,100.0,23,990.0
1999,5,11,8,0,166,3,168,52,829,505,6,23,56.910000000000004,0,0.137,0.0,5.197,120.30000000000001,100.0,24,990.0
1999,5,11,8,30,290,99,354,55,865,612,8,23,49.94,0,0.137,0.0,5.19,120.30000000000001,100.0,24,990.0
1999,5,11,9,0,343,114,427,58,891,709,6,24,43.1,0,0.137,0.0,5.184,125.5,100.0,24,990.0
1999,5,11,9,30,393,176,534,60,910,793,7,24,36.44,0,0.137,0.0,5.1850000000000005,125.5,100.0,24,990.0
1999,5,11,10,0,430,196,600,63,924,862,8,23,30.11,0,0.137,0.0,5.187,97.30000000000001,99.15,24,990.0
1999,5,11,10,30,449,261,687,64,933,915,7,23,24.36,0,0.137,0.0,5.195,97.30000000000001,99.12,24,990.0
1999,5,11,11,0,462,285,731,65,939,950,7,23,19.72,0,0.137,0.0,5.204,95.0,96.93,24,990.0
1999,5,11,11,30,422,397,801,66,942,966,7,23,17.11,0,0.137,0.0,5.215,95.0,96.89,24,990.0
1999,5,11,12,0,67,941,964,67,941,964,0,23,17.47,0,0.137,0.0,5.226,94.5,95.61,25,980.0
1999,5,11,12,30,66,937,944,66,937,944,0,23,20.650000000000002,0,0.137,0.0,5.236,94.5,95.58,25,980.0
1999,5,11,13,0,66,930,905,66,930,905,0,23,25.61,0,0.137,0.0,5.247,100.2,95.23,25,980.0
1999,5,11,13,30,64,919,848,64,919,848,0,23,31.53,0,0.137,0.0,5.255,100.2,95.19,25,980.0
1999,5,11,14,0,348,354,627,63,904,776,8,23,37.95,0,0.137,0.0,5.263,123.0,95.60000000000001,25,980.0
1999,5,11,14,30,333,207,481,60,883,689,8,23,44.660000000000004,0,0.137,0.0,5.258,123.0,95.58,24,980.0
1999,5,11,15,0,245,384,485,57,856,589,8,23,51.54,0,0.137,0.0,5.253,144.1,97.2,24,980.0
1999,5,11,15,30,53,818,480,53,818,480,0,23,58.52,0,0.137,0.0,5.238,144.1,97.19,24,980.0
1999,5,11,16,0,47,763,363,47,763,363,0,23,65.58,0,0.137,0.0,5.224,128.70000000000002,99.77,24,980.0
1999,5,11,16,30,41,681,244,41,681,244,0,23,72.67,1,0.137,0.0,5.207,128.70000000000002,100.0,24,980.0
1999,5,11,17,0,31,545,128,31,545,128,0,23,79.79,1,0.137,0.1,5.191,125.10000000000001,100.0,24,980.0
1999,5,11,17,30,15,282,30,15,282,30,7,23,86.93,1,0.137,0.2,5.183,125.10000000000001,100.0,23,980.0
1999,5,11,18,0,0,0,0,0,0,0,7,23,94.06,1,0.137,0.4,5.1770000000000005,133.3,100.0,23,980.0
1999,5,11,18,30,0,0,0,0,0,0,7,23,101.18,0,0.137,0.4,5.175,133.3,100.0,23,980.0
1999,5,11,19,0,0,0,0,0,0,0,7,23,108.28,1,0.137,0.4,5.174,139.0,100.0,23,980.0
1999,5,11,19,30,0,0,0,0,0,0,7,22,115.33,1,0.137,0.4,5.179,139.0,100.0,23,980.0
1999,5,11,20,0,0,0,0,0,0,0,7,22,122.32000000000001,1,0.137,0.5,5.1850000000000005,147.4,100.0,23,990.0
1999,5,11,20,30,0,0,0,0,0,0,7,22,129.21,1,0.137,0.5,5.198,147.4,100.0,22,990.0
1999,5,11,21,0,0,0,0,0,0,0,7,22,135.95,1,0.137,0.5,5.211,160.70000000000002,100.0,22,990.0
1999,5,11,21,30,0,0,0,0,0,0,7,22,142.46,0,0.137,0.5,5.231,160.70000000000002,100.0,22,990.0
1999,5,11,22,0,0,0,0,0,0,0,7,22,148.6,1,0.137,0.5,5.251,175.4,100.0,22,990.0
1999,5,11,22,30,0,0,0,0,0,0,0,22,154.08,0,0.137,0.4,5.274,175.4,100.0,22,990.0
1999,5,11,23,0,0,0,0,0,0,0,0,22,158.4,0,0.137,0.4,5.298,189.5,100.0,22,990.0
1999,5,11,23,30,0,0,0,0,0,0,0,21,160.76,0,0.137,0.30000000000000004,5.319,189.5,100.0,21,980.0
1999,5,12,0,0,0,0,0,0,0,0,0,21,160.43,0,0.137,0.30000000000000004,5.34,198.60000000000002,100.0,21,980.0
1999,5,12,0,30,0,0,0,0,0,0,0,21,157.54,0,0.137,0.2,5.355,198.60000000000002,100.0,21,980.0
1999,5,12,1,0,0,0,0,0,0,0,7,21,152.89000000000001,0,0.137,0.2,5.37,204.10000000000002,100.0,21,980.0
1999,5,12,1,30,0,0,0,0,0,0,0,21,147.22,0,0.137,0.1,5.375,204.10000000000002,100.0,21,980.0
1999,5,12,2,0,0,0,0,0,0,0,7,21,140.98,0,0.137,0.1,5.38,207.70000000000002,100.0,21,980.0
1999,5,12,2,30,0,0,0,0,0,0,7,21,134.41,0,0.137,0.1,5.375,207.70000000000002,100.0,21,980.0
1999,5,12,3,0,0,0,0,0,0,0,1,21,127.63000000000001,0,0.137,0.1,5.37,211.4,100.0,21,980.0
1999,5,12,3,30,0,0,0,0,0,0,4,21,120.71000000000001,0,0.137,0.0,5.343,211.4,100.0,21,980.0
1999,5,12,4,0,0,0,0,0,0,0,4,21,113.71000000000001,0,0.137,0.0,5.316,214.9,100.0,21,980.0
1999,5,12,4,30,0,0,0,0,0,0,4,21,106.65,0,0.137,0.0,5.2700000000000005,214.9,100.0,21,980.0
1999,5,12,5,0,0,0,0,0,0,0,4,21,99.55,0,0.137,0.0,5.2250000000000005,215.10000000000002,100.0,21,990.0
1999,5,12,5,30,0,0,0,0,0,0,4,21,92.43,0,0.137,0.0,5.179,215.10000000000002,100.0,21,990.0
1999,5,12,6,0,8,0,8,20,356,49,4,21,85.3,0,0.137,0.0,5.134,215.0,100.0,22,990.0
1999,5,12,6,30,22,0,22,35,580,154,4,22,78.18,0,0.137,0.0,5.099,215.0,100.0,22,990.0
1999,5,12,7,0,95,0,95,44,701,271,3,23,71.07000000000001,0,0.137,0.0,5.065,214.0,100.0,23,990.0
1999,5,12,7,30,138,0,139,50,776,391,3,23,63.99,0,0.137,0.0,5.053,214.0,100.0,23,990.0
1999,5,12,8,0,234,83,279,55,827,506,3,24,56.95,0,0.137,0.0,5.041,206.10000000000002,100.0,24,990.0
1999,5,12,8,30,58,863,613,58,863,613,0,24,50.0,0,0.137,0.0,5.051,206.10000000000002,100.0,24,990.0
1999,5,12,9,0,61,889,710,61,889,710,0,23,43.17,0,0.137,0.0,5.061,211.3,93.42,25,990.0
1999,5,12,9,30,390,133,497,64,908,794,3,23,36.54,0,0.137,0.0,5.091,211.3,93.39,25,990.0
1999,5,12,10,0,319,22,338,65,922,862,3,23,30.240000000000002,0,0.137,0.0,5.122,215.0,85.22,26,990.0
1999,5,12,10,30,454,233,666,67,931,914,2,23,24.53,0,0.137,0.0,5.173,215.0,85.19,26,990.0
1999,5,12,11,0,68,937,949,68,937,949,0,23,19.93,0,0.137,0.0,5.226,213.9,84.41,26,990.0
1999,5,12,11,30,68,939,965,68,939,965,0,23,17.36,0,0.137,0.0,5.275,213.9,84.36,26,990.0
1999,5,12,12,0,68,939,963,68,939,963,0,23,17.72,0,0.137,0.0,5.325,211.60000000000002,85.78,26,980.0
1999,5,12,12,30,476,190,653,67,935,942,2,23,20.86,0,0.137,0.0,5.359,211.60000000000002,90.96000000000001,26,980.0
1999,5,12,13,0,66,928,902,66,928,902,0,23,25.78,0,0.137,0.0,5.394,211.8,93.93,26,980.0
1999,5,12,13,30,332,28,356,64,918,846,7,23,31.66,0,0.137,0.0,5.402,211.8,93.89,25,980.0
1999,5,12,14,0,62,903,773,62,903,773,0,24,38.050000000000004,0,0.137,0.0,5.4110000000000005,210.10000000000002,97.09,25,980.0
1999,5,12,14,30,330,106,406,59,883,687,8,24,44.74,0,0.137,0.0,5.401,210.10000000000002,97.06,25,980.0
1999,5,12,15,0,256,47,286,56,855,587,6,24,51.6,0,0.137,0.0,5.393,200.8,98.92,25,980.0
1999,5,12,15,30,206,42,228,52,817,478,6,24,58.57,0,0.137,0.0,5.378,200.8,100.0,25,980.0
1999,5,12,16,0,131,0,131,47,763,362,6,24,65.61,0,0.137,0.0,5.364,187.10000000000002,100.0,25,980.0
1999,5,12,16,30,114,85,140,41,681,243,6,24,72.7,0,0.137,0.0,5.356,187.10000000000002,100.0,24,980.0
1999,5,12,17,0,61,67,73,31,544,127,7,24,79.81,4,0.137,0.1,5.3500000000000005,172.3,100.0,24,980.0
1999,5,12,17,30,17,0,17,15,284,30,7,24,86.93,4,0.137,0.2,5.351,172.3,100.0,24,980.0
1999,5,12,18,0,0,0,0,0,0,0,6,24,94.06,0,0.137,0.4,5.353,169.10000000000002,100.0,24,980.0
1999,5,12,18,30,0,0,0,0,0,0,7,23,101.17,0,0.137,0.4,5.362,169.10000000000002,100.0,24,980.0
1999,5,12,19,0,0,0,0,0,0,0,7,23,108.25,1,0.137,0.4,5.372,169.5,100.0,24,980.0
1999,5,12,19,30,0,0,0,0,0,0,7,23,115.29,0,0.137,0.4,5.378,169.5,100.0,23,980.0
1999,5,12,20,0,0,0,0,0,0,0,7,23,122.26,0,0.137,0.5,5.385,172.70000000000002,100.0,23,990.0
1999,5,12,20,30,0,0,0,0,0,0,7,22,129.14000000000001,0,0.137,0.4,5.382,172.70000000000002,100.0,23,990.0
1999,5,12,21,0,0,0,0,0,0,0,7,22,135.86,0,0.137,0.4,5.38,180.4,100.0,23,990.0
1999,5,12,21,30,0,0,0,0,0,0,7,22,142.35,0,0.137,0.30000000000000004,5.3660000000000005,180.4,100.0,22,990.0
1999,5,12,22,0,0,0,0,0,0,0,7,22,148.46,0,0.137,0.30000000000000004,5.352,188.20000000000002,100.0,22,990.0
1999,5,12,22,30,0,0,0,0,0,0,7,22,153.9,0,0.137,0.2,5.329,188.20000000000002,100.0,22,990.0
1999,5,12,23,0,0,0,0,0,0,0,7,22,158.18,0,0.137,0.1,5.306,198.5,100.0,22,990.0
1999,5,12,23,30,0,0,0,0,0,0,8,22,160.51,0,0.137,0.0,5.281,198.5,100.0,22,990.0
1999,5,13,0,0,0,0,0,0,0,0,7,22,160.19,0,0.137,0.0,5.257,209.5,100.0,22,980.0
1999,5,13,0,30,0,0,0,0,0,0,7,22,157.32,0,0.137,0.0,5.24,209.5,100.0,22,980.0
1999,5,13,1,0,0,0,0,0,0,0,8,22,152.71,0,0.137,0.0,5.224,213.0,100.0,22,980.0
1999,5,13,1,30,0,0,0,0,0,0,7,21,147.08,0,0.137,0.0,5.215,213.0,100.0,22,980.0
1999,5,13,2,0,0,0,0,0,0,0,7,21,140.87,0,0.137,0.0,5.207,211.5,100.0,22,980.0
1999,5,13,2,30,0,0,0,0,0,0,7,21,134.32,0,0.137,0.0,5.21,211.5,100.0,21,980.0
1999,5,13,3,0,0,0,0,0,0,0,4,21,127.55,0,0.137,0.0,5.214,209.5,100.0,21,980.0
1999,5,13,3,30,0,0,0,0,0,0,4,21,120.65,0,0.137,0.0,5.2250000000000005,209.5,100.0,21,980.0
1999,5,13,4,0,0,0,0,0,0,0,3,21,113.66,0,0.137,0.0,5.236,205.8,100.0,21,980.0
1999,5,13,4,30,0,0,0,0,0,0,7,21,106.61,0,0.137,0.0,5.25,205.8,100.0,21,990.0
1999,5,13,5,0,0,0,0,0,0,0,7,21,99.53,0,0.137,0.0,5.265,203.10000000000002,100.0,21,990.0
1999,5,13,5,30,0,0,0,0,0,0,7,21,92.42,0,0.137,0.0,5.279,203.10000000000002,100.0,21,990.0
1999,5,13,6,0,13,0,13,20,361,49,7,21,85.3,4,0.137,0.0,5.295,203.3,100.0,21,990.0
1999,5,13,6,30,42,0,42,34,582,153,3,21,78.18,0,0.137,0.0,5.311,203.3,100.0,21,990.0
1999,5,13,7,0,111,8,114,42,703,270,3,22,71.09,0,0.137,0.0,5.329,205.3,100.0,22,990.0
1999,5,13,7,30,163,28,175,48,777,388,3,22,64.02,0,0.137,0.0,5.348,205.3,100.0,22,990.0
1999,5,13,8,0,175,7,179,50,829,501,3,23,57.0,0,0.137,0.0,5.367,212.9,100.0,23,990.0
1999,5,13,8,30,294,134,380,53,864,608,3,23,50.06,0,0.137,0.0,5.394,212.9,100.0,23,990.0
1999,5,13,9,0,326,156,440,54,891,703,7,24,43.25,4,0.137,0.0,5.421,214.5,100.0,24,990.0
1999,5,13,9,30,287,20,303,56,910,786,3,24,36.64,0,0.137,0.0,5.452,214.5,100.0,24,990.0
1999,5,13,10,0,307,20,325,56,924,854,8,23,30.37,0,0.137,0.0,5.484,213.20000000000002,94.13,25,990.0
1999,5,13,10,30,373,33,403,57,933,906,8,23,24.69,0,0.137,0.0,5.518,213.20000000000002,94.09,25,990.0
1999,5,13,11,0,401,38,437,57,939,939,6,23,20.14,0,0.137,0.0,5.5520000000000005,215.3,92.5,25,990.0
1999,5,13,11,30,308,17,324,58,942,956,6,23,17.61,0,0.137,0.0,5.582,215.3,92.45,25,990.0
1999,5,13,12,0,394,33,426,57,941,953,7,23,17.96,0,0.137,0.0,5.613,219.10000000000002,85.91,26,990.0
1999,5,13,12,30,349,23,372,57,938,933,6,23,21.06,0,0.137,0.0,5.635,219.10000000000002,85.86,26,980.0
1999,5,13,13,0,301,17,317,56,931,894,6,23,25.94,0,0.137,0.0,5.658,219.70000000000002,85.57000000000001,26,980.0
1999,5,13,13,30,212,9,220,55,920,838,6,23,31.78,0,0.137,0.0,5.67,219.70000000000002,85.54,26,980.0
1999,5,13,14,0,233,11,242,53,906,766,6,23,38.15,0,0.137,0.0,5.683,221.4,87.35000000000001,26,980.0
1999,5,13,14,30,200,7,205,51,886,680,6,23,44.82,0,0.137,0.0,5.686,221.4,92.65,25,980.0
1999,5,13,15,0,216,16,226,49,858,582,7,24,51.660000000000004,0,0.137,0.0,5.69,222.3,95.63,25,980.0
1999,5,13,15,30,209,47,234,46,821,473,8,24,58.620000000000005,0,0.137,0.0,5.6770000000000005,222.3,95.63,25,980.0
1999,5,13,16,0,167,83,202,42,767,358,8,24,65.65,0,0.137,0.0,5.665,260.40000000000003,98.3,25,980.0
1999,5,13,16,30,109,226,176,36,686,240,8,24,72.72,0,0.137,0.0,5.652,260.40000000000003,100.0,24,980.0
1999,5,13,17,0,55,209,92,28,552,126,8,24,79.82000000000001,4,0.137,0.1,5.64,245.20000000000002,100.0,24,980.0
1999,5,13,17,30,17,83,22,14,296,30,4,24,86.93,4,0.137,0.2,5.625,245.20000000000002,100.0,24,980.0
1999,5,13,18,0,0,0,0,0,0,0,4,23,94.05,0,0.137,0.30000000000000004,5.611,249.10000000000002,96.97,24,980.0
1999,5,13,18,30,0,0,0,0,0,0,8,23,101.15,0,0.137,0.2,5.587,249.10000000000002,100.0,24,980.0
1999,5,13,19,0,0,0,0,0,0,0,8,23,108.22,1,0.137,0.2,5.563,223.8,100.0,24,990.0
1999,5,13,19,30,0,0,0,0,0,0,4,23,115.25,0,0.137,0.2,5.548,223.8,100.0,23,990.0
1999,5,13,20,0,0,0,0,0,0,0,8,23,122.21000000000001,0,0.137,0.30000000000000004,5.534,187.8,100.0,23,990.0
1999,5,13,20,30,0,0,0,0,0,0,4,23,129.07,0,0.137,0.30000000000000004,5.537,187.8,100.0,23,990.0
1999,5,13,21,0,0,0,0,0,0,0,4,22,135.77,0,0.137,0.4,5.541,165.10000000000002,99.95,23,990.0
1999,5,13,21,30,0,0,0,0,0,0,4,22,142.24,0,0.137,0.4,5.555,165.10000000000002,100.0,23,990.0
1999,5,13,22,0,0,0,0,0,0,0,4,22,148.32,0,0.137,0.4,5.57,170.70000000000002,100.0,23,990.0
1999,5,13,22,30,0,0,0,0,0,0,4,22,153.73,0,0.137,0.4,5.583,170.70000000000002,100.0,22,990.0
1999,5,13,23,0,0,0,0,0,0,0,4,22,157.97,0,0.137,0.4,5.597,183.5,100.0,22,990.0
1999,5,13,23,30,0,0,0,0,0,0,4,21,160.27,0,0.137,0.30000000000000004,5.602,183.5,100.0,22,990.0
1999,5,14,0,0,0,0,0,0,0,0,4,21,159.95000000000002,0,0.137,0.30000000000000004,5.6080000000000005,190.3,100.0,22,990.0
1999,5,14,0,30,0,0,0,0,0,0,3,21,157.12,0,0.137,0.2,5.597,190.3,100.0,21,980.0
1999,5,14,1,0,0,0,0,0,0,0,0,21,152.54,0,0.137,0.1,5.587,194.3,100.0,21,980.0
1999,5,14,1,30,0,0,0,0,0,0,3,21,146.95000000000002,0,0.137,0.1,5.564,194.3,100.0,21,980.0
1999,5,14,2,0,0,0,0,0,0,0,3,21,140.76,0,0.137,0.1,5.542,199.8,100.0,21,980.0
1999,5,14,2,30,0,0,0,0,0,0,1,21,134.23,0,0.137,0.1,5.516,199.8,100.0,21,980.0
1999,5,14,3,0,0,0,0,0,0,0,7,21,127.48,0,0.137,0.1,5.4910000000000005,201.20000000000002,100.0,21,980.0
1999,5,14,3,30,0,0,0,0,0,0,7,21,120.60000000000001,0,0.137,0.1,5.471,201.20000000000002,100.0,21,980.0
1999,5,14,4,0,0,0,0,0,0,0,0,21,113.62,0,0.137,0.2,5.4510000000000005,196.9,100.0,21,980.0
1999,5,14,4,30,0,0,0,0,0,0,3,21,106.58,0,0.137,0.2,5.433,196.9,100.0,21,990.0
1999,5,14,5,0,0,0,0,0,0,0,3,21,99.51,0,0.137,0.2,5.417,190.20000000000002,100.0,21,990.0
1999,5,14,5,30,0,0,0,0,0,0,4,21,92.41,0,0.137,0.1,5.407,190.20000000000002,100.0,21,990.0
1999,5,14,6,0,16,0,16,20,359,49,4,21,85.3,0,0.137,0.1,5.398,182.8,100.0,21,990.0
1999,5,14,6,30,38,0,38,34,579,153,4,21,78.2,0,0.137,0.0,5.398,182.8,100.0,22,990.0
1999,5,14,7,0,122,47,137,43,699,270,4,22,71.11,0,0.137,0.0,5.399,161.0,100.0,23,990.0
1999,5,14,7,30,180,194,265,49,773,388,3,22,64.05,0,0.137,0.0,5.4030000000000005,161.0,100.0,23,990.0
1999,5,14,8,0,239,145,318,53,825,502,3,23,57.050000000000004,0,0.137,0.0,5.407,167.5,100.0,23,990.0
1999,5,14,8,30,274,307,471,57,860,609,3,23,50.120000000000005,0,0.137,0.0,5.416,167.5,100.0,23,990.0
1999,5,14,9,0,312,351,567,59,886,704,3,23,43.33,0,0.137,0.0,5.425,178.70000000000002,95.62,24,990.0
1999,5,14,9,30,62,905,788,62,905,788,0,23,36.74,0,0.137,0.0,5.434,178.70000000000002,95.60000000000001,24,990.0
1999,5,14,10,0,369,394,709,64,919,856,3,22,30.490000000000002,0,0.137,0.0,5.444,186.10000000000002,86.35000000000001,25,990.0
1999,5,14,10,30,393,397,753,65,929,908,3,22,24.86,0,0.137,0.0,5.454,186.10000000000002,86.33,25,990.0
1999,5,14,11,0,453,79,527,66,935,943,4,22,20.35,0,0.137,0.0,5.464,189.20000000000002,79.85000000000001,26,990.0
1999,5,14,11,30,481,232,702,66,937,959,4,22,17.85,0,0.137,0.0,5.473,189.20000000000002,79.81,26,990.0
1999,5,14,12,0,485,190,666,67,937,957,4,22,18.2,0,0.137,0.0,5.4830000000000005,195.3,79.71000000000001,26,990.0
1999,5,14,12,30,469,227,681,66,933,936,4,22,21.26,0,0.137,0.0,5.492,195.3,79.67,26,990.0
1999,5,14,13,0,446,233,655,65,926,898,3,22,26.1,0,0.137,0.0,5.501,191.10000000000002,80.16,27,980.0
1999,5,14,13,30,64,916,842,64,916,842,0,22,31.91,0,0.137,0.0,5.505,191.10000000000002,80.13,27,980.0
1999,5,14,14,0,62,900,770,62,900,770,0,22,38.25,0,0.137,0.0,5.509,105.7,80.78,27,980.0
1999,5,14,14,30,60,880,683,60,880,683,0,22,44.89,1,0.137,0.0,5.505,105.7,80.75,26,980.0
1999,5,14,15,0,57,852,585,57,852,585,0,22,51.72,1,0.137,0.0,5.501,62.900000000000006,82.14,26,980.0
1999,5,14,15,30,53,813,476,53,813,476,0,22,58.660000000000004,0,0.137,0.0,5.495,62.900000000000006,82.14,26,980.0
1999,5,14,16,0,48,759,360,48,759,360,0,23,65.68,1,0.137,0.0,5.489,202.9,85.14,26,980.0
1999,5,14,16,30,41,677,242,41,677,242,0,23,72.74,1,0.137,0.0,5.472,202.9,90.34,25,980.0
1999,5,14,17,0,31,542,127,31,542,127,0,23,79.83,1,0.137,0.0,5.456,167.9,93.57000000000001,25,980.0
1999,5,14,17,30,15,283,30,15,283,30,0,23,86.93,1,0.137,0.0,5.446,167.9,99.36,24,980.0
1999,5,14,18,0,0,0,0,0,0,0,0,22,94.04,1,0.137,0.1,5.436,80.0,93.61,24,980.0
1999,5,14,18,30,0,0,0,0,0,0,0,22,101.13,0,0.137,0.2,5.414,80.0,93.63,24,990.0
1999,5,14,19,0,0,0,0,0,0,0,0,22,108.19,1,0.137,0.30000000000000004,5.392,73.8,89.44,24,990.0
1999,5,14,19,30,0,0,0,0,0,0,0,22,115.2,1,0.137,0.30000000000000004,5.367,73.8,95.0,23,990.0
1999,5,14,20,0,0,0,0,0,0,0,0,22,122.15,1,0.137,0.4,5.3420000000000005,82.30000000000001,95.0,23,990.0
1999,5,14,20,30,0,0,0,0,0,0,0,22,129.0,0,0.137,0.4,5.32,82.30000000000001,95.02,23,990.0
1999,5,14,21,0,0,0,0,0,0,0,0,22,135.68,0,0.137,0.5,5.299,91.4,94.7,23,990.0
1999,5,14,21,30,0,0,0,0,0,0,1,22,142.13,0,0.137,0.4,5.281,91.4,94.69,23,990.0
1999,5,14,22,0,0,0,0,0,0,0,8,22,148.18,0,0.137,0.4,5.264,102.10000000000001,94.22,23,990.0
1999,5,14,22,30,0,0,0,0,0,0,7,22,153.55,0,0.137,0.30000000000000004,5.2540000000000004,102.10000000000001,100.0,23,990.0
1999,5,14,23,0,0,0,0,0,0,0,7,21,157.75,0,0.137,0.30000000000000004,5.245,128.3,99.79,23,990.0
1999,5,14,23,30,0,0,0,0,0,0,7,21,160.03,0,0.137,0.30000000000000004,5.246,128.3,99.76,22,990.0
1999,5,15,0,0,0,0,0,0,0,0,3,21,159.71,0,0.137,0.4,5.247,169.8,99.68,22,990.0
1999,5,15,0,30,0,0,0,0,0,0,7,21,156.91,0,0.137,0.4,5.255,169.8,99.65,22,980.0
1999,5,15,1,0,0,0,0,0,0,0,3,21,152.38,0,0.137,0.4,5.264,180.5,99.43,22,980.0
1999,5,15,1,30,0,0,0,0,0,0,3,21,146.81,0,0.137,0.4,5.282,180.5,100.0,22,980.0
1999,5,15,2,0,0,0,0,0,0,0,3,21,140.66,0,0.137,0.4,5.3,171.0,100.0,22,980.0
1999,5,15,2,30,0,0,0,0,0,0,3,21,134.14000000000001,0,0.137,0.4,5.33,171.0,100.0,21,980.0
1999,5,15,3,0,0,0,0,0,0,0,4,21,127.42,0,0.137,0.4,5.361,151.8,100.0,21,980.0
1999,5,15,3,30,0,0,0,0,0,0,3,21,120.54,0,0.137,0.4,5.401,151.8,100.0,21,980.0
1999,5,15,4,0,0,0,0,0,0,0,3,21,113.58,0,0.137,0.4,5.4430000000000005,131.70000000000002,100.0,21,990.0
1999,5,15,4,30,0,0,0,0,0,0,3,21,106.56,0,0.137,0.30000000000000004,5.48,131.70000000000002,100.0,21,990.0
1999,5,15,5,0,0,0,0,0,0,0,3,21,99.49000000000001,0,0.137,0.30000000000000004,5.517,120.80000000000001,100.0,21,990.0
1999,5,15,5,30,0,0,0,0,0,0,3,21,92.4,0,0.137,0.2,5.543,120.80000000000001,100.0,21,990.0
1999,5,15,6,0,22,324,48,22,324,48,3,21,85.3,4,0.137,0.1,5.57,120.7,100.0,21,990.0
1999,5,15,6,30,39,549,152,39,549,152,1,21,78.21000000000001,0,0.137,0.0,5.595,120.7,100.0,21,990.0
1999,5,15,7,0,50,675,268,50,675,268,0,22,71.13,0,0.137,0.0,5.621,131.3,100.0,22,990.0
1999,5,15,7,30,58,752,387,58,752,387,0,22,64.09,0,0.137,0.0,5.646,131.3,100.0,22,990.0
1999,5,15,8,0,63,807,501,63,807,501,1,23,57.09,0,0.137,0.0,5.672,141.70000000000002,100.0,23,990.0
1999,5,15,8,30,67,844,608,67,844,608,1,23,50.19,0,0.137,0.0,5.6930000000000005,141.70000000000002,100.0,23,990.0
1999,5,15,9,0,309,49,345,69,873,704,3,23,43.410000000000004,0,0.137,0.0,5.714,144.8,97.87,24,990.0
1999,5,15,9,30,378,93,452,72,893,787,3,23,36.84,0,0.137,0.0,5.727,144.8,97.85000000000001,24,990.0
1999,5,15,10,0,425,203,600,73,909,855,3,23,30.62,0,0.137,0.0,5.74,146.3,99.24000000000001,24,990.0
1999,5,15,10,30,75,919,908,75,919,908,1,23,25.02,0,0.137,0.0,5.738,146.3,99.2,24,990.0
1999,5,15,11,0,473,128,593,75,925,942,3,24,20.56,0,0.137,0.0,5.736,150.20000000000002,100.0,25,990.0
1999,5,15,11,30,427,377,786,76,928,959,3,23,18.080000000000002,0,0.137,0.0,5.726,150.20000000000002,99.94,25,990.0
1999,5,15,12,0,76,928,957,76,928,957,0,24,18.43,0,0.137,0.0,5.716,153.60000000000002,94.51,25,990.0
1999,5,15,12,30,75,925,936,75,925,936,1,24,21.45,0,0.137,0.0,5.703,153.60000000000002,94.45,25,980.0
1999,5,15,13,0,73,918,897,73,918,897,0,24,26.25,0,0.137,0.0,5.69,153.20000000000002,94.56,26,980.0
1999,5,15,13,30,72,907,841,72,907,841,0,24,32.03,0,0.137,0.0,5.676,153.20000000000002,94.51,26,980.0
1999,5,15,14,0,69,893,769,69,893,769,0,24,38.34,0,0.137,0.0,5.662,150.0,95.57000000000001,26,980.0
1999,5,15,14,30,66,872,683,66,872,683,7,24,44.97,4,0.137,0.0,5.6370000000000005,150.0,95.54,26,980.0
1999,5,15,15,0,201,508,516,61,845,584,8,24,51.78,0,0.137,0.0,5.612,151.3,97.42,26,980.0
1999,5,15,15,30,111,668,458,57,807,476,8,24,58.71,0,0.137,0.0,5.574,151.3,97.41,25,980.0
1999,5,15,16,0,69,676,347,50,753,360,3,25,65.71000000000001,4,0.137,0.0,5.537,158.10000000000002,100.0,25,980.0
1999,5,15,16,30,43,670,242,43,670,242,0,24,72.76,0,0.137,0.0,5.494,158.10000000000002,100.0,25,980.0
1999,5,15,17,0,33,534,127,33,534,127,0,24,79.84,0,0.137,0.1,5.452,152.6,100.0,25,980.0
1999,5,15,17,30,15,274,30,15,274,30,0,24,86.93,0,0.137,0.2,5.415,152.6,100.0,24,980.0
1999,5,15,18,0,0,0,0,0,0,0,0,24,94.03,0,0.137,0.30000000000000004,5.378,150.6,100.0,24,980.0
1999,5,15,18,30,0,0,0,0,0,0,0,23,101.10000000000001,0,0.137,0.30000000000000004,5.343,150.6,100.0,23,980.0
1999,5,15,19,0,0,0,0,0,0,0,0,23,108.15,1,0.137,0.4,5.3100000000000005,150.6,100.0,23,980.0
1999,5,15,19,30,0,0,0,0,0,0,3,23,115.16,0,0.137,0.4,5.275,150.6,100.0,23,980.0
1999,5,15,20,0,0,0,0,0,0,0,3,23,122.09,0,0.137,0.5,5.24,152.5,100.0,23,980.0
1999,5,15,20,30,0,0,0,0,0,0,0,23,128.92000000000002,0,0.137,0.5,5.203,152.5,100.0,23,980.0
1999,5,15,21,0,0,0,0,0,0,0,0,23,135.59,0,0.137,0.5,5.167,155.9,100.0,23,990.0
1999,5,15,21,30,0,0,0,0,0,0,0,22,142.02,0,0.137,0.5,5.128,155.9,100.0,23,990.0
1999,5,15,22,0,0,0,0,0,0,0,0,22,148.04,0,0.137,0.6000000000000001,5.09,163.3,100.0,23,990.0
1999,5,15,22,30,0,0,0,0,0,0,7,22,153.38,0,0.137,0.6000000000000001,5.048,163.3,100.0,23,980.0
1999,5,15,23,0,0,0,0,0,0,0,6,22,157.54,0,0.137,0.6000000000000001,5.006,173.0,100.0,23,980.0
1999,5,15,23,30,0,0,0,0,0,0,6,22,159.79,0,0.137,0.6000000000000001,4.961,173.0,100.0,22,980.0
1999,5,16,0,0,0,0,0,0,0,0,6,22,159.48,0,0.137,0.6000000000000001,4.916,182.70000000000002,100.0,22,980.0
1999,5,16,0,30,0,0,0,0,0,0,7,22,156.72,0,0.137,0.6000000000000001,4.87,182.70000000000002,100.0,22,980.0
1999,5,16,1,0,0,0,0,0,0,0,7,22,152.22,0,0.137,0.6000000000000001,4.825,191.4,100.0,22,980.0
1999,5,16,1,30,0,0,0,0,0,0,7,22,146.69,0,0.137,0.6000000000000001,4.775,191.4,100.0,22,980.0
1999,5,16,2,0,0,0,0,0,0,0,0,22,140.55,0,0.137,0.6000000000000001,4.7250000000000005,197.70000000000002,100.0,22,980.0
1999,5,16,2,30,0,0,0,0,0,0,0,21,134.06,0,0.137,0.6000000000000001,4.675,197.70000000000002,100.0,22,980.0
1999,5,16,3,0,0,0,0,0,0,0,0,21,127.35000000000001,0,0.137,0.6000000000000001,4.625,201.3,100.0,22,980.0
1999,5,16,3,30,0,0,0,0,0,0,0,21,120.49000000000001,0,0.137,0.6000000000000001,4.582,201.3,100.0,21,980.0
1999,5,16,4,0,0,0,0,0,0,0,0,21,113.54,0,0.137,0.6000000000000001,4.54,201.20000000000002,100.0,21,980.0
1999,5,16,4,30,0,0,0,0,0,0,0,21,106.53,0,0.137,0.6000000000000001,4.505,201.20000000000002,100.0,21,980.0
1999,5,16,5,0,0,0,0,0,0,0,0,21,99.48,0,0.137,0.6000000000000001,4.47,199.4,100.0,21,980.0
1999,5,16,5,30,0,0,0,0,0,0,0,21,92.4,0,0.137,0.4,4.442,199.4,100.0,21,980.0
1999,5,16,6,0,24,289,47,24,289,47,0,21,85.31,0,0.137,0.2,4.415,199.4,100.0,21,980.0
1999,5,16,6,30,43,529,151,43,529,151,0,22,78.22,0,0.137,0.1,4.4030000000000005,199.4,100.0,22,990.0
1999,5,16,7,0,55,661,269,55,661,269,0,23,71.16,0,0.137,0.0,4.391,203.0,100.0,23,990.0
1999,5,16,7,30,64,742,388,64,742,388,0,23,64.12,0,0.137,0.0,4.406,203.0,100.0,23,990.0
1999,5,16,8,0,69,801,504,69,801,504,0,24,57.14,0,0.137,0.0,4.422,200.4,100.0,24,990.0
1999,5,16,8,30,74,840,612,74,840,612,0,24,50.25,0,0.137,0.0,4.464,200.4,100.0,24,990.0
1999,5,16,9,0,78,869,709,78,869,709,0,24,43.49,0,0.137,0.0,4.507,192.60000000000002,98.11,25,990.0
1999,5,16,9,30,81,889,792,81,889,792,0,24,36.94,0,0.137,0.0,4.558,192.60000000000002,92.47,26,990.0
1999,5,16,10,0,83,905,861,83,905,861,0,24,30.75,0,0.137,0.0,4.611,168.10000000000002,85.16,27,990.0
1999,5,16,10,30,85,915,913,85,915,913,0,24,25.19,0,0.137,0.0,4.648,168.10000000000002,85.12,27,990.0
1999,5,16,11,0,85,923,948,85,923,948,0,23,20.76,0,0.137,0.0,4.686,130.3,83.49,28,980.0
1999,5,16,11,30,85,925,964,85,925,964,0,23,18.31,0,0.137,0.0,4.708,130.3,83.44,28,980.0
1999,5,16,12,0,84,926,962,84,926,962,0,23,18.650000000000002,0,0.137,0.0,4.731,104.30000000000001,78.81,28,980.0
1999,5,16,12,30,83,923,941,83,923,941,0,23,21.64,0,0.137,0.0,4.744,104.30000000000001,78.76,28,980.0
1999,5,16,13,0,81,916,902,81,916,902,0,24,26.400000000000002,0,0.137,0.0,4.758,96.7,79.41,28,980.0
1999,5,16,13,30,79,905,846,79,905,846,0,24,32.14,0,0.137,0.0,4.766,96.7,79.37,28,980.0
1999,5,16,14,0,257,583,714,76,890,774,7,24,38.43,0,0.137,0.0,4.776,99.2,80.56,28,980.0
1999,5,16,14,30,299,356,551,73,869,687,8,24,45.04,0,0.137,0.0,4.775,99.2,85.37,28,980.0
1999,5,16,15,0,270,78,319,68,840,587,6,25,51.83,0,0.137,0.0,4.774,65.7,90.66,28,980.0
1999,5,16,15,30,193,378,389,63,799,478,8,25,58.75,0,0.137,0.0,4.776,65.7,90.65,27,980.0
1999,5,16,16,0,110,0,110,57,742,362,4,25,65.74,0,0.137,0.1,4.7780000000000005,77.2,91.72,27,980.0
1999,5,16,16,30,48,655,242,48,655,242,1,25,72.78,0,0.137,0.1,4.79,77.2,97.28,26,980.0
1999,5,16,17,0,36,512,127,36,512,127,7,25,79.85000000000001,4,0.137,0.2,4.803,83.2,94.64,26,980.0
1999,5,16,17,30,17,239,30,17,239,30,3,25,86.93,4,0.137,0.30000000000000004,4.8260000000000005,83.2,100.0,25,980.0
1999,5,16,18,0,0,0,0,0,0,0,2,24,94.01,0,0.137,0.4,4.849,88.7,95.65,25,980.0
1999,5,16,18,30,0,0,0,0,0,0,7,24,101.08,0,0.137,0.4,4.883,88.7,95.68,25,980.0
1999,5,16,19,0,0,0,0,0,0,0,7,23,108.12,1,0.136,0.5,4.917,92.0,93.38,25,980.0
1999,5,16,19,30,0,0,0,0,0,0,7,23,115.11,0,0.136,0.5,4.952,92.0,99.15,24,980.0
1999,5,16,20,0,0,0,0,0,0,0,7,23,122.03,0,0.136,0.5,4.989,94.5,98.15,24,980.0
1999,5,16,20,30,0,0,0,0,0,0,7,23,128.85,0,0.136,0.5,5.021,94.5,98.17,24,980.0
1999,5,16,21,0,0,0,0,0,0,0,7,23,135.5,0,0.136,0.5,5.054,96.5,97.25,24,980.0
1999,5,16,21,30,0,0,0,0,0,0,7,23,141.9,0,0.136,0.5,5.081,96.5,100.0,24,980.0
1999,5,16,22,0,0,0,0,0,0,0,7,23,147.9,0,0.136,0.5,5.109,101.80000000000001,100.0,24,980.0
1999,5,16,22,30,0,0,0,0,0,0,7,23,153.21,0,0.136,0.5,5.13,101.80000000000001,100.0,24,980.0
1999,5,16,23,0,0,0,0,0,0,0,7,23,157.34,0,0.136,0.5,5.151,113.7,100.0,24,980.0
1999,5,16,23,30,0,0,0,0,0,0,7,23,159.56,0,0.136,0.5,5.1770000000000005,113.7,100.0,23,980.0
1999,5,17,0,0,0,0,0,0,0,0,4,23,159.26,0,0.136,0.5,5.204,121.80000000000001,100.0,23,980.0
1999,5,17,0,30,0,0,0,0,0,0,4,23,156.52,0,0.136,0.5,5.239,121.80000000000001,100.0,23,980.0
1999,5,17,1,0,0,0,0,0,0,0,7,23,152.06,0,0.136,0.5,5.274,117.60000000000001,100.0,23,980.0
1999,5,17,1,30,0,0,0,0,0,0,7,23,146.56,0,0.136,0.5,5.301,117.60000000000001,100.0,23,980.0
1999,5,17,2,0,0,0,0,0,0,0,7,22,140.45000000000002,0,0.136,0.5,5.329,117.5,99.37,23,980.0
1999,5,17,2,30,0,0,0,0,0,0,7,22,133.98,0,0.136,0.5,5.338,117.5,99.37,23,980.0
1999,5,17,3,0,0,0,0,0,0,0,7,22,127.29,0,0.136,0.5,5.348,128.4,98.79,23,980.0
1999,5,17,3,30,0,0,0,0,0,0,7,22,120.45,0,0.136,0.5,5.339,128.4,100.0,23,980.0
1999,5,17,4,0,0,0,0,0,0,0,7,22,113.51,0,0.136,0.5,5.331,158.4,100.0,23,980.0
1999,5,17,4,30,0,0,0,0,0,0,7,22,106.51,0,0.136,0.5,5.308,158.4,100.0,22,980.0
1999,5,17,5,0,0,0,0,0,0,0,7,22,99.46000000000001,0,0.136,0.5,5.285,183.70000000000002,100.0,22,980.0
1999,5,17,5,30,0,0,0,0,0,0,4,22,92.4,0,0.136,0.30000000000000004,5.2620000000000005,183.70000000000002,100.0,22,980.0
1999,5,17,6,0,17,0,17,23,303,47,4,22,85.32000000000001,4,0.136,0.2,5.239,193.9,100.0,22,980.0
1999,5,17,6,30,56,0,56,41,537,150,4,22,78.24,0,0.136,0.1,5.2250000000000005,193.9,100.0,22,980.0
1999,5,17,7,0,125,86,153,53,664,267,3,23,71.18,0,0.136,0.0,5.212,187.60000000000002,100.0,23,980.0
1999,5,17,7,30,158,344,309,61,744,385,8,23,64.16,0,0.136,0.0,5.214,187.60000000000002,100.0,23,980.0
1999,5,17,8,0,216,320,390,66,800,500,8,24,57.2,0,0.136,0.0,5.216,174.3,100.0,24,980.0
1999,5,17,8,30,266,334,479,71,838,607,8,24,50.32,0,0.136,0.0,5.25,174.3,100.0,24,980.0
1999,5,17,9,0,325,294,538,74,868,703,8,25,43.57,0,0.136,0.0,5.284,159.10000000000002,100.0,25,980.0
1999,5,17,9,30,358,334,625,77,888,786,8,25,37.050000000000004,0,0.136,0.0,5.332,159.10000000000002,100.0,25,980.0
1999,5,17,10,0,425,187,586,78,904,854,8,25,30.88,0,0.136,0.0,5.38,141.20000000000002,96.19,26,980.0
1999,5,17,10,30,455,169,609,80,914,906,3,25,25.35,0,0.136,0.0,5.42,141.20000000000002,96.16,26,980.0
1999,5,17,11,0,436,209,632,80,921,941,7,25,20.96,4,0.136,0.0,5.462,124.2,94.32000000000001,26,980.0
1999,5,17,11,30,277,19,295,80,924,957,7,25,18.54,1,0.136,0.0,5.481,124.2,94.27,26,980.0
1999,5,17,12,0,280,15,294,79,925,955,4,24,18.87,0,0.136,0.0,5.502,99.80000000000001,93.24,26,980.0
1999,5,17,12,30,79,921,934,79,921,934,0,24,21.830000000000002,0,0.136,0.0,5.51,99.80000000000001,93.2,26,980.0
1999,5,17,13,0,76,915,895,76,915,895,0,24,26.55,0,0.136,0.0,5.5200000000000005,80.80000000000001,94.09,26,980.0
1999,5,17,13,30,75,904,839,75,904,839,0,24,32.26,0,0.136,0.0,5.532,80.80000000000001,94.07000000000001,26,980.0
1999,5,17,14,0,309,434,648,72,889,768,7,25,38.52,0,0.136,0.0,5.5440000000000005,71.5,95.17,26,980.0
1999,5,17,14,30,331,184,462,69,867,681,8,25,45.11,0,0.136,0.0,5.556,71.5,100.0,26,980.0
1999,5,17,15,0,253,339,463,66,837,583,8,25,51.88,0,0.136,0.0,5.569,65.60000000000001,100.0,26,980.0
1999,5,17,15,30,154,1,155,61,797,474,6,25,58.78,0,0.136,0.0,5.582,65.60000000000001,100.0,25,980.0
1999,5,17,16,0,169,138,226,55,739,359,6,25,65.76,0,0.136,0.0,5.596,71.0,100.0,25,980.0
1999,5,17,16,30,93,365,202,47,653,240,8,24,72.79,0,0.136,0.0,5.61,71.0,100.0,25,980.0
1999,5,17,17,0,51,307,105,36,510,126,7,24,79.85000000000001,4,0.136,0.0,5.625,64.60000000000001,100.0,25,980.0
1999,5,17,17,30,18,132,25,16,242,29,7,24,86.92,4,0.136,0.0,5.625,64.60000000000001,100.0,24,980.0
1999,5,17,18,0,0,0,0,0,0,0,7,24,94.0,0,0.136,0.1,5.626,67.60000000000001,100.0,24,980.0
1999,5,17,18,30,0,0,0,0,0,0,7,23,101.05,0,0.136,0.1,5.602,67.60000000000001,100.0,24,980.0
1999,5,17,19,0,0,0,0,0,0,0,7,23,108.08,1,0.136,0.2,5.578,82.10000000000001,100.0,24,980.0
1999,5,17,19,30,0,0,0,0,0,0,7,23,115.06,0,0.136,0.2,5.525,82.10000000000001,100.0,23,980.0
1999,5,17,20,0,0,0,0,0,0,0,6,23,121.97,0,0.136,0.2,5.472,110.80000000000001,100.0,23,980.0
1999,5,17,20,30,0,0,0,0,0,0,6,23,128.77,0,0.136,0.2,5.405,110.80000000000001,100.0,23,980.0
1999,5,17,21,0,0,0,0,0,0,0,6,23,135.41,0,0.136,0.30000000000000004,5.338,126.4,100.0,23,980.0
1999,5,17,21,30,0,0,0,0,0,0,7,23,141.79,0,0.136,0.30000000000000004,5.275,126.4,100.0,23,980.0
1999,5,17,22,0,0,0,0,0,0,0,7,23,147.76,0,0.136,0.30000000000000004,5.213,131.1,100.0,23,980.0
1999,5,17,22,30,0,0,0,0,0,0,7,22,153.04,0,0.136,0.30000000000000004,5.16,131.1,100.0,23,980.0
1999,5,17,23,0,0,0,0,0,0,0,7,22,157.14000000000001,0,0.136,0.4,5.1080000000000005,136.6,100.0,23,980.0
1999,5,17,23,30,0,0,0,0,0,0,7,22,159.34,0,0.136,0.4,5.064,136.6,100.0,22,980.0
1999,5,18,0,0,0,0,0,0,0,0,8,22,159.04,0,0.136,0.4,5.0200000000000005,142.20000000000002,100.0,22,980.0
1999,5,18,0,30,0,0,0,0,0,0,7,22,156.33,0,0.136,0.30000000000000004,4.996,142.20000000000002,100.0,22,980.0
1999,5,18,1,0,0,0,0,0,0,0,8,22,151.91,0,0.136,0.30000000000000004,4.972,147.1,100.0,22,980.0
1999,5,18,1,30,0,0,0,0,0,0,8,22,146.44,0,0.136,0.30000000000000004,4.97,147.1,100.0,22,980.0
1999,5,18,2,0,0,0,0,0,0,0,7,22,140.36,0,0.136,0.4,4.968,154.0,100.0,22,980.0
1999,5,18,2,30,0,0,0,0,0,0,7,22,133.91,0,0.136,0.4,4.977,154.0,100.0,22,980.0
1999,5,18,3,0,0,0,0,0,0,0,3,22,127.23,0,0.136,0.4,4.987,160.20000000000002,100.0,22,980.0
1999,5,18,3,30,0,0,0,0,0,0,4,21,120.4,0,0.136,0.30000000000000004,4.996,160.20000000000002,100.0,22,980.0
1999,5,18,4,0,0,0,0,0,0,0,3,21,113.48,0,0.136,0.30000000000000004,5.006,164.8,100.0,22,980.0
1999,5,18,4,30,0,0,0,0,0,0,3,21,106.49000000000001,0,0.136,0.2,5.016,164.8,100.0,21,980.0
1999,5,18,5,0,0,0,0,0,0,0,3,21,99.45,0,0.136,0.2,5.026,167.3,100.0,21,980.0
1999,5,18,5,30,0,0,0,0,0,0,7,21,92.4,0,0.136,0.1,5.032,167.3,100.0,21,980.0
1999,5,18,6,0,16,0,16,24,272,46,4,22,85.33,0,0.136,0.1,5.039,168.4,100.0,22,980.0
1999,5,18,6,30,72,165,106,44,513,148,8,22,78.26,0,0.136,0.0,5.046,168.4,100.0,22,980.0
1999,5,18,7,0,125,92,155,56,649,265,3,23,71.21000000000001,0,0.136,0.0,5.054,165.8,100.0,23,980.0
1999,5,18,7,30,169,273,288,65,732,383,8,23,64.2,0,0.136,0.0,5.066,165.8,100.0,23,980.0
1999,5,18,8,0,235,186,336,69,793,499,7,24,57.25,0,0.136,0.0,5.078,161.8,100.0,24,990.0
1999,5,18,8,30,249,32,270,75,832,605,8,24,50.38,0,0.136,0.0,5.096,161.8,100.0,24,990.0
1999,5,18,9,0,209,8,215,77,864,702,6,24,43.660000000000004,0,0.136,0.0,5.114,152.20000000000002,100.0,25,990.0
1999,5,18,9,30,309,28,331,80,884,785,8,24,37.15,0,0.136,0.0,5.1370000000000005,152.20000000000002,94.71000000000001,25,990.0
1999,5,18,10,0,396,68,455,81,902,854,8,23,31.01,0,0.136,0.0,5.16,138.9,87.52,26,990.0
1999,5,18,10,30,429,76,499,83,912,906,8,23,25.51,0,0.136,0.0,5.183,138.9,87.5,26,980.0
1999,5,18,11,0,437,64,497,82,920,941,8,23,21.150000000000002,0,0.136,0.0,5.206,130.6,86.79,27,980.0
1999,5,18,11,30,430,79,505,83,923,957,7,23,18.76,4,0.136,0.0,5.2250000000000005,130.6,86.74,27,980.0
1999,5,18,12,0,429,79,504,82,923,955,8,23,19.080000000000002,4,0.136,0.0,5.245,127.7,82.0,27,980.0
1999,5,18,12,30,81,919,934,81,919,934,7,23,22.01,4,0.136,0.0,5.266,127.7,81.97,27,980.0
1999,5,18,13,0,79,913,895,79,913,895,0,23,26.69,0,0.136,0.0,5.289,125.2,81.83,27,980.0
1999,5,18,13,30,342,33,371,77,902,839,3,23,32.37,0,0.136,0.0,5.306,125.2,81.8,27,980.0
1999,5,18,14,0,74,888,767,74,888,767,0,23,38.61,0,0.136,0.0,5.323,125.4,83.07000000000001,27,980.0
1999,5,18,14,30,315,288,518,70,866,681,3,23,45.17,0,0.136,0.0,5.333,125.4,83.06,27,980.0
1999,5,18,15,0,65,839,583,65,839,583,1,24,51.93,0,0.136,0.0,5.344,126.60000000000001,84.9,27,980.0
1999,5,18,15,30,19,0,19,61,799,474,4,24,58.82,0,0.136,0.0,5.352,126.60000000000001,90.03,26,980.0
1999,5,18,16,0,82,0,82,54,744,359,8,24,65.79,0,0.136,0.0,5.361,124.10000000000001,92.79,26,980.0
1999,5,18,16,30,4,0,4,46,659,241,6,24,72.8,0,0.136,0.0,5.375,124.10000000000001,98.46000000000001,25,980.0
1999,5,18,17,0,2,0,2,35,519,126,6,25,79.85000000000001,4,0.136,0.1,5.389,122.2,100.0,25,980.0
1999,5,18,17,30,0,0,0,16,253,30,6,25,86.91,4,0.136,0.2,5.404,122.2,100.0,25,980.0
1999,5,18,18,0,0,0,0,0,0,0,6,24,93.98,0,0.136,0.30000000000000004,5.4190000000000005,115.7,97.21000000000001,25,980.0
1999,5,18,18,30,0,0,0,0,0,0,6,24,101.03,0,0.136,0.30000000000000004,5.432,115.7,100.0,24,980.0
1999,5,18,19,0,0,0,0,0,0,0,6,24,108.04,1,0.136,0.4,5.445,114.4,100.0,24,980.0
1999,5,18,19,30,0,0,0,0,0,0,6,24,115.01,0,0.136,0.4,5.455,114.4,100.0,24,980.0
1999,5,18,20,0,0,0,0,0,0,0,8,23,121.91,0,0.136,0.5,5.4670000000000005,113.9,99.44,24,980.0
1999,5,18,20,30,0,0,0,0,0,0,7,23,128.7,0,0.136,0.5,5.474,113.9,100.0,24,980.0
1999,5,18,21,0,0,0,0,0,0,0,7,23,135.32,0,0.136,0.5,5.481,110.0,100.0,24,990.0
1999,5,18,21,30,0,0,0,0,0,0,4,23,141.68,0,0.136,0.5,5.484,110.0,100.0,23,990.0
1999,5,18,22,0,0,0,0,0,0,0,4,23,147.62,0,0.136,0.5,5.487,107.60000000000001,100.0,23,990.0
1999,5,18,22,30,0,0,0,0,0,0,4,23,152.87,0,0.136,0.5,5.489,107.60000000000001,100.0,23,990.0
1999,5,18,23,0,0,0,0,0,0,0,4,23,156.94,0,0.136,0.5,5.492,110.2,100.0,23,990.0
1999,5,18,23,30,0,0,0,0,0,0,4,23,159.12,0,0.136,0.5,5.494,110.2,100.0,23,980.0
1999,5,19,0,0,0,0,0,0,0,0,3,23,158.83,0,0.136,0.5,5.496,118.5,100.0,23,980.0
1999,5,19,0,30,0,0,0,0,0,0,4,23,156.15,0,0.136,0.5,5.497,118.5,100.0,23,980.0
1999,5,19,1,0,0,0,0,0,0,0,7,22,151.76,0,0.136,0.5,5.498,129.0,99.88,23,980.0
1999,5,19,1,30,0,0,0,0,0,0,4,22,146.32,0,0.136,0.5,5.4990000000000006,129.0,100.0,22,980.0
1999,5,19,2,0,0,0,0,0,0,0,4,22,140.27,0,0.136,0.5,5.501,141.0,100.0,22,980.0
1999,5,19,2,30,0,0,0,0,0,0,4,22,133.84,0,0.136,0.5,5.51,141.0,100.0,22,980.0
1999,5,19,3,0,0,0,0,0,0,0,4,22,127.18,0,0.136,0.5,5.5200000000000005,152.5,100.0,22,980.0
1999,5,19,3,30,0,0,0,0,0,0,3,22,120.36,0,0.136,0.5,5.527,152.5,100.0,22,980.0
1999,5,19,4,0,0,0,0,0,0,0,3,22,113.45,0,0.136,0.5,5.535,162.4,100.0,22,980.0
1999,5,19,4,30,0,0,0,0,0,0,4,22,106.47,0,0.136,0.5,5.541,162.4,100.0,22,980.0
1999,5,19,5,0,0,0,0,0,0,0,4,22,99.45,0,0.136,0.5,5.547,158.20000000000002,100.0,22,990.0
1999,5,19,5,30,0,0,0,0,0,0,4,22,92.4,0,0.136,0.4,5.543,158.20000000000002,100.0,22,990.0
1999,5,19,6,0,2,0,2,21,328,48,4,22,85.34,0,0.136,0.30000000000000004,5.54,143.9,100.0,22,990.0
1999,5,19,6,30,9,0,9,38,554,151,4,22,78.28,0,0.136,0.1,5.53,143.9,100.0,22,990.0
1999,5,19,7,0,26,0,26,48,679,267,4,22,71.25,0,0.136,0.0,5.521,144.3,100.0,23,990.0
1999,5,19,7,30,66,0,66,56,756,384,4,22,64.25,0,0.136,0.0,5.494,144.3,100.0,23,990.0
1999,5,19,8,0,232,91,281,61,810,498,3,23,57.300000000000004,0,0.136,0.0,5.468,155.20000000000002,100.0,23,990.0
1999,5,19,8,30,239,26,256,65,847,605,4,23,50.45,0,0.136,0.0,5.4270000000000005,155.20000000000002,100.0,23,990.0
1999,5,19,9,0,279,29,300,67,876,700,3,24,43.74,0,0.136,0.0,5.3870000000000005,156.8,100.0,24,990.0
1999,5,19,9,30,373,267,586,69,896,783,3,24,37.26,0,0.136,0.0,5.34,156.8,100.0,24,990.0
1999,5,19,10,0,68,914,851,68,914,851,0,24,31.14,0,0.136,0.0,5.295,152.1,100.0,24,990.0
1999,5,19,10,30,446,114,549,70,924,903,3,24,25.67,0,0.136,0.0,5.267,152.1,100.0,24,990.0
1999,5,19,11,0,463,108,564,69,932,937,3,24,21.35,0,0.136,0.0,5.24,162.4,100.0,24,990.0
1999,5,19,11,30,482,182,654,69,935,953,2,24,18.98,0,0.136,0.0,5.221,162.4,100.0,24,990.0
1999,5,19,12,0,422,48,468,67,936,950,2,23,19.29,0,0.136,0.0,5.202,174.4,99.26,24,990.0
1999,5,19,12,30,457,100,549,66,932,930,3,23,22.18,0,0.136,0.0,5.186,174.4,99.2,24,980.0
1999,5,19,13,0,289,16,303,65,926,892,3,23,26.82,0,0.136,0.0,5.17,168.8,97.77,24,980.0
1999,5,19,13,30,64,915,836,64,915,836,0,23,32.47,0,0.136,0.0,5.168,168.8,97.73,24,980.0
1999,5,19,14,0,63,900,765,63,900,765,0,23,38.69,0,0.136,0.0,5.167,156.0,97.12,24,980.0
1999,5,19,14,30,60,879,680,60,879,680,1,23,45.230000000000004,0,0.136,0.0,5.163,156.0,97.10000000000001,24,980.0
1999,5,19,15,0,262,61,300,57,851,582,3,23,51.980000000000004,0,0.136,0.0,5.16,157.0,97.4,24,980.0
1999,5,19,15,30,53,813,474,53,813,474,0,23,58.85,0,0.136,0.0,5.144,157.0,97.39,24,980.0
1999,5,19,16,0,48,759,359,48,759,359,0,23,65.81,0,0.136,0.0,5.1290000000000004,149.6,98.51,24,980.0
1999,5,19,16,30,41,677,241,41,677,241,0,23,72.81,1,0.136,0.0,5.118,149.6,100.0,24,980.0
1999,5,19,17,0,31,542,127,31,542,127,0,23,79.85000000000001,1,0.136,0.1,5.1080000000000005,158.70000000000002,100.0,24,980.0
1999,5,19,17,30,15,286,31,15,286,31,3,23,86.9,1,0.136,0.2,5.105,158.70000000000002,100.0,23,980.0
1999,5,19,18,0,0,0,0,0,0,0,3,23,93.96000000000001,1,0.136,0.30000000000000004,5.103,171.8,100.0,23,980.0
1999,5,19,18,30,0,0,0,0,0,0,3,23,101.0,0,0.136,0.30000000000000004,5.109,171.8,100.0,23,980.0
1999,5,19,19,0,0,0,0,0,0,0,3,22,108.0,1,0.136,0.4,5.1160000000000005,179.10000000000002,99.45,23,980.0
1999,5,19,19,30,0,0,0,0,0,0,3,22,114.96000000000001,0,0.136,0.4,5.118,179.10000000000002,100.0,23,980.0
1999,5,19,20,0,0,0,0,0,0,0,4,22,121.85000000000001,0,0.136,0.4,5.12,182.4,100.0,23,990.0
1999,5,19,20,30,0,0,0,0,0,0,3,22,128.62,0,0.136,0.4,5.118,182.4,100.0,22,990.0
1999,5,19,21,0,0,0,0,0,0,0,4,22,135.22,0,0.136,0.4,5.117,191.0,100.0,22,990.0
1999,5,19,21,30,0,0,0,0,0,0,4,22,141.56,0,0.136,0.4,5.115,191.0,100.0,22,990.0
1999,5,19,22,0,0,0,0,0,0,0,8,22,147.48,0,0.136,0.4,5.113,207.60000000000002,100.0,22,990.0
1999,5,19,22,30,0,0,0,0,0,0,4,22,152.70000000000002,0,0.136,0.4,5.112,207.60000000000002,100.0,22,990.0
1999,5,19,23,0,0,0,0,0,0,0,7,22,156.74,0,0.136,0.5,5.112,219.0,100.0,22,990.0
1999,5,19,23,30,0,0,0,0,0,0,8,21,158.91,0,0.136,0.5,5.1160000000000005,219.0,100.0,22,990.0
1999,5,20,0,0,0,0,0,0,0,0,7,21,158.62,0,0.136,0.5,5.121,216.9,100.0,22,990.0
1999,5,20,0,30,0,0,0,0,0,0,7,21,155.97,0,0.136,0.5,5.128,216.9,100.0,21,990.0
1999,5,20,1,0,0,0,0,0,0,0,7,21,151.62,0,0.136,0.6000000000000001,5.136,206.4,100.0,21,990.0
1999,5,20,1,30,0,0,0,0,0,0,8,21,146.21,0,0.136,0.5,5.143,206.4,100.0,21,980.0
1999,5,20,2,0,0,0,0,0,0,0,8,21,140.18,0,0.136,0.5,5.15,194.70000000000002,100.0,21,980.0
1999,5,20,2,30,0,0,0,0,0,0,4,20,133.77,0,0.136,0.5,5.156,194.70000000000002,100.0,21,980.0
1999,5,20,3,0,0,0,0,0,0,0,4,20,127.12,0,0.136,0.5,5.163,189.70000000000002,100.0,21,980.0
1999,5,20,3,30,0,0,0,0,0,0,4,20,120.32000000000001,0,0.136,0.4,5.173,189.70000000000002,100.0,20,980.0
1999,5,20,4,0,0,0,0,0,0,0,4,20,113.42,0,0.136,0.30000000000000004,5.1850000000000005,190.5,100.0,20,980.0
1999,5,20,4,30,0,0,0,0,0,0,4,20,106.45,0,0.136,0.2,5.202,190.5,100.0,20,990.0
1999,5,20,5,0,0,0,0,0,0,0,4,20,99.44,0,0.136,0.1,5.221,193.60000000000002,100.0,20,990.0
1999,5,20,5,30,0,0,0,0,0,0,4,20,92.4,0,0.136,0.0,5.244,193.60000000000002,100.0,20,990.0
1999,5,20,6,0,14,0,14,21,342,48,4,21,85.35000000000001,0,0.136,0.0,5.267,194.60000000000002,100.0,21,990.0
1999,5,20,6,30,23,0,23,37,564,151,4,21,78.31,0,0.136,0.0,5.292,194.60000000000002,100.0,22,990.0
1999,5,20,7,0,124,82,151,46,687,267,4,22,71.28,0,0.136,0.0,5.3180000000000005,197.3,100.0,23,990.0
1999,5,20,7,30,144,6,147,53,763,384,4,22,64.29,0,0.136,0.0,5.3420000000000005,197.3,100.0,23,990.0
1999,5,20,8,0,235,120,300,56,816,497,3,23,57.36,0,0.136,0.0,5.3660000000000005,189.4,100.0,23,990.0
1999,5,20,8,30,245,30,264,60,852,602,4,23,50.52,0,0.136,0.0,5.404,189.4,100.0,23,990.0
1999,5,20,9,0,157,1,158,63,879,697,4,23,43.83,0,0.136,0.0,5.442,182.60000000000002,99.63,24,990.0
1999,5,20,9,30,229,10,238,65,898,780,4,23,37.36,0,0.136,0.0,5.487,182.60000000000002,99.62,24,990.0
1999,5,20,10,0,381,54,428,67,912,847,4,23,31.27,0,0.136,0.0,5.532,174.0,91.93,25,990.0
1999,5,20,10,30,313,19,331,69,921,899,4,23,25.830000000000002,0,0.136,0.0,5.564,174.0,91.9,25,990.0
1999,5,20,11,0,339,22,360,70,927,933,4,23,21.54,0,0.136,0.0,5.597,167.10000000000002,90.11,26,990.0
1999,5,20,11,30,384,31,414,71,930,949,4,23,19.19,0,0.136,0.0,5.621,167.10000000000002,90.06,26,990.0
1999,5,20,12,0,424,50,471,71,929,947,4,23,19.490000000000002,0,0.136,0.0,5.646,161.10000000000002,85.39,26,990.0
1999,5,20,12,30,438,70,503,70,926,927,3,23,22.35,0,0.136,0.0,5.671,161.10000000000002,85.36,26,980.0
1999,5,20,13,0,384,42,421,69,918,888,3,23,26.96,0,0.136,0.0,5.697,164.4,87.39,26,980.0
1999,5,20,13,30,241,11,251,68,907,833,4,23,32.57,0,0.136,0.0,5.715,164.4,87.35000000000001,26,980.0
1999,5,20,14,0,371,113,460,66,892,762,4,24,38.76,0,0.136,0.0,5.7330000000000005,169.3,89.32000000000001,26,980.0
1999,5,20,14,30,315,133,408,64,871,677,4,24,45.29,1,0.136,0.0,5.736,169.3,94.74,26,980.0
1999,5,20,15,0,61,842,579,61,842,579,0,24,52.02,1,0.136,0.0,5.74,176.4,97.12,26,980.0
1999,5,20,15,30,56,803,472,56,803,472,0,24,58.88,0,0.136,0.0,5.729,176.4,97.12,25,980.0
1999,5,20,16,0,51,748,357,51,748,357,0,24,65.82000000000001,1,0.136,0.0,5.718,191.70000000000002,99.59,25,980.0
1999,5,20,16,30,44,665,240,44,665,240,0,24,72.82000000000001,1,0.136,0.0,5.696,191.70000000000002,100.0,24,980.0
1999,5,20,17,0,33,530,126,33,530,126,0,24,79.85000000000001,1,0.136,0.0,5.675,192.5,100.0,24,980.0
1999,5,20,17,30,16,272,30,16,272,30,3,23,86.89,1,0.136,0.0,5.657,192.5,100.0,24,980.0
1999,5,20,18,0,0,0,0,0,0,0,3,23,93.94,1,0.136,0.0,5.639,194.5,100.0,24,980.0
1999,5,20,18,30,0,0,0,0,0,0,3,23,100.96000000000001,0,0.136,0.0,5.625,194.5,100.0,23,980.0
1999,5,20,19,0,0,0,0,0,0,0,3,23,107.96000000000001,1,0.136,0.0,5.612,202.60000000000002,100.0,23,990.0
1999,5,20,19,30,0,0,0,0,0,0,3,23,114.91,1,0.136,0.0,5.595,202.60000000000002,100.0,23,990.0
1999,5,20,20,0,0,0,0,0,0,0,3,23,121.78,1,0.136,0.0,5.578,209.10000000000002,100.0,23,990.0
1999,5,20,20,30,0,0,0,0,0,0,3,23,128.54,1,0.136,0.0,5.563,209.10000000000002,100.0,23,990.0
1999,5,20,21,0,0,0,0,0,0,0,3,23,135.13,1,0.136,0.0,5.549,218.0,100.0,23,990.0
1999,5,20,21,30,0,0,0,0,0,0,3,22,141.45000000000002,0,0.136,0.0,5.537,218.0,100.0,22,990.0
1999,5,20,22,0,0,0,0,0,0,0,4,22,147.35,0,0.136,0.0,5.525,226.8,100.0,22,990.0
1999,5,20,22,30,0,0,0,0,0,0,4,22,152.54,0,0.136,0.0,5.518,226.8,100.0,22,990.0
1999,5,20,23,0,0,0,0,0,0,0,4,22,156.55,0,0.136,0.0,5.511,231.9,100.0,22,990.0
1999,5,20,23,30,0,0,0,0,0,0,7,22,158.70000000000002,0,0.136,0.0,5.509,231.9,100.0,22,990.0
1999,5,21,0,0,0,0,0,0,0,0,4,22,158.42000000000002,0,0.136,0.0,5.507,240.3,100.0,22,990.0
1999,5,21,0,30,0,0,0,0,0,0,3,22,155.8,0,0.136,0.0,5.503,240.3,100.0,22,990.0
1999,5,21,1,0,0,0,0,0,0,0,7,22,151.48,0,0.136,0.0,5.5,253.10000000000002,100.0,22,990.0
1999,5,21,1,30,0,0,0,0,0,0,3,21,146.1,0,0.136,0.0,5.496,253.10000000000002,100.0,22,980.0
1999,5,21,2,0,0,0,0,0,0,0,7,21,140.09,0,0.136,0.0,5.492,263.5,100.0,22,980.0
1999,5,21,2,30,0,0,0,0,0,0,4,21,133.7,0,0.136,0.0,5.492,263.5,100.0,21,980.0
1999,5,21,3,0,0,0,0,0,0,0,8,21,127.07000000000001,0,0.136,0.0,5.492,270.8,100.0,21,980.0
1999,5,21,3,30,0,0,0,0,0,0,4,21,120.29,0,0.136,0.0,5.497,270.8,100.0,21,980.0
1999,5,21,4,0,0,0,0,0,0,0,4,21,113.4,0,0.136,0.0,5.503,268.7,100.0,21,980.0
1999,5,21,4,30,0,0,0,0,0,0,4,21,106.44,0,0.136,0.0,5.514,268.7,100.0,21,980.0
1999,5,21,5,0,0,0,0,0,0,0,4,21,99.44,0,0.136,0.1,5.526,262.7,100.0,21,990.0
1999,5,21,5,30,0,0,0,0,0,0,4,21,92.41,0,0.136,0.1,5.539,262.7,100.0,21,990.0
1999,5,21,6,0,19,0,19,19,357,48,4,21,85.37,4,0.136,0.1,5.5520000000000005,258.2,100.0,21,990.0
1999,5,21,6,30,59,0,59,33,576,150,3,21,78.33,0,0.136,0.0,5.5600000000000005,258.2,100.0,21,990.0
1999,5,21,7,0,78,0,78,41,698,264,4,22,71.32000000000001,0,0.136,0.0,5.5680000000000005,263.7,100.0,22,990.0
1999,5,21,7,30,113,0,113,46,771,381,4,22,64.34,0,0.136,0.0,5.573,263.7,100.0,22,990.0
1999,5,21,8,0,147,0,147,49,823,492,4,22,57.42,0,0.136,0.0,5.579,270.1,100.0,23,990.0
1999,5,21,8,30,198,8,203,52,858,597,4,22,50.59,0,0.136,0.0,5.588,270.1,100.0,23,990.0
1999,5,21,9,0,333,102,407,53,885,691,3,23,43.910000000000004,0,0.136,0.0,5.598,278.40000000000003,100.0,23,990.0
1999,5,21,9,30,381,122,478,55,904,773,3,23,37.47,0,0.136,0.0,5.611,278.40000000000003,100.0,23,990.0
1999,5,21,10,0,403,82,474,56,918,840,4,23,31.400000000000002,0,0.136,0.0,5.6240000000000006,275.40000000000003,97.85000000000001,24,990.0
1999,5,21,10,30,448,130,566,57,927,891,2,23,25.98,0,0.136,0.0,5.638,275.40000000000003,97.82000000000001,24,990.0
1999,5,21,11,0,59,933,926,59,933,926,1,23,21.72,0,0.136,0.0,5.652,272.7,97.12,24,990.0
1999,5,21,11,30,478,140,610,59,935,942,3,23,19.39,0,0.136,0.0,5.66,272.7,97.07000000000001,24,990.0
1999,5,21,12,0,450,73,519,60,935,940,3,23,19.69,0,0.136,0.0,5.6690000000000005,259.0,90.83,25,990.0
1999,5,21,12,30,428,61,485,59,931,920,3,23,22.51,0,0.136,0.0,5.676,259.0,90.78,25,990.0
1999,5,21,13,0,445,184,609,59,924,882,2,23,27.080000000000002,0,0.136,0.0,5.684,243.10000000000002,91.26,25,980.0
1999,5,21,13,30,57,914,827,57,914,827,0,23,32.67,0,0.136,0.0,5.687,243.10000000000002,91.22,25,980.0
1999,5,21,14,0,56,899,757,56,899,757,0,23,38.84,0,0.136,0.0,5.69,233.9,92.46000000000001,25,980.0
1999,5,21,14,30,227,541,608,54,879,672,8,23,45.34,0,0.136,0.0,5.6850000000000005,233.9,98.11,25,980.0
1999,5,21,15,0,273,226,412,51,852,575,3,23,52.06,0,0.136,0.0,5.68,233.10000000000002,99.53,25,980.0
1999,5,21,15,30,47,814,468,47,814,468,0,23,58.910000000000004,0,0.136,0.0,5.662,233.10000000000002,99.53,24,980.0
1999,5,21,16,0,43,762,354,43,762,354,0,24,65.84,1,0.136,0.0,5.6450000000000005,235.5,100.0,24,980.0
1999,5,21,16,30,37,682,238,37,682,238,0,23,72.82000000000001,1,0.136,0.0,5.621,235.5,100.0,24,980.0
1999,5,21,17,0,28,550,125,28,550,125,0,23,79.84,1,0.136,0.0,5.598,219.20000000000002,100.0,24,980.0
1999,5,21,17,30,14,300,30,14,300,30,1,23,86.88,1,0.136,0.1,5.587,219.20000000000002,100.0,23,980.0
1999,5,21,18,0,0,0,0,0,0,0,1,23,93.91,1,0.136,0.2,5.5760000000000005,228.0,100.0,23,980.0
1999,5,21,18,30,0,0,0,0,0,0,1,22,100.93,0,0.136,0.2,5.575,228.0,100.0,23,980.0
1999,5,21,19,0,0,0,0,0,0,0,1,22,107.92,1,0.136,0.30000000000000004,5.575,233.5,100.0,23,990.0
1999,5,21,19,30,0,0,0,0,0,0,1,22,114.86,1,0.136,0.30000000000000004,5.5840000000000005,233.5,100.0,22,990.0
1999,5,21,20,0,0,0,0,0,0,0,1,22,121.72,1,0.136,0.30000000000000004,5.594,235.5,100.0,22,990.0
1999,5,21,20,30,0,0,0,0,0,0,7,22,128.46,1,0.136,0.30000000000000004,5.605,235.5,100.0,22,990.0
1999,5,21,21,0,0,0,0,0,0,0,7,22,135.03,1,0.136,0.30000000000000004,5.6160000000000005,237.70000000000002,100.0,22,990.0
1999,5,21,21,30,0,0,0,0,0,0,7,22,141.34,0,0.136,0.30000000000000004,5.628,237.70000000000002,100.0,22,990.0
1999,5,21,22,0,0,0,0,0,0,0,8,22,147.21,0,0.136,0.30000000000000004,5.641,242.5,100.0,22,990.0
1999,5,21,22,30,0,0,0,0,0,0,8,21,152.38,0,0.136,0.2,5.65,242.5,100.0,22,990.0
1999,5,21,23,0,0,0,0,0,0,0,8,21,156.36,0,0.136,0.2,5.66,247.4,100.0,22,990.0
1999,5,21,23,30,0,0,0,0,0,0,7,21,158.5,0,0.136,0.1,5.663,247.4,100.0,21,990.0
1999,5,22,0,0,0,0,0,0,0,0,8,21,158.23,0,0.136,0.1,5.667,250.3,100.0,21,990.0
1999,5,22,0,30,0,0,0,0,0,0,8,21,155.64000000000001,0,0.136,0.0,5.66,250.3,100.0,21,980.0
1999,5,22,1,0,0,0,0,0,0,0,8,21,151.35,0,0.136,0.0,5.6530000000000005,252.10000000000002,100.0,21,980.0
1999,5,22,1,30,0,0,0,0,0,0,8,21,146.0,0,0.136,0.0,5.638,252.10000000000002,100.0,21,980.0
1999,5,22,2,0,0,0,0,0,0,0,8,21,140.01,0,0.136,0.0,5.6240000000000006,250.70000000000002,100.0,21,980.0
1999,5,22,2,30,0,0,0,0,0,0,4,21,133.64000000000001,0,0.136,0.0,5.605,250.70000000000002,100.0,21,980.0
1999,5,22,3,0,0,0,0,0,0,0,4,21,127.03,0,0.136,0.0,5.586,247.5,100.0,21,980.0
1999,5,22,3,30,0,0,0,0,0,0,4,21,120.26,0,0.136,0.0,5.57,247.5,100.0,21,980.0
1999,5,22,4,0,0,0,0,0,0,0,4,21,113.38,0,0.136,0.1,5.555,243.20000000000002,100.0,21,980.0
1999,5,22,4,30,0,0,0,0,0,0,4,21,106.43,0,0.136,0.2,5.542,243.20000000000002,100.0,21,980.0
1999,5,22,5,0,0,0,0,0,0,0,4,21,99.44,0,0.136,0.30000000000000004,5.531,235.60000000000002,100.0,21,980.0
1999,5,22,5,30,0,0,0,0,0,0,8,21,92.42,0,0.136,0.2,5.526,235.60000000000002,100.0,21,990.0
1999,5,22,6,0,2,0,2,19,361,48,4,21,85.39,0,0.136,0.2,5.521,226.20000000000002,100.0,22,990.0
1999,5,22,6,30,6,0,6,32,579,149,8,21,78.36,4,0.136,0.1,5.525,226.20000000000002,100.0,22,990.0
1999,5,22,7,0,100,386,223,40,699,263,7,22,71.35000000000001,0,0.136,0.0,5.529,215.4,100.0,22,990.0
1999,5,22,7,30,164,296,292,45,772,379,8,22,64.38,0,0.136,0.0,5.5440000000000005,215.4,100.0,22,990.0
1999,5,22,8,0,232,196,338,49,823,491,8,23,57.47,0,0.136,0.0,5.559,207.9,100.0,23,990.0
1999,5,22,8,30,215,14,224,52,858,596,4,23,50.660000000000004,0,0.136,0.0,5.578,207.9,100.0,23,990.0
1999,5,22,9,0,210,8,216,55,883,690,4,24,44.0,0,0.136,0.0,5.598,201.4,100.0,24,990.0
1999,5,22,9,30,323,35,351,57,902,772,4,24,37.57,0,0.136,0.0,5.62,201.4,100.0,24,990.0
1999,5,22,10,0,344,32,372,58,916,839,4,23,31.53,0,0.136,0.0,5.642,194.9,93.08,25,990.0
1999,5,22,10,30,238,11,249,59,925,890,4,23,26.14,0,0.136,0.0,5.666,194.9,93.03,25,990.0
1999,5,22,11,0,342,22,363,60,931,925,4,23,21.900000000000002,0,0.136,0.0,5.69,187.8,86.2,26,990.0
1999,5,22,11,30,479,164,634,61,934,941,3,23,19.59,0,0.136,0.0,5.712,187.8,86.15,26,980.0
1999,5,22,12,0,396,36,431,61,933,939,4,23,19.88,0,0.136,0.0,5.735,178.4,86.33,26,980.0
1999,5,22,12,30,391,38,427,61,929,919,4,23,22.67,0,0.136,0.0,5.763,178.4,86.29,26,980.0
1999,5,22,13,0,358,31,386,60,923,881,3,23,27.21,0,0.136,0.0,5.791,165.0,87.97,26,980.0
1999,5,22,13,30,407,108,498,59,912,826,3,23,32.77,0,0.136,0.0,5.815,165.0,87.93,26,980.0
1999,5,22,14,0,58,897,756,58,897,756,0,24,38.910000000000004,0,0.136,0.0,5.84,158.0,90.2,26,980.0
1999,5,22,14,30,55,876,671,55,876,671,1,24,45.4,0,0.136,0.0,5.8580000000000005,158.0,90.18,26,980.0
1999,5,22,15,0,275,206,401,53,848,575,3,24,52.1,0,0.136,0.0,5.877,149.3,92.46000000000001,26,980.0
1999,5,22,15,30,223,152,302,50,810,468,3,24,58.93,0,0.136,0.0,5.893,149.3,98.09,25,980.0
1999,5,22,16,0,45,756,355,45,756,355,0,25,65.85,0,0.136,0.0,5.909,136.6,100.0,25,980.0
1999,5,22,16,30,39,675,239,39,675,239,0,25,72.83,0,0.136,0.0,5.91,136.6,100.0,25,980.0
1999,5,22,17,0,30,541,126,30,541,126,3,25,79.84,4,0.136,0.1,5.912,127.2,100.0,25,980.0
1999,5,22,17,30,15,289,31,15,289,31,7,24,86.86,4,0.136,0.1,5.915,127.2,100.0,25,980.0
1999,5,22,18,0,0,0,0,0,0,0,7,24,93.89,0,0.136,0.2,5.918,85.0,100.0,25,980.0
1999,5,22,18,30,0,0,0,0,0,0,4,24,100.9,0,0.136,0.2,5.933,85.0,100.0,24,980.0
1999,5,22,19,0,0,0,0,0,0,0,4,24,107.88,1,0.136,0.30000000000000004,5.949,73.9,100.0,24,980.0
1999,5,22,19,30,0,0,0,0,0,0,4,24,114.8,0,0.136,0.30000000000000004,5.971,73.9,100.0,24,980.0
1999,5,22,20,0,0,0,0,0,0,0,4,24,121.65,0,0.136,0.30000000000000004,5.994,72.8,100.0,24,980.0
1999,5,22,20,30,0,0,0,0,0,0,4,23,128.38,0,0.136,0.2,6.011,72.8,100.0,24,980.0
1999,5,22,21,0,0,0,0,0,0,0,3,23,134.94,0,0.136,0.2,6.029,72.3,100.0,24,980.0
1999,5,22,21,30,0,0,0,0,0,0,3,23,141.23,0,0.136,0.2,6.038,72.3,100.0,23,980.0
1999,5,22,22,0,0,0,0,0,0,0,4,23,147.08,0,0.136,0.2,6.048,71.4,100.0,23,980.0
1999,5,22,22,30,0,0,0,0,0,0,3,23,152.22,0,0.136,0.1,6.047,71.4,100.0,23,980.0
1999,5,22,23,0,0,0,0,0,0,0,3,23,156.18,0,0.136,0.1,6.047,71.10000000000001,100.0,23,980.0
1999,5,22,23,30,0,0,0,0,0,0,3,23,158.3,0,0.136,0.0,6.038,71.10000000000001,100.0,23,980.0
1999,5,23,0,0,0,0,0,0,0,0,3,23,158.04,0,0.136,0.0,6.03,4.800000000000001,100.0,23,980.0
1999,5,23,0,30,0,0,0,0,0,0,3,23,155.48,0,0.136,0.0,6.025,4.800000000000001,100.0,23,980.0
1999,5,23,1,0,0,0,0,0,0,0,3,23,151.22,0,0.136,0.1,6.0200000000000005,258.5,100.0,23,980.0
1999,5,23,1,30,0,0,0,0,0,0,1,23,145.9,0,0.136,0.1,6.016,258.5,100.0,23,980.0
1999,5,23,2,0,0,0,0,0,0,0,3,23,139.93,0,0.136,0.1,6.014,248.10000000000002,100.0,23,980.0
1999,5,23,2,30,0,0,0,0,0,0,4,22,133.58,0,0.136,0.1,6.019,248.10000000000002,100.0,23,980.0
1999,5,23,3,0,0,0,0,0,0,0,4,22,126.99000000000001,0,0.136,0.1,6.025,245.60000000000002,100.0,23,980.0
1999,5,23,3,30,0,0,0,0,0,0,4,22,120.23,0,0.136,0.1,6.034,245.60000000000002,100.0,22,980.0
1999,5,23,4,0,0,0,0,0,0,0,4,22,113.36,0,0.136,0.1,6.0440000000000005,241.5,100.0,22,980.0
1999,5,23,4,30,0,0,0,0,0,0,3,22,106.42,0,0.136,0.0,6.054,241.5,100.0,22,980.0
1999,5,23,5,0,0,0,0,0,0,0,3,22,99.44,0,0.136,0.0,6.065,269.8,100.0,22,980.0
1999,5,23,5,30,0,0,0,0,0,0,4,22,92.43,0,0.136,0.0,6.074,269.8,100.0,22,980.0
1999,5,23,6,0,14,0,14,20,347,47,4,22,85.41,4,0.136,0.1,6.083,41.800000000000004,100.0,22,980.0
1999,5,23,6,30,44,0,44,34,567,149,4,22,78.39,0,0.136,0.0,6.088,41.800000000000004,100.0,22,980.0
1999,5,23,7,0,91,0,91,43,689,263,3,22,71.39,0,0.136,0.0,6.093,140.6,100.0,23,980.0
1999,5,23,7,30,161,29,174,49,763,379,3,22,64.43,0,0.136,0.0,6.088,140.6,100.0,23,980.0
1999,5,23,8,0,234,143,311,53,815,490,3,23,57.53,0,0.136,0.0,6.0840000000000005,132.6,100.0,23,990.0
1999,5,23,8,30,288,134,373,56,851,595,3,23,50.74,0,0.136,0.0,6.069,132.6,100.0,23,990.0
1999,5,23,9,0,336,127,428,58,878,689,3,24,44.09,0,0.136,0.0,6.054,121.2,100.0,24,990.0
1999,5,23,9,30,320,34,348,60,897,771,3,24,37.67,0,0.136,0.0,6.0280000000000005,121.2,100.0,24,980.0
1999,5,23,10,0,420,144,543,63,911,838,3,24,31.650000000000002,0,0.136,0.0,6.003,106.30000000000001,100.0,24,980.0
1999,5,23,10,30,447,135,569,64,921,890,3,24,26.29,0,0.136,0.0,5.968,106.30000000000001,100.0,24,980.0
1999,5,23,11,0,457,258,697,67,925,925,3,24,22.080000000000002,0,0.136,0.0,5.933,90.0,94.52,25,980.0
1999,5,23,11,30,316,18,334,68,928,942,4,24,19.79,0,0.136,0.0,5.896,90.0,94.48,25,980.0
1999,5,23,12,0,442,67,505,70,927,941,4,23,20.07,0,0.136,0.0,5.859,57.900000000000006,92.74,25,980.0
1999,5,23,12,30,420,358,750,69,924,921,3,23,22.830000000000002,0,0.136,0.0,5.824,57.900000000000006,92.7,25,980.0
1999,5,23,13,0,444,149,577,70,916,884,3,23,27.330000000000002,0,0.136,0.0,5.79,1.7000000000000002,91.91,26,980.0
1999,5,23,13,30,414,168,555,68,905,829,3,23,32.86,0,0.136,0.0,5.76,1.7000000000000002,91.88,26,980.0
1999,5,23,14,0,67,889,759,67,889,759,0,23,38.980000000000004,0,0.136,0.0,5.731,322.70000000000005,86.59,26,980.0
1999,5,23,14,30,64,869,674,64,869,674,0,23,45.45,0,0.136,0.0,5.699,322.70000000000005,86.59,26,980.0
1999,5,23,15,0,271,231,413,61,840,577,3,23,52.13,0,0.136,0.0,5.6690000000000005,302.3,86.96000000000001,26,980.0
1999,5,23,15,30,57,801,470,57,801,470,0,23,58.95,0,0.136,0.0,5.634,302.3,92.26,26,980.0
1999,5,23,16,0,52,746,357,52,746,357,0,23,65.86,0,0.136,0.0,5.6000000000000005,290.3,93.35000000000001,26,980.0
1999,5,23,16,30,44,663,240,44,663,240,0,23,72.83,0,0.136,0.0,5.564,290.3,93.36,25,980.0
1999,5,23,17,0,34,526,127,34,526,127,7,24,79.83,4,0.136,0.0,5.529,277.2,96.23,25,980.0
1999,5,23,17,30,16,269,31,16,269,31,8,24,86.84,4,0.136,0.1,5.502,277.2,100.0,24,980.0
1999,5,23,18,0,0,0,0,0,0,0,7,24,93.86,0,0.136,0.30000000000000004,5.476,277.1,100.0,24,980.0
1999,5,23,18,30,0,0,0,0,0,0,7,23,100.86,0,0.136,0.30000000000000004,5.455,277.1,100.0,24,980.0
1999,5,23,19,0,0,0,0,0,0,0,7,23,107.83,1,0.136,0.4,5.434,282.7,100.0,24,980.0
1999,5,23,19,30,0,0,0,0,0,0,7,23,114.75,0,0.136,0.4,5.422,282.7,100.0,23,980.0
1999,5,23,20,0,0,0,0,0,0,0,7,23,121.58,0,0.136,0.4,5.4110000000000005,290.40000000000003,100.0,23,980.0
1999,5,23,20,30,0,0,0,0,0,0,7,23,128.3,0,0.136,0.4,5.401,290.40000000000003,100.0,23,980.0
1999,5,23,21,0,0,0,0,0,0,0,3,23,134.85,0,0.136,0.4,5.392,301.6,100.0,23,980.0
1999,5,23,21,30,0,0,0,0,0,0,3,23,141.11,0,0.136,0.4,5.381,301.6,100.0,23,980.0
1999,5,23,22,0,0,0,0,0,0,0,3,23,146.95000000000002,0,0.136,0.4,5.37,315.40000000000003,100.0,23,980.0
1999,5,23,22,30,0,0,0,0,0,0,3,23,152.06,0,0.136,0.4,5.361,315.40000000000003,100.0,23,980.0
1999,5,23,23,0,0,0,0,0,0,0,3,22,156.0,0,0.136,0.4,5.353,321.5,99.71000000000001,23,980.0
1999,5,23,23,30,0,0,0,0,0,0,3,22,158.11,0,0.136,0.4,5.349,321.5,100.0,22,980.0
1999,5,24,0,0,0,0,0,0,0,0,1,22,157.86,0,0.136,0.5,5.345,321.90000000000003,100.0,22,980.0
1999,5,24,0,30,0,0,0,0,0,0,1,22,155.32,0,0.136,0.5,5.339,321.90000000000003,100.0,22,980.0
1999,5,24,1,0,0,0,0,0,0,0,1,22,151.09,0,0.136,0.5,5.3340000000000005,324.20000000000005,100.0,22,980.0
1999,5,24,1,30,0,0,0,0,0,0,3,22,145.8,0,0.136,0.5,5.321,324.20000000000005,100.0,22,980.0
1999,5,24,2,0,0,0,0,0,0,0,0,22,139.86,0,0.136,0.5,5.308,330.5,100.0,22,980.0
1999,5,24,2,30,0,0,0,0,0,0,3,22,133.53,0,0.136,0.5,5.284,330.5,100.0,22,980.0
1999,5,24,3,0,0,0,0,0,0,0,0,22,126.95,0,0.136,0.5,5.261,343.0,100.0,22,980.0
1999,5,24,3,30,0,0,0,0,0,0,0,22,120.2,0,0.136,0.5,5.224,343.0,100.0,22,980.0
1999,5,24,4,0,0,0,0,0,0,0,0,22,113.35000000000001,0,0.136,0.5,5.187,357.70000000000005,100.0,22,980.0
1999,5,24,4,30,0,0,0,0,0,0,0,22,106.42,0,0.136,0.5,5.1450000000000005,357.70000000000005,100.0,22,980.0
1999,5,24,5,0,0,0,0,0,0,0,0,21,99.44,0,0.136,0.5,5.103,10.200000000000001,99.99000000000001,22,980.0
1999,5,24,5,30,0,0,0,0,0,0,0,22,92.44,0,0.136,0.4,5.0680000000000005,10.200000000000001,100.0,22,980.0
1999,5,24,6,0,22,309,47,22,309,47,0,22,85.43,0,0.136,0.30000000000000004,5.034,19.3,100.0,22,980.0
1999,5,24,6,30,40,539,148,40,539,148,0,22,78.42,0,0.136,0.1,5.0120000000000005,19.3,95.93,23,990.0
1999,5,24,7,0,51,666,263,51,666,263,0,23,71.43,0,0.136,0.0,4.99,24.900000000000002,94.32000000000001,24,990.0
1999,5,24,7,30,59,745,380,59,745,380,0,23,64.48,0,0.136,0.0,4.979,24.900000000000002,94.33,25,990.0
1999,5,24,8,0,65,799,494,65,799,494,0,23,57.6,0,0.136,0.0,4.969,44.0,92.17,26,990.0
1999,5,24,8,30,70,837,599,70,837,599,0,23,50.81,0,0.136,0.0,4.976,44.0,92.17,26,990.0
1999,5,24,9,0,75,864,695,75,864,695,0,24,44.17,0,0.136,0.0,4.984,46.900000000000006,89.37,27,990.0
1999,5,24,9,30,78,884,777,78,884,777,0,24,37.78,0,0.136,0.0,5.01,46.900000000000006,89.35000000000001,27,990.0
1999,5,24,10,0,81,898,845,81,898,845,0,24,31.78,0,0.136,0.0,5.037,50.6,85.62,27,990.0
1999,5,24,10,30,83,908,896,83,908,896,0,24,26.44,0,0.136,0.0,5.08,50.6,85.60000000000001,27,980.0
1999,5,24,11,0,84,914,930,84,914,930,0,24,22.26,0,0.136,0.0,5.124,56.1,80.94,28,980.0
1999,5,24,11,30,466,102,562,85,917,947,2,24,19.97,0,0.136,0.0,5.179,56.1,80.91,28,980.0
1999,5,24,12,0,455,294,731,84,917,944,3,24,20.240000000000002,0,0.136,0.0,5.235,63.0,80.74,28,980.0
1999,5,24,12,30,83,913,924,83,913,924,0,24,22.97,0,0.136,0.0,5.288,63.0,80.7,28,980.0
1999,5,24,13,0,81,906,886,81,906,886,0,24,27.44,0,0.136,0.0,5.341,67.7,81.2,28,980.0
1999,5,24,13,30,398,88,472,79,895,830,3,24,32.94,0,0.136,0.0,5.377,67.7,86.04,28,980.0
1999,5,24,14,0,75,881,760,75,881,760,0,24,39.04,0,0.136,0.0,5.413,75.8,88.04,28,980.0
1999,5,24,14,30,72,859,674,72,859,674,0,24,45.49,0,0.136,0.0,5.4350000000000005,75.8,88.02,27,980.0
1999,5,24,15,0,67,832,577,67,832,577,0,25,52.160000000000004,0,0.136,0.0,5.457,91.5,91.64,27,980.0
1999,5,24,15,30,62,791,470,62,791,470,0,25,58.97,0,0.136,0.0,5.462,91.5,97.17,27,980.0
1999,5,24,16,0,55,735,356,55,735,356,0,25,65.87,0,0.136,0.0,5.468,83.5,99.72,27,980.0
1999,5,24,16,30,111,185,166,47,650,239,2,25,72.82000000000001,0,0.136,0.0,5.47,83.5,99.73,26,980.0
1999,5,24,17,0,36,511,126,36,511,126,0,25,79.81,0,0.136,0.1,5.472,101.60000000000001,99.86,26,980.0
1999,5,24,17,30,17,248,31,17,248,31,3,25,86.82000000000001,4,0.136,0.2,5.471,101.60000000000001,100.0,26,980.0
1999,5,24,18,0,0,0,0,0,0,0,7,25,93.83,0,0.136,0.30000000000000004,5.47,94.5,100.0,26,980.0
1999,5,24,18,30,0,0,0,0,0,0,7,25,100.82000000000001,0,0.136,0.30000000000000004,5.477,94.5,100.0,25,980.0
1999,5,24,19,0,0,0,0,0,0,0,7,24,107.78,1,0.136,0.4,5.485,99.0,99.60000000000001,25,980.0
1999,5,24,19,30,0,0,0,0,0,0,6,24,114.69,0,0.136,0.4,5.496,99.0,99.63,25,980.0
1999,5,24,20,0,0,0,0,0,0,0,6,24,121.52,0,0.136,0.5,5.507,109.4,98.46000000000001,25,980.0
1999,5,24,20,30,0,0,0,0,0,0,6,24,128.22,1,0.136,0.5,5.518,109.4,100.0,24,980.0
1999,5,24,21,0,0,0,0,0,0,0,6,24,134.75,0,0.136,0.5,5.53,116.10000000000001,100.0,24,980.0
1999,5,24,21,30,0,0,0,0,0,0,6,24,141.0,0,0.136,0.5,5.5360000000000005,116.10000000000001,100.0,24,980.0
1999,5,24,22,0,0,0,0,0,0,0,6,24,146.81,0,0.136,0.6000000000000001,5.542,128.6,100.0,24,990.0
1999,5,24,22,30,0,0,0,0,0,0,6,24,151.91,0,0.136,0.6000000000000001,5.5440000000000005,128.6,100.0,24,980.0
1999,5,24,23,0,0,0,0,0,0,0,6,24,155.82,0,0.136,0.6000000000000001,5.546,145.1,100.0,24,980.0
1999,5,24,23,30,0,0,0,0,0,0,8,23,157.92000000000002,0,0.136,0.6000000000000001,5.545,145.1,100.0,24,980.0
1999,5,25,0,0,0,0,0,0,0,0,6,23,157.68,0,0.136,0.6000000000000001,5.5440000000000005,165.9,100.0,24,980.0
1999,5,25,0,30,0,0,0,0,0,0,7,23,155.17000000000002,0,0.136,0.5,5.539,165.9,100.0,23,980.0
1999,5,25,1,0,0,0,0,0,0,0,8,23,150.97,0,0.136,0.5,5.535,183.0,100.0,23,980.0
1999,5,25,1,30,0,0,0,0,0,0,7,22,145.71,0,0.136,0.4,5.531,183.0,100.0,22,980.0
1999,5,25,2,0,0,0,0,0,0,0,7,22,139.79,0,0.136,0.30000000000000004,5.527,194.60000000000002,100.0,22,980.0
1999,5,25,2,30,0,0,0,0,0,0,8,22,133.48,0,0.136,0.2,5.523,194.60000000000002,100.0,22,980.0
1999,5,25,3,0,0,0,0,0,0,0,7,22,126.91,0,0.136,0.1,5.519,202.8,100.0,22,980.0
1999,5,25,3,30,0,0,0,0,0,0,8,22,120.18,0,0.136,0.1,5.53,202.8,100.0,22,980.0
1999,5,25,4,0,0,0,0,0,0,0,7,22,113.33,0,0.136,0.1,5.541,206.10000000000002,100.0,22,980.0
1999,5,25,4,30,0,0,0,0,0,0,7,22,106.42,0,0.136,0.1,5.566,206.10000000000002,100.0,22,980.0
1999,5,25,5,0,0,0,0,0,0,0,7,22,99.45,0,0.136,0.2,5.5920000000000005,202.4,100.0,22,980.0
1999,5,25,5,30,0,0,0,0,0,0,7,22,92.46000000000001,0,0.136,0.2,5.611,202.4,100.0,22,990.0
1999,5,25,6,0,8,0,8,21,310,46,8,22,85.45,0,0.136,0.2,5.631,200.4,100.0,23,990.0
1999,5,25,6,30,71,42,79,39,539,147,8,22,78.45,0,0.136,0.1,5.633,200.4,100.0,23,990.0
1999,5,25,7,0,108,6,110,50,665,261,3,23,71.47,0,0.136,0.0,5.635,201.5,100.0,23,990.0
1999,5,25,7,30,164,287,288,58,744,378,8,23,64.53,0,0.136,0.0,5.617,201.5,100.0,23,990.0
1999,5,25,8,0,228,216,344,62,800,491,7,24,57.660000000000004,0,0.136,0.0,5.599,204.5,100.0,24,990.0
1999,5,25,8,30,281,229,425,67,838,596,7,24,50.88,0,0.136,0.0,5.577,204.5,100.0,24,990.0
1999,5,25,9,0,335,130,429,69,868,691,8,25,44.26,0,0.136,0.0,5.555,202.5,100.0,25,990.0
1999,5,25,9,30,311,432,652,71,888,773,7,25,37.88,0,0.136,0.0,5.548,202.5,100.0,25,990.0
1999,5,25,10,0,72,904,840,72,904,840,0,25,31.900000000000002,0,0.136,0.0,5.543,207.4,100.0,25,990.0
1999,5,25,10,30,367,437,758,73,915,891,7,25,26.59,0,0.136,0.0,5.546,207.4,100.0,25,990.0
1999,5,25,11,0,73,922,926,73,922,926,0,24,22.43,0,0.136,0.0,5.55,220.0,92.79,26,990.0
1999,5,25,11,30,74,925,942,74,925,942,0,24,20.16,0,0.136,0.0,5.563,220.0,92.74,26,990.0
1999,5,25,12,0,73,925,940,73,925,940,0,24,20.42,0,0.136,0.0,5.5760000000000005,240.5,84.24,27,990.0
1999,5,25,12,30,72,921,920,72,921,920,0,24,23.12,0,0.136,0.0,5.5920000000000005,240.5,84.19,27,980.0
1999,5,25,13,0,71,915,882,71,915,882,0,23,27.55,1,0.136,0.0,5.609,250.20000000000002,83.64,27,980.0
1999,5,25,13,30,69,904,827,69,904,827,0,23,33.02,1,0.136,0.0,5.631,250.20000000000002,83.61,27,980.0
1999,5,25,14,0,66,889,757,66,889,757,0,24,39.1,1,0.136,0.0,5.654,261.40000000000003,86.7,27,980.0
1999,5,25,14,30,312,125,400,64,869,672,3,24,45.53,1,0.136,0.0,5.666,261.40000000000003,91.92,27,980.0
1999,5,25,15,0,266,123,342,60,841,576,3,25,52.19,1,0.136,0.0,5.679,264.8,95.16,27,980.0
1999,5,25,15,30,221,111,279,56,802,469,3,25,58.980000000000004,0,0.136,0.0,5.692,264.8,95.16,26,980.0
1999,5,25,16,0,164,117,211,51,747,356,3,25,65.87,1,0.136,0.0,5.705,260.5,96.85000000000001,26,980.0
1999,5,25,16,30,111,106,142,43,664,240,4,25,72.82000000000001,1,0.136,0.0,5.708,260.5,100.0,25,980.0
1999,5,25,17,0,61,78,75,33,527,127,4,25,79.8,4,0.136,0.1,5.711,248.20000000000002,100.0,25,980.0
1999,5,25,17,30,18,0,18,16,272,31,4,24,86.8,1,0.136,0.1,5.704,248.20000000000002,100.0,25,980.0
1999,5,25,18,0,0,0,0,0,0,0,6,24,93.8,1,0.136,0.2,5.698,243.70000000000002,100.0,25,980.0
1999,5,25,18,30,0,0,0,0,0,0,6,24,100.78,0,0.136,0.1,5.687,243.70000000000002,100.0,24,980.0
1999,5,25,19,0,0,0,0,0,0,0,6,24,107.73,1,0.136,0.1,5.6770000000000005,241.3,100.0,24,980.0
1999,5,25,19,30,0,0,0,0,0,0,6,24,114.63,1,0.136,0.0,5.671,241.3,100.0,24,980.0
1999,5,25,20,0,0,0,0,0,0,0,6,24,121.45,1,0.136,0.0,5.666,234.8,100.0,24,980.0
1999,5,25,20,30,0,0,0,0,0,0,6,23,128.14000000000001,1,0.136,0.0,5.654,234.8,100.0,24,990.0
1999,5,25,21,0,0,0,0,0,0,0,6,23,134.66,1,0.136,0.0,5.643,234.4,100.0,24,990.0
1999,5,25,21,30,0,0,0,0,0,0,6,23,140.89000000000001,0,0.136,0.0,5.6160000000000005,234.4,100.0,24,990.0
1999,5,25,22,0,0,0,0,0,0,0,6,23,146.69,1,0.136,0.0,5.589,234.3,100.0,24,990.0
1999,5,25,22,30,0,0,0,0,0,0,6,23,151.76,0,0.136,0.0,5.557,234.3,100.0,23,990.0
1999,5,25,23,0,0,0,0,0,0,0,7,23,155.65,0,0.136,0.0,5.525,236.60000000000002,100.0,23,980.0
1999,5,25,23,30,0,0,0,0,0,0,6,23,157.74,0,0.136,0.0,5.492,236.60000000000002,100.0,23,980.0
1999,5,26,0,0,0,0,0,0,0,0,6,23,157.51,0,0.136,0.0,5.46,240.8,100.0,23,980.0
1999,5,26,0,30,0,0,0,0,0,0,7,23,155.03,0,0.136,0.0,5.437,240.8,100.0,23,980.0
1999,5,26,1,0,0,0,0,0,0,0,7,23,150.86,0,0.136,0.0,5.415,246.20000000000002,100.0,23,980.0
1999,5,26,1,30,0,0,0,0,0,0,7,22,145.62,0,0.136,0.0,5.3950000000000005,246.20000000000002,100.0,23,980.0
1999,5,26,2,0,0,0,0,0,0,0,4,22,139.73,0,0.136,0.0,5.375,255.0,100.0,23,980.0
1999,5,26,2,30,0,0,0,0,0,0,3,22,133.43,0,0.136,0.0,5.361,255.0,100.0,22,980.0
1999,5,26,3,0,0,0,0,0,0,0,3,22,126.88000000000001,0,0.136,0.0,5.347,261.2,100.0,22,980.0
1999,5,26,3,30,0,0,0,0,0,0,3,22,120.16,0,0.136,0.0,5.345,261.2,100.0,22,980.0
1999,5,26,4,0,0,0,0,0,0,0,1,22,113.32000000000001,0,0.136,0.0,5.344,263.6,100.0,22,980.0
1999,5,26,4,30,0,0,0,0,0,0,1,22,106.42,0,0.136,0.1,5.363,263.6,100.0,22,980.0
1999,5,26,5,0,0,0,0,0,0,0,0,22,99.46000000000001,0,0.136,0.2,5.382,260.0,100.0,22,980.0
1999,5,26,5,30,0,0,0,0,0,0,3,22,92.47,0,0.136,0.1,5.41,260.0,100.0,22,980.0
1999,5,26,6,0,2,0,2,21,325,46,4,22,85.48,0,0.136,0.1,5.438,259.7,100.0,22,990.0
1999,5,26,6,30,37,550,147,37,550,147,1,22,78.49,0,0.136,0.0,5.466,259.7,100.0,22,990.0
1999,5,26,7,0,91,0,91,48,672,261,3,23,71.52,0,0.136,0.0,5.495,249.8,100.0,23,990.0
1999,5,26,7,30,132,0,132,56,749,377,4,23,64.58,0,0.136,0.0,5.527,249.8,100.0,23,990.0
1999,5,26,8,0,162,3,163,62,801,490,4,24,57.72,0,0.136,0.0,5.559,236.60000000000002,100.0,24,990.0
1999,5,26,8,30,278,87,333,66,838,594,4,24,50.96,0,0.136,0.0,5.593,236.60000000000002,100.0,24,990.0
1999,5,26,9,0,321,278,520,71,864,689,8,24,44.35,0,0.136,0.0,5.628,229.5,100.0,24,990.0
1999,5,26,9,30,367,269,579,74,884,771,8,24,37.99,0,0.136,0.0,5.657,229.5,100.0,24,990.0
1999,5,26,10,0,414,123,518,77,897,838,4,24,32.02,0,0.136,0.0,5.688,226.8,100.0,24,990.0
1999,5,26,10,30,421,310,698,79,907,889,8,24,26.73,0,0.136,0.0,5.71,226.8,100.0,24,990.0
1999,5,26,11,0,308,18,325,82,911,923,4,24,22.59,0,0.136,0.0,5.7330000000000005,228.70000000000002,96.94,25,990.0
1999,5,26,11,30,352,24,375,82,914,940,4,24,20.34,0,0.136,0.0,5.74,228.70000000000002,96.89,25,990.0
1999,5,26,12,0,348,23,370,84,911,938,8,24,20.580000000000002,0,0.136,0.0,5.747,236.0,96.72,25,990.0
1999,5,26,12,30,462,146,597,84,908,918,8,24,23.25,0,0.136,0.0,5.738,236.0,96.67,25,980.0
1999,5,26,13,0,405,61,460,84,898,880,8,24,27.650000000000002,0,0.136,0.0,5.73,246.4,96.93,25,980.0
1999,5,26,13,30,369,73,431,82,887,826,8,24,33.1,1,0.136,0.0,5.7090000000000005,246.4,96.89,25,980.0
1999,5,26,14,0,338,72,394,80,871,755,8,24,39.15,1,0.136,0.0,5.688,258.8,98.28,25,980.0
1999,5,26,14,30,309,215,460,76,849,671,8,24,45.57,1,0.136,0.0,5.651,258.8,98.25,25,980.0
1999,5,26,15,0,263,212,394,71,821,574,8,25,52.21,1,0.136,0.0,5.614,274.1,100.0,25,980.0
1999,5,26,15,30,220,195,321,66,781,468,8,25,59.0,0,0.136,0.0,5.564,274.1,100.0,25,980.0
1999,5,26,16,0,160,203,243,57,730,355,8,25,65.87,1,0.136,0.0,5.516,338.6,100.0,25,980.0
1999,5,26,16,30,108,187,164,48,644,239,8,24,72.81,1,0.136,0.0,5.462,338.6,100.0,24,980.0
1999,5,26,17,0,60,150,87,35,515,127,8,24,79.78,1,0.136,0.1,5.409,354.0,100.0,24,980.0
1999,5,26,17,30,19,41,21,17,254,31,8,23,86.77,1,0.136,0.1,5.361,354.0,100.0,24,980.0
1999,5,26,18,0,0,0,0,0,0,0,8,23,93.77,1,0.136,0.1,5.314,355.90000000000003,100.0,24,980.0
1999,5,26,18,30,0,0,0,0,0,0,8,23,100.74000000000001,0,0.136,0.1,5.263,355.90000000000003,100.0,23,980.0
1999,5,26,19,0,0,0,0,0,0,0,8,23,107.68,1,0.136,0.2,5.212,349.70000000000005,100.0,23,980.0
1999,5,26,19,30,0,0,0,0,0,0,8,23,114.57000000000001,1,0.136,0.30000000000000004,5.165,349.70000000000005,100.0,23,980.0
1999,5,26,20,0,0,0,0,0,0,0,8,23,121.38,1,0.136,0.4,5.119,353.20000000000005,100.0,23,980.0
1999,5,26,20,30,0,0,0,0,0,0,8,23,128.06,0,0.136,0.4,5.079,353.20000000000005,100.0,23,980.0
1999,5,26,21,0,0,0,0,0,0,0,4,23,134.56,0,0.136,0.4,5.04,11.4,100.0,23,980.0
1999,5,26,21,30,0,0,0,0,0,0,4,23,140.78,0,0.136,0.4,5.015,11.4,100.0,23,980.0
1999,5,26,22,0,0,0,0,0,0,0,4,23,146.56,0,0.136,0.4,4.9910000000000005,29.5,100.0,23,980.0
1999,5,26,22,30,0,0,0,0,0,0,8,23,151.61,0,0.136,0.4,4.982,29.5,100.0,23,980.0
1999,5,26,23,0,0,0,0,0,0,0,8,22,155.49,0,0.136,0.5,4.974,35.300000000000004,99.57000000000001,23,980.0
1999,5,26,23,30,0,0,0,0,0,0,8,22,157.57,0,0.136,0.5,4.9830000000000005,35.300000000000004,100.0,23,980.0
1999,5,27,0,0,0,0,0,0,0,0,8,22,157.35,0,0.136,0.5,4.993,38.400000000000006,100.0,23,980.0
1999,5,27,0,30,0,0,0,0,0,0,8,22,154.89000000000001,0,0.136,0.5,5.021,38.400000000000006,100.0,22,980.0
1999,5,27,1,0,0,0,0,0,0,0,8,22,150.75,0,0.136,0.5,5.049,47.7,100.0,22,980.0
1999,5,27,1,30,0,0,0,0,0,0,4,22,145.54,0,0.136,0.5,5.086,47.7,100.0,22,980.0
1999,5,27,2,0,0,0,0,0,0,0,4,22,139.66,0,0.136,0.5,5.124,57.0,100.0,22,980.0
1999,5,27,2,30,0,0,0,0,0,0,4,22,133.38,1,0.136,0.5,5.16,57.0,100.0,22,980.0
1999,5,27,3,0,0,0,0,0,0,0,4,22,126.85000000000001,1,0.136,0.5,5.196,61.300000000000004,100.0,22,980.0
1999,5,27,3,30,0,0,0,0,0,0,4,22,120.14,0,0.136,0.5,5.226,61.300000000000004,100.0,22,980.0
1999,5,27,4,0,0,0,0,0,0,0,4,22,113.32000000000001,1,0.136,0.5,5.256,63.6,100.0,22,980.0
1999,5,27,4,30,0,0,0,0,0,0,4,22,106.42,1,0.136,0.5,5.279,63.6,100.0,22,980.0
1999,5,27,5,0,0,0,0,0,0,0,4,22,99.47,1,0.136,0.6000000000000001,5.303,65.2,100.0,22,980.0
1999,5,27,5,30,0,0,0,0,0,0,4,22,92.49,1,0.136,0.4,5.33,65.2,100.0,22,980.0
1999,5,27,6,0,1,0,1,24,247,43,4,22,85.5,1,0.136,0.30000000000000004,5.357,70.4,100.0,22,980.0
1999,5,27,6,30,6,0,6,44,490,142,4,22,78.52,0,0.136,0.1,5.392,70.4,100.0,22,980.0
1999,5,27,7,0,11,0,11,58,625,255,4,23,71.56,1,0.136,0.0,5.428,88.5,100.0,23,980.0
1999,5,27,7,30,130,0,130,67,710,371,4,23,64.64,0,0.136,0.0,5.477,88.5,100.0,23,980.0
1999,5,27,8,0,196,24,209,74,767,484,4,24,57.78,0,0.136,0.0,5.526,72.4,100.0,24,990.0
1999,5,27,8,30,285,141,374,80,808,588,3,24,51.03,0,0.136,0.0,5.588,72.4,100.0,24,990.0
1999,5,27,9,0,328,237,498,85,837,683,3,24,44.43,0,0.136,0.0,5.651,60.800000000000004,98.8,25,990.0
1999,5,27,9,30,360,294,592,89,858,765,8,24,38.09,0,0.136,0.0,5.7090000000000005,60.800000000000004,98.79,25,990.0
1999,5,27,10,0,397,293,646,91,875,832,8,24,32.14,0,0.136,0.0,5.768,57.5,91.95,26,990.0
1999,5,27,10,30,371,422,747,93,886,883,8,24,26.87,0,0.136,0.0,5.822,57.5,91.92,26,980.0
1999,5,27,11,0,387,429,783,94,893,918,8,24,22.76,0,0.136,0.0,5.877,56.2,91.23,27,980.0
1999,5,27,11,30,464,104,562,95,896,934,8,24,20.51,0,0.136,0.0,5.92,56.2,91.18,27,980.0
1999,5,27,12,0,407,395,777,94,896,932,8,24,20.740000000000002,0,0.136,0.0,5.964,58.5,86.31,27,980.0
1999,5,27,12,30,435,314,725,94,892,912,8,24,23.38,0,0.136,0.0,5.99,58.5,86.27,27,980.0
1999,5,27,13,0,92,884,875,92,884,875,0,24,27.75,0,0.136,0.0,6.017,72.60000000000001,88.38,27,980.0
1999,5,27,13,30,90,873,820,90,873,820,0,24,33.17,0,0.136,0.0,6.042,72.60000000000001,93.68,27,980.0
1999,5,27,14,0,87,855,750,87,855,750,0,25,39.21,0,0.136,0.0,6.0680000000000005,87.30000000000001,96.03,27,980.0
1999,5,27,14,30,83,832,666,83,832,666,0,25,45.61,0,0.136,0.0,6.09,87.30000000000001,96.0,26,980.0
1999,5,27,15,0,78,801,569,78,801,569,0,25,52.230000000000004,0,0.136,0.0,6.114,105.7,98.46000000000001,26,980.0
1999,5,27,15,30,72,758,463,72,758,463,1,25,59.01,0,0.136,0.0,6.136,105.7,98.46000000000001,26,980.0
1999,5,27,16,0,130,426,305,64,700,350,8,26,65.87,0,0.136,0.0,6.159,120.80000000000001,100.0,26,980.0
1999,5,27,16,30,85,403,204,54,610,234,8,25,72.8,3,0.136,0.0,6.171,120.80000000000001,100.0,26,980.0
1999,5,27,17,0,51,316,107,39,473,123,7,25,79.77,4,0.136,0.0,6.184,69.5,100.0,26,980.0
1999,5,27,17,30,19,126,26,18,207,30,7,25,86.75,4,0.136,0.0,6.204,69.5,100.0,25,980.0
1999,5,27,18,0,0,0,0,0,0,0,7,25,93.73,0,0.136,0.1,6.224,63.7,100.0,25,980.0
1999,5,27,18,30,0,0,0,0,0,0,7,24,100.7,0,0.136,0.1,6.239,63.7,100.0,25,980.0
1999,5,27,19,0,0,0,0,0,0,0,7,24,107.63,1,0.136,0.1,6.2540000000000004,88.60000000000001,100.0,25,980.0
1999,5,27,19,30,0,0,0,0,0,0,7,24,114.51,1,0.136,0.1,6.253,88.60000000000001,100.0,24,980.0
1999,5,27,20,0,0,0,0,0,0,0,7,24,121.31,1,0.136,0.1,6.252,96.4,100.0,24,980.0
1999,5,27,20,30,0,0,0,0,0,0,7,24,127.98,0,0.136,0.1,6.226,96.4,100.0,24,980.0
1999,5,27,21,0,0,0,0,0,0,0,4,24,134.47,0,0.136,0.1,6.2010000000000005,98.0,100.0,24,980.0
1999,5,27,21,30,0,0,0,0,0,0,4,24,140.68,0,0.136,0.0,6.15,98.0,100.0,24,980.0
1999,5,27,22,0,0,0,0,0,0,0,4,24,146.43,0,0.136,0.0,6.099,104.7,100.0,24,990.0
1999,5,27,22,30,0,0,0,0,0,0,7,23,151.47,0,0.136,0.0,6.023,104.7,100.0,24,980.0
1999,5,27,23,0,0,0,0,0,0,0,4,23,155.33,0,0.136,0.0,5.947,105.7,100.0,24,980.0
1999,5,27,23,30,0,0,0,0,0,0,7,23,157.4,0,0.136,0.0,5.857,105.7,100.0,23,980.0
1999,5,28,0,0,0,0,0,0,0,0,7,23,157.19,0,0.136,0.0,5.767,104.30000000000001,100.0,23,980.0
1999,5,28,0,30,0,0,0,0,0,0,7,23,154.75,0,0.136,0.0,5.679,104.30000000000001,100.0,23,980.0
1999,5,28,1,0,0,0,0,0,0,0,7,23,150.65,0,0.136,0.0,5.5920000000000005,103.5,100.0,23,980.0
1999,5,28,1,30,0,0,0,0,0,0,4,23,145.46,0,0.136,0.0,5.546,103.5,100.0,23,980.0
1999,5,28,2,0,0,0,0,0,0,0,4,23,139.61,0,0.136,0.0,5.501,107.0,100.0,23,980.0
1999,5,28,2,30,0,0,0,0,0,0,3,22,133.34,0,0.136,0.0,5.493,107.0,100.0,23,980.0
1999,5,28,3,0,0,0,0,0,0,0,3,22,126.82000000000001,0,0.136,0.1,5.485,104.9,100.0,23,980.0
1999,5,28,3,30,0,0,0,0,0,0,3,22,120.12,0,0.136,0.1,5.489,104.9,100.0,22,980.0
1999,5,28,4,0,0,0,0,0,0,0,3,22,113.31,0,0.136,0.2,5.493,106.4,100.0,22,980.0
1999,5,28,4,30,0,0,0,0,0,0,4,22,106.42,0,0.136,0.2,5.506,106.4,100.0,22,980.0
1999,5,28,5,0,0,0,0,0,0,0,4,22,99.48,0,0.136,0.30000000000000004,5.519,112.4,100.0,22,980.0
1999,5,28,5,30,0,0,0,0,0,0,4,22,92.52,0,0.136,0.2,5.532,112.4,100.0,22,980.0
1999,5,28,6,0,8,0,8,20,326,46,4,22,85.53,0,0.136,0.1,5.547,115.0,100.0,23,990.0
1999,5,28,6,30,29,0,29,36,552,146,4,22,78.56,0,0.136,0.0,5.561,115.0,100.0,23,990.0
1999,5,28,7,0,39,0,39,46,677,260,4,23,71.60000000000001,0,0.136,0.0,5.575,126.7,100.0,24,990.0
1999,5,28,7,30,148,12,153,53,753,375,4,23,64.69,0,0.136,0.0,5.59,126.7,100.0,24,990.0
1999,5,28,8,0,174,8,179,57,808,487,4,24,57.85,0,0.136,0.0,5.606,130.8,100.0,24,990.0
1999,5,28,8,30,248,36,270,61,844,591,4,24,51.1,0,0.136,0.0,5.622,130.8,100.0,24,990.0
1999,5,28,9,0,304,53,342,63,872,685,4,24,44.52,0,0.136,0.0,5.64,136.70000000000002,97.2,25,990.0
1999,5,28,9,30,366,88,436,65,891,766,3,24,38.19,0,0.136,0.0,5.657,136.70000000000002,97.19,25,990.0
1999,5,28,10,0,379,57,427,67,906,833,3,23,32.26,0,0.136,0.0,5.676,140.8,87.34,26,990.0
1999,5,28,10,30,440,225,641,68,916,885,3,23,27.01,0,0.136,0.0,5.6930000000000005,140.8,87.32000000000001,26,990.0
1999,5,28,11,0,220,10,230,70,922,919,3,23,22.91,0,0.136,0.0,5.71,144.4,79.95,27,990.0
1999,5,28,11,30,381,32,411,70,924,935,4,23,20.67,0,0.136,0.0,5.7170000000000005,144.4,79.92,27,990.0
1999,5,28,12,0,450,81,527,71,924,934,8,23,20.900000000000002,0,0.136,0.0,5.724,149.70000000000002,79.36,27,990.0
1999,5,28,12,30,252,13,264,70,920,914,6,23,23.51,0,0.136,0.0,5.721,149.70000000000002,79.31,27,980.0
1999,5,28,13,0,34,0,34,69,914,877,6,23,27.85,0,0.136,0.0,5.719,157.10000000000002,79.60000000000001,27,980.0
1999,5,28,13,30,256,13,268,68,903,823,6,23,33.24,0,0.136,0.0,5.706,157.10000000000002,79.56,27,980.0
1999,5,28,14,0,339,55,382,65,889,753,6,23,39.26,0,0.136,0.0,5.694,162.3,80.17,27,980.0
1999,5,28,14,30,152,0,152,62,869,669,6,23,45.64,0,0.136,0.0,5.683,162.3,80.15,27,980.0
1999,5,28,15,0,140,0,140,57,842,573,6,23,52.25,0,0.136,0.0,5.673,170.3,81.65,27,980.0
1999,5,28,15,30,213,68,249,53,804,467,6,23,59.01,0,0.136,0.0,5.664,170.3,86.59,27,980.0
1999,5,28,16,0,165,85,200,47,752,355,6,24,65.87,0,0.136,0.0,5.656,179.8,90.09,27,980.0
1999,5,28,16,30,112,155,158,41,672,239,6,24,72.79,0,0.136,0.0,5.655,179.8,90.11,26,980.0
1999,5,28,17,0,60,135,84,31,539,127,7,25,79.75,4,0.136,0.1,5.655,192.4,94.75,26,980.0
1999,5,28,17,30,19,38,21,15,291,32,7,25,86.72,4,0.136,0.1,5.66,192.4,100.0,25,980.0
1999,5,28,18,0,0,0,0,0,0,0,7,24,93.7,0,0.136,0.1,5.665,246.9,95.81,25,980.0
1999,5,28,18,30,0,0,0,0,0,0,7,24,100.66,0,0.136,0.2,5.6690000000000005,246.9,95.85000000000001,25,980.0
1999,5,28,19,0,0,0,0,0,0,0,7,23,107.58,1,0.136,0.30000000000000004,5.673,281.1,92.66,25,990.0
1999,5,28,19,30,0,0,0,0,0,0,7,23,114.45,0,0.136,0.30000000000000004,5.6690000000000005,281.1,98.38,24,990.0
1999,5,28,20,0,0,0,0,0,0,0,7,23,121.24000000000001,0,0.136,0.4,5.665,289.2,97.93,24,990.0
1999,5,28,20,30,0,0,0,0,0,0,7,23,127.9,0,0.136,0.4,5.652,289.2,97.95,24,990.0
1999,5,28,21,0,0,0,0,0,0,0,7,23,134.38,0,0.136,0.4,5.64,290.90000000000003,97.64,24,990.0
1999,5,28,21,30,0,0,0,0,0,0,7,23,140.57,0,0.136,0.4,5.622,290.90000000000003,100.0,23,990.0
1999,5,28,22,0,0,0,0,0,0,0,7,23,146.31,0,0.136,0.4,5.606,289.90000000000003,100.0,23,990.0
1999,5,28,22,30,0,0,0,0,0,0,7,23,151.33,0,0.136,0.30000000000000004,5.58,289.90000000000003,100.0,23,990.0
1999,5,28,23,0,0,0,0,0,0,0,7,23,155.17000000000002,0,0.136,0.30000000000000004,5.556,285.3,100.0,23,990.0
1999,5,28,23,30,0,0,0,0,0,0,7,22,157.23,0,0.136,0.2,5.522,285.3,100.0,22,990.0
1999,5,29,0,0,0,0,0,0,0,0,4,22,157.04,0,0.136,0.2,5.489,277.40000000000003,100.0,22,990.0
1999,5,29,0,30,0,0,0,0,0,0,3,22,154.63,0,0.136,0.1,5.447,277.40000000000003,100.0,22,980.0
1999,5,29,1,0,0,0,0,0,0,0,0,22,150.55,0,0.136,0.1,5.406,263.0,100.0,22,980.0
1999,5,29,1,30,0,0,0,0,0,0,4,22,145.38,0,0.136,0.0,5.372,263.0,100.0,22,980.0
1999,5,29,2,0,0,0,0,0,0,0,4,22,139.55,0,0.136,0.0,5.338,244.0,100.0,22,980.0
1999,5,29,2,30,0,0,0,0,0,0,3,22,133.31,0,0.136,0.0,5.322,244.0,100.0,22,980.0
1999,5,29,3,0,0,0,0,0,0,0,3,22,126.8,0,0.136,0.0,5.307,232.8,100.0,22,980.0
1999,5,29,3,30,0,0,0,0,0,0,4,22,120.11,0,0.136,0.0,5.313,232.8,100.0,22,980.0
1999,5,29,4,0,0,0,0,0,0,0,3,22,113.31,0,0.136,0.1,5.32,231.5,100.0,22,980.0
1999,5,29,4,30,0,0,0,0,0,0,3,22,106.43,0,0.136,0.1,5.34,231.5,100.0,22,990.0
1999,5,29,5,0,0,0,0,0,0,0,4,22,99.5,0,0.136,0.2,5.36,238.0,100.0,22,990.0
1999,5,29,5,30,0,0,0,0,0,0,4,22,92.54,0,0.136,0.1,5.3790000000000004,238.0,100.0,22,990.0
1999,5,29,6,0,18,0,18,20,334,46,3,22,85.56,4,0.136,0.1,5.399,243.5,100.0,22,990.0
1999,5,29,6,30,59,0,59,35,557,146,3,22,78.60000000000001,0,0.136,0.0,5.405,243.5,100.0,22,990.0
1999,5,29,7,0,106,6,108,45,681,259,4,23,71.65,0,0.136,0.0,5.412,246.0,100.0,23,990.0
1999,5,29,7,30,131,0,131,52,757,375,4,23,64.75,0,0.136,0.0,5.407,246.0,100.0,23,990.0
1999,5,29,8,0,203,33,221,56,810,486,4,23,57.910000000000004,0,0.136,0.0,5.4030000000000005,238.9,99.58,24,990.0
1999,5,29,8,30,282,121,358,60,847,591,3,23,51.18,0,0.136,0.0,5.405,238.9,99.58,24,990.0
1999,5,29,9,0,318,136,415,63,873,685,8,24,44.61,4,0.136,0.0,5.408,236.10000000000002,95.18,25,990.0
1999,5,29,9,30,378,157,502,65,893,766,4,24,38.29,0,0.136,0.0,5.424,236.10000000000002,95.16,25,990.0
1999,5,29,10,0,364,45,403,67,907,833,3,24,32.38,0,0.136,0.0,5.44,236.60000000000002,90.39,26,990.0
1999,5,29,10,30,68,917,885,68,917,885,1,24,27.150000000000002,0,0.136,0.0,5.463,236.60000000000002,90.36,26,990.0
1999,5,29,11,0,383,437,786,69,923,919,8,24,23.07,0,0.136,0.0,5.486,231.5,90.72,26,990.0
1999,5,29,11,30,464,244,693,69,926,935,3,24,20.830000000000002,0,0.136,0.0,5.5,231.5,90.68,26,990.0
1999,5,29,12,0,68,927,933,68,927,933,0,24,21.04,0,0.136,0.0,5.515,26.3,94.06,26,990.0
1999,5,29,12,30,457,218,658,67,924,914,4,24,23.63,0,0.136,0.0,5.497,26.3,94.02,26,990.0
1999,5,29,13,0,432,109,529,65,918,876,4,24,27.94,0,0.136,0.1,5.48,24.400000000000002,93.55,26,980.0
1999,5,29,13,30,386,309,645,64,908,823,4,24,33.31,0,0.136,0.1,5.428,24.400000000000002,93.52,26,980.0
1999,5,29,14,0,61,894,753,61,894,753,0,25,39.300000000000004,0,0.136,0.1,5.377,10.4,95.43,26,980.0
1999,5,29,14,30,59,874,670,59,874,670,0,25,45.67,0,0.136,0.1,5.324,10.4,100.0,26,980.0
1999,5,29,15,0,55,847,574,55,847,574,0,24,52.27,0,0.136,0.1,5.272,8.9,99.22,26,980.0
1999,5,29,15,30,52,809,468,52,809,468,0,24,59.02,0,0.136,0.1,5.258,8.9,99.23,25,980.0
1999,5,29,16,0,97,0,97,47,756,356,3,24,65.87,0,0.136,0.1,5.244,22.200000000000003,98.57000000000001,25,980.0
1999,5,29,16,30,35,0,35,40,675,240,4,24,72.78,0,0.136,0.1,5.26,22.200000000000003,100.0,24,980.0
1999,5,29,17,0,18,0,18,31,542,128,8,24,79.73,4,0.136,0.1,5.276,38.5,100.0,24,980.0
1999,5,29,17,30,4,0,4,16,295,33,6,23,86.69,4,0.136,0.1,5.291,38.5,100.0,23,980.0
1999,5,29,18,0,0,0,0,0,0,0,6,23,93.66,0,0.136,0.1,5.307,38.900000000000006,100.0,23,990.0
1999,5,29,18,30,0,0,0,0,0,0,6,23,100.61,0,0.136,0.1,5.309,38.900000000000006,100.0,23,990.0
1999,5,29,19,0,0,0,0,0,0,0,6,23,107.53,1,0.136,0.1,5.312,35.7,100.0,23,990.0
1999,5,29,19,30,0,0,0,0,0,0,6,23,114.39,0,0.136,0.0,5.305,35.7,100.0,23,990.0
1999,5,29,20,0,0,0,0,0,0,0,6,23,121.17,0,0.136,0.0,5.298,32.5,100.0,23,990.0
1999,5,29,20,30,0,0,0,0,0,0,8,22,127.82000000000001,0,0.136,0.0,5.284,32.5,100.0,23,990.0
1999,5,29,21,0,0,0,0,0,0,0,8,22,134.29,0,0.136,0.0,5.271,30.200000000000003,100.0,23,990.0
1999,5,29,21,30,0,0,0,0,0,0,7,22,140.46,0,0.136,0.0,5.26,30.200000000000003,100.0,22,990.0
1999,5,29,22,0,0,0,0,0,0,0,7,22,146.19,0,0.136,0.0,5.249,30.3,100.0,22,990.0
1999,5,29,22,30,0,0,0,0,0,0,8,22,151.19,0,0.136,0.0,5.244,30.3,100.0,22,990.0
1999,5,29,23,0,0,0,0,0,0,0,4,22,155.02,0,0.136,0.0,5.2410000000000005,29.0,100.0,22,990.0
1999,5,29,23,30,0,0,0,0,0,0,7,22,157.08,0,0.136,0.0,5.238,29.0,100.0,22,990.0
1999,5,30,0,0,0,0,0,0,0,0,7,22,156.89000000000001,0,0.136,0.0,5.235,26.8,100.0,22,990.0
1999,5,30,0,30,0,0,0,0,0,0,7,22,154.51,0,0.136,0.0,5.234,26.8,100.0,22,990.0
1999,5,30,1,0,0,0,0,0,0,0,7,22,150.45000000000002,0,0.136,0.1,5.2330000000000005,27.5,100.0,22,990.0
1999,5,30,1,30,0,0,0,0,0,0,3,21,145.32,0,0.136,0.1,5.227,27.5,100.0,22,990.0
1999,5,30,2,0,0,0,0,0,0,0,1,21,139.5,0,0.136,0.1,5.222,34.6,100.0,22,990.0
1999,5,30,2,30,0,0,0,0,0,0,3,21,133.27,0,0.136,0.1,5.206,34.6,100.0,22,990.0
1999,5,30,3,0,0,0,0,0,0,0,3,21,126.78,0,0.136,0.2,5.191,43.0,100.0,22,990.0
1999,5,30,3,30,0,0,0,0,0,0,4,21,120.10000000000001,0,0.136,0.2,5.1610000000000005,43.0,100.0,22,990.0
1999,5,30,4,0,0,0,0,0,0,0,4,21,113.31,0,0.136,0.30000000000000004,5.131,44.6,100.0,22,990.0
1999,5,30,4,30,0,0,0,0,0,0,4,21,106.44,0,0.136,0.30000000000000004,5.088,44.6,100.0,22,990.0
1999,5,30,5,0,0,0,0,0,0,0,4,21,99.52,0,0.136,0.30000000000000004,5.045,34.7,100.0,22,990.0
1999,5,30,5,30,0,0,0,0,0,0,4,21,92.56,0,0.136,0.2,4.997,34.7,100.0,22,990.0
1999,5,30,6,0,16,0,16,19,344,46,8,21,85.60000000000001,4,0.136,0.2,4.949,340.1,99.58,22,990.0
1999,5,30,6,30,53,0,53,34,567,146,4,21,78.64,0,0.136,0.1,4.907,340.1,99.60000000000001,22,990.0
1999,5,30,7,0,105,2,105,43,689,260,4,22,71.7,0,0.136,0.0,4.865,322.3,100.0,22,990.0
1999,5,30,7,30,151,18,159,50,764,375,4,22,64.8,0,0.136,0.0,4.837,322.3,100.0,22,990.0
1999,5,30,8,0,154,0,154,55,815,488,4,23,57.97,0,0.136,0.0,4.8100000000000005,297.1,100.0,23,990.0
1999,5,30,8,30,265,60,303,59,852,592,4,23,51.25,0,0.136,0.0,4.804,297.1,100.0,23,990.0
1999,5,30,9,0,243,16,255,61,879,686,4,23,44.69,0,0.136,0.0,4.798,284.2,97.3,24,990.0
1999,5,30,9,30,354,70,410,64,898,768,4,23,38.39,0,0.136,0.0,4.813,284.2,97.28,24,990.0
1999,5,30,10,0,65,913,835,65,913,835,1,23,32.49,0,0.136,0.0,4.828,181.60000000000002,89.7,25,990.0
1999,5,30,10,30,67,922,887,67,922,887,0,23,27.28,0,0.136,0.0,4.8500000000000005,181.60000000000002,84.51,26,990.0
1999,5,30,11,0,68,928,921,68,928,921,1,23,23.22,0,0.136,0.0,4.872,161.0,78.91,27,990.0
1999,5,30,11,30,68,931,938,68,931,938,0,23,20.990000000000002,0,0.136,0.0,4.892,161.0,78.88,27,990.0
1999,5,30,12,0,69,930,937,69,930,937,0,23,21.18,0,0.136,0.0,4.913,153.8,80.48,27,990.0
1999,5,30,12,30,68,927,917,68,927,917,0,23,23.740000000000002,0,0.136,0.0,4.926,153.8,80.44,27,990.0
1999,5,30,13,0,67,920,880,67,920,880,0,23,28.02,0,0.136,0.0,4.94,154.0,81.5,27,990.0
1999,5,30,13,30,408,193,570,66,909,826,3,23,33.37,0,0.136,0.0,4.947,154.0,81.47,27,980.0
1999,5,30,14,0,64,894,756,64,894,756,0,23,39.34,0,0.136,0.0,4.955,153.4,81.76,27,980.0
1999,5,30,14,30,284,40,313,61,874,672,3,23,45.69,0,0.136,0.0,4.9590000000000005,153.4,86.69,27,980.0
1999,5,30,15,0,156,626,540,57,847,576,7,24,52.28,0,0.136,0.0,4.963,155.9,88.87,27,980.0
1999,5,30,15,30,53,809,470,53,809,470,0,24,59.02,0,0.136,0.0,4.973,155.9,88.87,26,980.0
1999,5,30,16,0,49,754,357,49,754,357,0,24,65.86,0,0.136,0.0,4.984,156.20000000000002,90.91,26,980.0
1999,5,30,16,30,112,168,162,42,674,242,3,24,72.76,0,0.136,0.0,5.0040000000000004,156.20000000000002,96.47,25,980.0
1999,5,30,17,0,60,146,86,32,542,129,8,24,79.7,4,0.136,0.1,5.024,186.5,98.76,25,980.0
1999,5,30,17,30,19,49,22,16,295,33,8,24,86.66,4,0.136,0.2,5.051,186.5,98.8,25,980.0
1999,5,30,18,0,0,0,0,0,0,0,8,23,93.62,0,0.136,0.30000000000000004,5.079,209.4,93.81,25,990.0
1999,5,30,18,30,0,0,0,0,0,0,8,23,100.57000000000001,0,0.136,0.30000000000000004,5.106,209.4,99.61,24,990.0
1999,5,30,19,0,0,0,0,0,0,0,8,23,107.48,1,0.136,0.30000000000000004,5.134,215.10000000000002,95.69,24,990.0
1999,5,30,19,30,0,0,0,0,0,0,8,23,114.33,0,0.136,0.30000000000000004,5.155,215.10000000000002,95.72,24,990.0
1999,5,30,20,0,0,0,0,0,0,0,7,23,121.10000000000001,0,0.136,0.4,5.1770000000000005,216.10000000000002,94.47,24,990.0
1999,5,30,20,30,0,0,0,0,0,0,7,23,127.74000000000001,0,0.136,0.4,5.1930000000000005,216.10000000000002,94.48,24,990.0
1999,5,30,21,0,0,0,0,0,0,0,7,22,134.2,0,0.136,0.5,5.2090000000000005,216.20000000000002,93.39,24,990.0
1999,5,30,21,30,0,0,0,0,0,0,7,22,140.36,0,0.136,0.5,5.218,216.20000000000002,99.17,23,990.0
1999,5,30,22,0,0,0,0,0,0,0,7,22,146.07,0,0.136,0.5,5.228,209.9,98.31,23,990.0
1999,5,30,22,30,0,0,0,0,0,0,7,22,151.05,0,0.136,0.5,5.227,209.9,100.0,23,990.0
1999,5,30,23,0,0,0,0,0,0,0,7,22,154.87,0,0.136,0.5,5.227,207.20000000000002,100.0,23,990.0
1999,5,30,23,30,0,0,0,0,0,0,7,22,156.93,0,0.136,0.4,5.215,207.20000000000002,100.0,22,990.0
1999,5,31,0,0,0,0,0,0,0,0,8,22,156.75,0,0.136,0.4,5.204,205.60000000000002,100.0,22,990.0
1999,5,31,0,30,0,0,0,0,0,0,7,21,154.39000000000001,0,0.136,0.30000000000000004,5.181,205.60000000000002,100.0,21,990.0
1999,5,31,1,0,0,0,0,0,0,0,7,21,150.37,0,0.136,0.30000000000000004,5.159,203.9,100.0,21,990.0
1999,5,31,1,30,0,0,0,0,0,0,7,21,145.25,0,0.136,0.2,5.133,203.9,100.0,21,990.0
1999,5,31,2,0,0,0,0,0,0,0,0,21,139.46,0,0.136,0.2,5.1080000000000005,204.20000000000002,100.0,21,980.0
1999,5,31,2,30,0,0,0,0,0,0,0,21,133.24,0,0.136,0.2,5.088,204.20000000000002,100.0,21,980.0
1999,5,31,3,0,0,0,0,0,0,0,0,21,126.76,0,0.136,0.30000000000000004,5.069,203.5,100.0,21,980.0
1999,5,31,3,30,0,0,0,0,0,0,3,21,120.10000000000001,0,0.136,0.30000000000000004,5.056,203.5,100.0,21,990.0
1999,5,31,4,0,0,0,0,0,0,0,3,21,113.31,0,0.136,0.30000000000000004,5.043,199.10000000000002,100.0,21,990.0
1999,5,31,4,30,0,0,0,0,0,0,7,21,106.45,0,0.136,0.30000000000000004,5.031,199.10000000000002,100.0,21,990.0
1999,5,31,5,0,0,0,0,0,0,0,7,21,99.54,0,0.136,0.4,5.019,190.20000000000002,100.0,21,990.0
1999,5,31,5,30,0,0,0,0,0,0,7,21,92.59,0,0.136,0.2,5.008,190.20000000000002,100.0,21,990.0
1999,5,31,6,0,21,0,21,20,330,45,7,21,85.63,1,0.136,0.1,4.997,182.9,100.0,21,990.0
1999,5,31,6,30,67,15,70,36,556,145,8,21,78.68,0,0.136,0.0,4.99,182.9,100.0,21,990.0
1999,5,31,7,0,69,0,69,45,682,259,4,22,71.75,0,0.136,0.0,4.9830000000000005,166.0,100.0,22,990.0
1999,5,31,7,30,175,145,236,52,758,374,3,22,64.86,0,0.136,0.0,4.981,166.0,100.0,23,990.0
1999,5,31,8,0,221,72,260,55,813,486,3,23,58.04,0,0.136,0.0,4.981,163.4,100.0,24,990.0
1999,5,31,8,30,270,272,440,59,850,590,3,23,51.33,0,0.136,0.0,4.992,163.4,100.0,24,990.0
1999,5,31,9,0,320,83,379,60,878,683,4,23,44.78,0,0.136,0.0,5.0040000000000004,163.3,99.73,24,990.0
1999,5,31,9,30,376,171,511,62,897,765,3,23,38.49,0,0.136,0.0,5.029,163.3,99.71000000000001,24,990.0
1999,5,31,10,0,402,258,620,64,911,832,3,22,32.6,0,0.136,0.0,5.054,167.4,87.72,25,990.0
1999,5,31,10,30,428,268,667,65,921,883,3,22,27.41,0,0.136,0.0,5.08,167.4,87.68,25,990.0
1999,5,31,11,0,417,56,469,66,927,917,3,21,23.36,0,0.136,0.0,5.1080000000000005,177.8,83.3,25,990.0
1999,5,31,11,30,66,930,934,66,930,934,0,21,21.14,0,0.136,0.0,5.135,177.8,83.26,25,990.0
1999,5,31,12,0,66,929,932,66,929,932,0,21,21.32,0,0.136,0.0,5.163,184.5,77.68,26,990.0
1999,5,31,12,30,66,926,913,66,926,913,1,21,23.85,0,0.136,0.0,5.186,184.5,77.63,26,980.0
1999,5,31,13,0,438,149,570,65,919,876,8,21,28.1,0,0.136,0.0,5.2090000000000005,188.3,78.11,26,980.0
1999,5,31,13,30,73,0,73,63,909,822,8,21,33.42,0,0.136,0.0,5.226,188.3,78.07000000000001,26,980.0
1999,5,31,14,0,371,161,495,61,894,753,8,21,39.38,0,0.136,0.0,5.243,189.9,78.53,26,980.0
1999,5,31,14,30,222,545,603,59,874,669,7,21,45.71,0,0.136,0.0,5.248,189.9,83.29,25,980.0
1999,5,31,15,0,54,848,573,54,848,573,0,22,52.29,0,0.136,0.0,5.2540000000000004,186.8,85.02,25,980.0
1999,5,31,15,30,137,569,430,51,810,468,7,22,59.02,0,0.136,0.0,5.25,186.8,85.01,25,980.0
1999,5,31,16,0,162,215,251,45,758,355,8,22,65.85,0,0.136,0.0,5.246,181.10000000000002,86.76,25,980.0
1999,5,31,16,30,98,325,194,39,679,240,8,22,72.74,0,0.136,0.0,5.239,181.10000000000002,92.09,24,980.0
1999,5,31,17,0,51,296,104,30,550,128,6,22,79.68,4,0.136,0.0,5.232,187.5,94.02,24,980.0
1999,5,31,17,30,18,152,27,15,307,33,6,22,86.63,4,0.136,0.1,5.23,187.5,99.87,23,980.0
1999,5,31,18,0,0,0,0,0,0,0,7,23,93.58,0,0.136,0.2,5.228,193.60000000000002,100.0,23,980.0
1999,5,31,18,30,0,0,0,0,0,0,7,23,100.52,0,0.136,0.2,5.228,193.60000000000002,100.0,23,980.0
1999,5,31,19,0,0,0,0,0,0,0,7,22,107.42,1,0.136,0.30000000000000004,5.229,196.10000000000002,99.10000000000001,23,980.0
1999,5,31,19,30,0,0,0,0,0,0,7,22,114.27,0,0.136,0.30000000000000004,5.229,196.10000000000002,100.0,22,980.0
1999,5,31,20,0,0,0,0,0,0,0,8,22,121.03,0,0.136,0.4,5.229,198.10000000000002,100.0,22,980.0
1999,5,31,20,30,0,0,0,0,0,0,8,22,127.66,0,0.136,0.4,5.223,198.10000000000002,100.0,22,980.0
1999,5,31,21,0,0,0,0,0,0,0,7,22,134.11,0,0.136,0.5,5.218,203.3,100.0,22,980.0
1999,5,31,21,30,0,0,0,0,0,0,7,22,140.26,0,0.136,0.5,5.21,203.3,100.0,22,980.0
1999,5,31,22,0,0,0,0,0,0,0,3,22,145.95000000000002,0,0.136,0.5,5.203,210.70000000000002,100.0,22,980.0
1999,5,31,22,30,0,0,0,0,0,0,7,21,150.92000000000002,0,0.136,0.5,5.196,210.70000000000002,100.0,21,980.0
1999,5,31,23,0,0,0,0,0,0,0,7,21,154.73,0,0.136,0.5,5.19,216.0,100.0,21,980.0
1999,5,31,23,30,0,0,0,0,0,0,7,21,156.78,0,0.136,0.4,5.183,216.0,100.0,21,980.0
1999,6,1,0,0,0,0,0,0,0,0,7,21,156.62,0,0.136,0.4,5.1770000000000005,216.8,100.0,21,980.0
1999,6,1,0,30,0,0,0,0,0,0,7,20,154.28,0,0.136,0.30000000000000004,5.175,216.8,100.0,21,980.0
1999,6,1,1,0,0,0,0,0,0,0,3,20,150.28,0,0.136,0.30000000000000004,5.174,215.70000000000002,100.0,21,980.0
1999,6,1,1,30,0,0,0,0,0,0,3,20,145.19,0,0.136,0.2,5.176,215.70000000000002,100.0,20,980.0
1999,6,1,2,0,0,0,0,0,0,0,3,20,139.42000000000002,0,0.136,0.2,5.178,216.10000000000002,100.0,20,980.0
1999,6,1,2,30,0,0,0,0,0,0,3,20,133.22,0,0.136,0.1,5.181,216.10000000000002,100.0,20,980.0
1999,6,1,3,0,0,0,0,0,0,0,4,20,126.74000000000001,0,0.136,0.1,5.1850000000000005,217.4,100.0,20,980.0
1999,6,1,3,30,0,0,0,0,0,0,4,20,120.09,0,0.136,0.1,5.182,217.4,100.0,20,980.0
1999,6,1,4,0,0,0,0,0,0,0,3,20,113.32000000000001,0,0.136,0.1,5.18,219.10000000000002,100.0,20,980.0
1999,6,1,4,30,0,0,0,0,0,0,3,20,106.46000000000001,0,0.136,0.1,5.1690000000000005,219.10000000000002,100.0,20,980.0
1999,6,1,5,0,0,0,0,0,0,0,3,20,99.56,0,0.136,0.1,5.159,218.9,100.0,20,980.0
1999,6,1,5,30,0,0,0,0,0,0,4,20,92.62,0,0.136,0.0,5.146,218.9,100.0,20,980.0
1999,6,1,6,0,1,0,1,19,336,45,3,21,85.67,4,0.136,0.0,5.134,217.20000000000002,100.0,21,980.0
1999,6,1,6,30,4,0,4,34,561,144,3,21,78.72,0,0.136,0.0,5.13,217.20000000000002,100.0,21,980.0
1999,6,1,7,0,97,0,97,44,684,257,3,22,71.8,0,0.136,0.0,5.126,201.4,100.0,22,990.0
1999,6,1,7,30,50,760,372,50,760,372,0,22,64.92,0,0.136,0.0,5.138,201.4,100.0,22,990.0
1999,6,1,8,0,183,15,191,55,811,484,3,22,58.1,0,0.136,0.0,5.15,186.9,95.25,23,990.0
1999,6,1,8,30,182,5,185,59,848,588,3,22,51.4,0,0.136,0.0,5.171,186.9,95.25,23,990.0
1999,6,1,9,0,254,20,269,62,874,682,3,22,44.86,0,0.136,0.0,5.1930000000000005,182.4,90.66,24,990.0
1999,6,1,9,30,237,12,246,65,893,763,3,22,38.58,0,0.136,0.0,5.221,182.4,90.65,24,990.0
1999,6,1,10,0,406,111,500,67,907,831,3,22,32.71,0,0.136,0.0,5.25,182.9,86.04,25,990.0
1999,6,1,10,30,69,916,882,69,916,882,0,22,27.53,0,0.136,0.0,5.2780000000000005,182.9,86.01,25,980.0
1999,6,1,11,0,460,145,593,71,922,916,3,22,23.5,0,0.136,0.0,5.307,183.60000000000002,81.67,26,980.0
1999,6,1,11,30,71,925,933,71,925,933,0,22,21.28,0,0.136,0.0,5.331,183.60000000000002,81.62,26,980.0
1999,6,1,12,0,425,56,478,71,925,932,3,22,21.45,0,0.136,0.0,5.355,179.10000000000002,82.52,27,980.0
1999,6,1,12,30,393,42,432,70,921,912,7,22,23.95,0,0.136,0.0,5.3790000000000004,179.10000000000002,82.48,27,980.0
1999,6,1,13,0,224,10,233,69,914,875,4,22,28.18,0,0.136,0.0,5.404,174.0,83.52,27,980.0
1999,6,1,13,30,345,37,377,68,904,822,8,22,33.480000000000004,0,0.136,0.0,5.423,174.0,83.48,27,980.0
1999,6,1,14,0,278,494,660,66,888,753,8,23,39.410000000000004,0,0.136,0.0,5.442,168.3,84.72,27,980.0
1999,6,1,14,30,64,867,669,64,867,669,1,23,45.730000000000004,0,0.136,0.0,5.455,168.3,84.71000000000001,26,980.0
1999,6,1,15,0,60,840,574,60,840,574,0,24,52.300000000000004,0,0.136,0.0,5.469,144.8,89.09,26,980.0
1999,6,1,15,30,56,801,469,56,801,469,0,24,59.02,0,0.136,0.0,5.47,144.8,94.52,26,980.0
1999,6,1,16,0,50,748,356,50,748,356,0,24,65.84,0,0.136,0.0,5.472,144.5,99.07000000000001,26,980.0
1999,6,1,16,30,43,667,241,43,667,241,0,24,72.72,0,0.136,0.0,5.465,144.5,99.09,25,980.0
1999,6,1,17,0,33,535,129,33,535,129,0,24,79.65,0,0.136,0.1,5.458,175.3,95.42,25,980.0
1999,6,1,17,30,16,288,34,16,288,34,3,24,86.59,4,0.136,0.1,5.463,175.3,100.0,24,980.0
1999,6,1,18,0,0,0,0,0,0,0,0,23,93.54,0,0.136,0.2,5.469,184.8,96.7,24,980.0
1999,6,1,18,30,0,0,0,0,0,0,0,23,100.47,0,0.136,0.2,5.486,184.8,96.74000000000001,24,980.0
1999,6,1,19,0,0,0,0,0,0,0,0,23,107.37,1,0.135,0.30000000000000004,5.503,171.10000000000002,95.43,24,980.0
1999,6,1,19,30,0,0,0,0,0,0,0,23,114.21000000000001,0,0.135,0.30000000000000004,5.525,171.10000000000002,95.47,24,980.0
1999,6,1,20,0,0,0,0,0,0,0,7,23,120.96000000000001,0,0.135,0.4,5.548,166.8,94.7,24,980.0
1999,6,1,20,30,0,0,0,0,0,0,3,23,127.59,0,0.135,0.4,5.572,166.8,100.0,23,980.0
1999,6,1,21,0,0,0,0,0,0,0,8,22,134.02,0,0.135,0.5,5.597,167.20000000000002,99.82000000000001,23,980.0
1999,6,1,21,30,0,0,0,0,0,0,4,22,140.16,0,0.135,0.5,5.617,167.20000000000002,99.83,23,980.0
1999,6,1,22,0,0,0,0,0,0,0,8,22,145.84,0,0.135,0.5,5.638,172.3,99.03,23,980.0
1999,6,1,22,30,0,0,0,0,0,0,8,22,150.8,0,0.135,0.5,5.646,172.3,100.0,23,980.0
1999,6,1,23,0,0,0,0,0,0,0,8,22,154.59,0,0.135,0.5,5.655,182.10000000000002,100.0,23,980.0
1999,6,1,23,30,0,0,0,0,0,0,7,22,156.64000000000001,0,0.135,0.5,5.647,182.10000000000002,100.0,22,980.0
1999,6,2,0,0,0,0,0,0,0,0,8,22,156.49,0,0.135,0.5,5.64,190.20000000000002,100.0,22,980.0
1999,6,2,0,30,0,0,0,0,0,0,8,21,154.18,0,0.135,0.4,5.6160000000000005,190.20000000000002,100.0,22,980.0
1999,6,2,1,0,0,0,0,0,0,0,8,21,150.21,0,0.135,0.4,5.593,195.70000000000002,100.0,22,980.0
1999,6,2,1,30,0,0,0,0,0,0,7,21,145.13,0,0.135,0.30000000000000004,5.561,195.70000000000002,100.0,21,980.0
1999,6,2,2,0,0,0,0,0,0,0,7,21,139.38,0,0.135,0.30000000000000004,5.53,198.20000000000002,100.0,21,980.0
1999,6,2,2,30,0,0,0,0,0,0,7,21,133.2,0,0.135,0.2,5.493,198.20000000000002,100.0,21,980.0
1999,6,2,3,0,0,0,0,0,0,0,7,21,126.73,0,0.135,0.2,5.456,199.5,100.0,21,980.0
1999,6,2,3,30,0,0,0,0,0,0,7,21,120.09,0,0.135,0.2,5.4110000000000005,199.5,100.0,21,980.0
1999,6,2,4,0,0,0,0,0,0,0,7,21,113.33,0,0.135,0.2,5.3660000000000005,199.3,100.0,21,980.0
1999,6,2,4,30,0,0,0,0,0,0,7,21,106.48,0,0.135,0.2,5.316,199.3,100.0,21,980.0
1999,6,2,5,0,0,0,0,0,0,0,7,21,99.58,0,0.135,0.2,5.266,198.20000000000002,100.0,21,990.0
1999,6,2,5,30,0,0,0,0,0,0,7,21,92.65,0,0.135,0.1,5.211,198.20000000000002,100.0,21,990.0
1999,6,2,6,0,16,0,16,20,325,44,7,21,85.7,4,0.135,0.1,5.157,198.3,100.0,22,990.0
1999,6,2,6,30,54,0,54,36,552,143,8,22,78.77,4,0.135,0.0,5.105,198.3,100.0,22,990.0
1999,6,2,7,0,98,0,98,46,675,256,8,23,71.85000000000001,0,0.135,0.0,5.053,200.3,100.0,23,990.0
1999,6,2,7,30,139,6,142,53,753,372,8,23,64.97,4,0.135,0.0,5.006,200.3,100.0,23,990.0
1999,6,2,8,0,228,127,295,59,806,484,3,24,58.17,0,0.135,0.0,4.96,199.5,100.0,24,990.0
1999,6,2,8,30,267,69,311,63,843,588,3,24,51.480000000000004,0,0.135,0.0,4.929,199.5,100.0,24,990.0
1999,6,2,9,0,68,869,683,68,869,683,0,24,44.95,0,0.135,0.0,4.899,194.3,96.36,25,990.0
1999,6,2,9,30,71,889,765,71,889,765,0,24,38.68,0,0.135,0.0,4.882,194.3,96.32000000000001,25,990.0
1999,6,2,10,0,226,10,235,75,902,833,2,24,32.82,0,0.135,0.0,4.865,180.70000000000002,89.12,26,990.0
1999,6,2,10,30,76,912,885,76,912,885,0,24,27.650000000000002,0,0.135,0.0,4.87,180.70000000000002,89.08,26,990.0
1999,6,2,11,0,451,106,549,78,918,919,3,23,23.63,0,0.135,0.0,4.876,163.8,83.01,27,980.0
1999,6,2,11,30,79,920,936,79,920,936,0,23,21.42,0,0.135,0.0,4.915,163.8,82.97,27,980.0
1999,6,2,12,0,79,920,935,79,920,935,0,23,21.57,0,0.135,0.0,4.954,146.9,83.49,28,980.0
1999,6,2,12,30,446,264,687,78,916,915,2,23,24.05,0,0.135,0.0,5.013,146.9,83.46000000000001,28,980.0
1999,6,2,13,0,424,92,505,78,908,878,3,24,28.25,0,0.135,0.0,5.072,130.0,79.43,28,980.0
1999,6,2,13,30,379,64,433,76,896,824,3,24,33.52,0,0.135,0.0,5.1290000000000004,130.0,84.17,28,980.0
1999,6,2,14,0,74,880,754,74,880,754,0,24,39.44,0,0.135,0.0,5.187,129.9,85.23,28,980.0
1999,6,2,14,30,71,859,670,71,859,670,1,24,45.75,0,0.135,0.0,5.2330000000000005,129.9,85.23,27,980.0
1999,6,2,15,0,66,830,574,66,830,574,0,25,52.300000000000004,0,0.135,0.0,5.28,138.3,89.14,27,980.0
1999,6,2,15,30,62,790,469,62,790,469,0,25,59.01,0,0.135,0.0,5.32,138.3,94.54,27,980.0
1999,6,2,16,0,55,734,356,55,734,356,0,25,65.82000000000001,1,0.135,0.0,5.361,139.6,98.98,27,980.0
1999,6,2,16,30,47,650,241,47,650,241,0,25,72.7,1,0.135,0.0,5.399,139.6,99.0,26,980.0
1999,6,2,17,0,36,513,129,36,513,129,0,26,79.62,1,0.135,0.1,5.438,155.70000000000002,100.0,26,980.0
1999,6,2,17,30,18,260,33,18,260,33,7,25,86.56,1,0.135,0.2,5.47,155.70000000000002,100.0,25,980.0
1999,6,2,18,0,0,0,0,0,0,0,7,25,93.5,1,0.135,0.30000000000000004,5.503,159.10000000000002,100.0,25,980.0
1999,6,2,18,30,0,0,0,0,0,0,7,25,100.42,0,0.135,0.30000000000000004,5.532,159.10000000000002,100.0,25,980.0
1999,6,2,19,0,0,0,0,0,0,0,7,25,107.31,1,0.135,0.4,5.561,159.8,100.0,25,980.0
1999,6,2,19,30,0,0,0,0,0,0,7,24,114.15,1,0.135,0.4,5.577,159.8,100.0,24,980.0
1999,6,2,20,0,0,0,0,0,0,0,7,24,120.89,1,0.135,0.4,5.595,162.0,100.0,24,980.0
1999,6,2,20,30,0,0,0,0,0,0,6,24,127.51,1,0.135,0.4,5.599,162.0,100.0,24,990.0
1999,6,2,21,0,0,0,0,0,0,0,6,24,133.93,1,0.135,0.4,5.603,163.3,100.0,24,990.0
1999,6,2,21,30,0,0,0,0,0,0,6,23,140.06,0,0.135,0.30000000000000004,5.6080000000000005,163.3,100.0,23,990.0
1999,6,2,22,0,0,0,0,0,0,0,6,23,145.73,1,0.135,0.30000000000000004,5.613,163.4,100.0,23,990.0
1999,6,2,22,30,0,0,0,0,0,0,6,23,150.67000000000002,1,0.135,0.30000000000000004,5.61,163.4,100.0,23,990.0
1999,6,2,23,0,0,0,0,0,0,0,6,23,154.46,1,0.135,0.30000000000000004,5.6080000000000005,166.0,100.0,23,980.0
1999,6,2,23,30,0,0,0,0,0,0,8,23,156.51,1,0.135,0.30000000000000004,5.596,166.0,100.0,23,980.0
1999,6,3,0,0,0,0,0,0,0,0,8,23,156.37,1,0.135,0.30000000000000004,5.585,173.0,100.0,23,980.0
1999,6,3,0,30,0,0,0,0,0,0,8,22,154.08,0,0.135,0.30000000000000004,5.566,173.0,100.0,23,980.0
1999,6,3,1,0,0,0,0,0,0,0,8,22,150.13,1,0.135,0.30000000000000004,5.548,183.0,100.0,23,980.0
1999,6,3,1,30,0,0,0,0,0,0,8,22,145.08,1,0.135,0.2,5.529,183.0,100.0,22,980.0
1999,6,3,2,0,0,0,0,0,0,0,7,22,139.35,1,0.135,0.2,5.511,195.4,100.0,22,980.0
1999,6,3,2,30,0,0,0,0,0,0,7,22,133.18,0,0.135,0.1,5.492,195.4,100.0,22,980.0
1999,6,3,3,0,0,0,0,0,0,0,8,22,126.73,0,0.135,0.1,5.473,206.70000000000002,100.0,22,980.0
1999,6,3,3,30,0,0,0,0,0,0,7,22,120.09,0,0.135,0.0,5.465,206.70000000000002,100.0,22,980.0
1999,6,3,4,0,0,0,0,0,0,0,7,22,113.34,0,0.135,0.0,5.4590000000000005,209.4,100.0,22,980.0
1999,6,3,4,30,0,0,0,0,0,0,7,22,106.5,0,0.135,0.0,5.474,209.4,100.0,22,980.0
1999,6,3,5,0,0,0,0,0,0,0,8,22,99.61,0,0.135,0.0,5.49,191.9,100.0,22,980.0
1999,6,3,5,30,0,0,0,0,0,0,7,22,92.68,0,0.135,0.0,5.515,191.9,100.0,22,980.0
1999,6,3,6,0,1,0,1,20,302,43,7,22,85.74,4,0.135,0.0,5.54,175.70000000000002,100.0,22,990.0
1999,6,3,6,30,4,0,4,37,535,141,4,22,78.81,0,0.135,0.0,5.553,175.70000000000002,100.0,22,990.0
1999,6,3,7,0,77,0,77,47,665,254,4,23,71.9,0,0.135,0.0,5.567,164.4,100.0,23,990.0
1999,6,3,7,30,152,21,161,55,744,369,4,23,65.03,0,0.135,0.0,5.558,164.4,100.0,23,990.0
1999,6,3,8,0,158,2,159,60,799,480,4,24,58.24,0,0.135,0.0,5.55,170.9,100.0,24,990.0
1999,6,3,8,30,217,17,228,64,836,584,8,24,51.550000000000004,0,0.135,0.0,5.541,170.9,100.0,24,990.0
1999,6,3,9,0,245,17,258,68,864,678,4,24,45.03,0,0.135,0.0,5.533,171.10000000000002,100.0,25,990.0
1999,6,3,9,30,306,30,329,70,884,760,8,24,38.77,0,0.135,0.0,5.531,171.10000000000002,100.0,25,990.0
1999,6,3,10,0,400,96,481,72,899,827,4,24,32.93,0,0.135,0.0,5.53,168.9,99.83,25,990.0
1999,6,3,10,30,395,53,442,74,909,879,4,24,27.77,0,0.135,0.0,5.531,168.9,99.8,25,990.0
1999,6,3,11,0,455,221,658,73,917,913,3,24,23.76,0,0.135,0.0,5.532,166.60000000000002,98.05,25,990.0
1999,6,3,11,30,302,17,318,73,920,930,4,24,21.55,0,0.135,0.0,5.5360000000000005,166.60000000000002,98.01,25,980.0
1999,6,3,12,0,272,14,286,70,923,928,4,24,21.69,0,0.135,0.0,5.541,164.8,96.03,26,980.0
1999,6,3,12,30,422,63,479,69,919,909,3,24,24.14,0,0.135,0.0,5.545,164.8,96.0,26,980.0
1999,6,3,13,0,435,131,551,65,915,871,3,24,28.310000000000002,0,0.135,0.0,5.549,156.60000000000002,94.98,26,980.0
1999,6,3,13,30,64,905,818,64,905,818,0,24,33.57,0,0.135,0.0,5.554,156.60000000000002,94.95,25,980.0
1999,6,3,14,0,61,891,749,61,891,749,1,24,39.47,0,0.135,0.0,5.5600000000000005,145.70000000000002,95.35000000000001,25,980.0
1999,6,3,14,30,322,207,467,58,871,666,7,24,45.76,0,0.135,0.0,5.561,145.70000000000002,95.34,25,980.0
1999,6,3,15,0,275,149,366,55,844,571,7,24,52.300000000000004,0,0.135,0.0,5.564,92.0,97.12,25,980.0
1999,6,3,15,30,170,9,175,51,806,466,8,24,59.0,0,0.135,0.0,5.564,92.0,100.0,25,980.0
1999,6,3,16,0,100,0,100,45,755,355,6,24,65.81,0,0.135,0.0,5.566,94.7,100.0,25,980.0
1999,6,3,16,30,91,383,205,39,675,240,8,24,72.68,0,0.135,0.0,5.569,94.7,100.0,24,980.0
1999,6,3,17,0,47,349,110,30,548,129,4,24,79.59,4,0.135,0.1,5.573,42.1,100.0,24,980.0
1999,6,3,17,30,18,186,29,16,305,34,4,24,86.52,1,0.135,0.1,5.573,42.1,100.0,24,980.0
1999,6,3,18,0,0,0,0,0,0,0,8,23,93.46000000000001,1,0.135,0.2,5.574,347.6,99.58,24,980.0
1999,6,3,18,30,0,0,0,0,0,0,8,23,100.37,0,0.135,0.2,5.582,347.6,100.0,24,980.0
1999,6,3,19,0,0,0,0,0,0,0,8,23,107.26,1,0.135,0.2,5.591,318.8,100.0,24,990.0
1999,6,3,19,30,0,0,0,0,0,0,8,23,114.08,1,0.135,0.2,5.597,318.8,100.0,24,990.0
1999,6,3,20,0,0,0,0,0,0,0,8,23,120.82000000000001,1,0.135,0.2,5.604,276.0,100.0,24,990.0
1999,6,3,20,30,0,0,0,0,0,0,8,23,127.43,1,0.135,0.2,5.599,276.0,100.0,23,990.0
1999,6,3,21,0,0,0,0,0,0,0,8,23,133.84,1,0.135,0.30000000000000004,5.595,239.20000000000002,100.0,23,990.0
1999,6,3,21,30,0,0,0,0,0,0,8,23,139.96,0,0.135,0.30000000000000004,5.58,239.20000000000002,100.0,23,990.0
1999,6,3,22,0,0,0,0,0,0,0,8,22,145.62,1,0.135,0.4,5.565,230.3,99.53,23,990.0
1999,6,3,22,30,0,0,0,0,0,0,8,22,150.56,1,0.135,0.4,5.539,230.3,100.0,22,990.0
1999,6,3,23,0,0,0,0,0,0,0,8,22,154.33,1,0.135,0.4,5.514,233.8,100.0,22,990.0
1999,6,3,23,30,0,0,0,0,0,0,4,22,156.38,1,0.135,0.30000000000000004,5.485,233.8,100.0,22,990.0
1999,6,4,0,0,0,0,0,0,0,0,4,22,156.26,1,0.135,0.30000000000000004,5.456,235.4,100.0,22,980.0
1999,6,4,0,30,0,0,0,0,0,0,4,21,153.99,0,0.135,0.2,5.425,235.4,100.0,21,980.0
1999,6,4,1,0,0,0,0,0,0,0,4,21,150.07,1,0.135,0.1,5.3950000000000005,237.70000000000002,100.0,21,980.0
1999,6,4,1,30,0,0,0,0,0,0,4,21,145.04,0,0.135,0.1,5.363,237.70000000000002,100.0,21,980.0
1999,6,4,2,0,0,0,0,0,0,0,8,21,139.32,0,0.135,0.1,5.332,240.5,100.0,21,980.0
1999,6,4,2,30,0,0,0,0,0,0,4,21,133.16,0,0.135,0.1,5.306,240.5,100.0,21,980.0
1999,6,4,3,0,0,0,0,0,0,0,4,21,126.72,0,0.135,0.1,5.28,243.5,100.0,21,980.0
1999,6,4,3,30,0,0,0,0,0,0,3,21,120.10000000000001,0,0.135,0.1,5.263,243.5,100.0,21,980.0
1999,6,4,4,0,0,0,0,0,0,0,3,21,113.35000000000001,0,0.135,0.1,5.247,245.10000000000002,100.0,21,980.0
1999,6,4,4,30,0,0,0,0,0,0,7,21,106.52,0,0.135,0.0,5.242,245.10000000000002,100.0,21,990.0
1999,6,4,5,0,0,0,0,0,0,0,3,21,99.63,0,0.135,0.0,5.237,243.9,100.0,21,990.0
1999,6,4,5,30,0,0,0,0,0,0,7,21,92.72,0,0.135,0.0,5.248,243.9,100.0,21,990.0
1999,6,4,6,0,3,0,3,18,336,43,4,21,85.78,4,0.135,0.0,5.26,239.0,100.0,21,990.0
1999,6,4,6,30,11,0,11,33,562,141,4,21,78.86,0,0.135,0.0,5.281,239.0,100.0,21,990.0
1999,6,4,7,0,24,0,24,41,685,253,4,22,71.95,0,0.135,0.0,5.303,236.10000000000002,100.0,22,990.0
1999,6,4,7,30,88,0,88,47,760,368,4,22,65.09,0,0.135,0.0,5.3260000000000005,236.10000000000002,100.0,22,990.0
1999,6,4,8,0,143,0,143,50,813,478,4,23,58.300000000000004,0,0.135,0.0,5.349,230.0,100.0,23,990.0
1999,6,4,8,30,232,26,249,54,849,581,4,23,51.620000000000005,0,0.135,0.0,5.371,230.0,100.0,23,990.0
1999,6,4,9,0,200,7,205,56,876,674,4,24,45.11,0,0.135,0.0,5.394,228.5,100.0,24,990.0
1999,6,4,9,30,287,23,305,58,895,755,4,24,38.86,0,0.135,0.0,5.421,228.5,100.0,24,990.0
1999,6,4,10,0,233,11,242,58,910,821,4,23,33.03,0,0.135,0.0,5.448,222.60000000000002,93.35000000000001,25,990.0
1999,6,4,10,30,293,17,308,59,919,872,4,23,27.89,0,0.135,0.0,5.471,222.60000000000002,93.32000000000001,25,990.0
1999,6,4,11,0,353,26,378,60,926,907,4,23,23.88,0,0.135,0.0,5.494,214.10000000000002,85.17,26,990.0
1999,6,4,11,30,327,20,346,60,928,924,4,23,21.67,0,0.135,0.0,5.515,214.10000000000002,85.13,26,990.0
1999,6,4,12,0,391,37,426,61,928,923,4,22,21.8,0,0.135,0.0,5.537,207.5,83.53,26,990.0
1999,6,4,12,30,457,184,626,61,924,904,3,22,24.23,0,0.135,0.0,5.554,207.5,83.49,26,980.0
1999,6,4,13,0,429,109,526,60,918,868,3,22,28.37,0,0.135,0.0,5.572,201.3,83.08,26,980.0
1999,6,4,13,30,399,244,603,59,907,815,3,22,33.6,0,0.135,0.0,5.591,201.3,83.04,26,980.0
1999,6,4,14,0,57,893,747,57,893,747,0,23,39.49,0,0.135,0.0,5.611,196.20000000000002,83.58,26,980.0
1999,6,4,14,30,55,873,664,55,873,664,0,22,45.77,0,0.135,0.0,5.638,196.20000000000002,83.56,26,980.0
1999,6,4,15,0,265,77,312,53,845,570,4,23,52.300000000000004,0,0.135,0.0,5.666,191.0,84.62,26,980.0
1999,6,4,15,30,50,807,466,50,807,466,0,23,58.99,0,0.135,0.0,5.692,191.0,89.77,25,980.0
1999,6,4,16,0,166,179,239,46,754,355,8,23,65.79,0,0.135,0.0,5.719,179.4,91.77,25,980.0
1999,6,4,16,30,107,184,162,40,675,241,8,23,72.65,1,0.135,0.0,5.742,179.4,97.42,25,980.0
1999,6,4,17,0,61,148,87,31,544,130,8,23,79.56,1,0.135,0.0,5.766,177.20000000000002,98.78,25,980.0
1999,6,4,17,30,20,54,23,16,304,35,8,23,86.48,1,0.135,0.0,5.783,177.20000000000002,98.81,24,980.0
1999,6,4,18,0,0,0,0,0,0,0,8,23,93.41,1,0.135,0.1,5.801,195.3,99.01,24,980.0
1999,6,4,18,30,0,0,0,0,0,0,8,23,100.32000000000001,0,0.135,0.1,5.814,195.3,100.0,23,980.0
1999,6,4,19,0,0,0,0,0,0,0,8,23,107.2,1,0.135,0.1,5.828,193.4,100.0,23,980.0
1999,6,4,19,30,0,0,0,0,0,0,8,23,114.02,1,0.135,0.0,5.83,193.4,100.0,23,990.0
1999,6,4,20,0,0,0,0,0,0,0,8,23,120.75,1,0.135,0.0,5.833,186.9,100.0,23,990.0
1999,6,4,20,30,0,0,0,0,0,0,8,23,127.35000000000001,0,0.135,0.0,5.823,186.9,100.0,23,990.0
1999,6,4,21,0,0,0,0,0,0,0,8,23,133.76,0,0.135,0.0,5.813,193.0,100.0,23,990.0
1999,6,4,21,30,0,0,0,0,0,0,8,23,139.87,0,0.135,0.0,5.788,193.0,100.0,23,990.0
1999,6,4,22,0,0,0,0,0,0,0,8,22,145.52,0,0.135,0.0,5.764,198.9,99.44,23,990.0
1999,6,4,22,30,0,0,0,0,0,0,7,22,150.44,0,0.135,0.0,5.722,198.9,100.0,22,990.0
1999,6,4,23,0,0,0,0,0,0,0,7,22,154.21,0,0.135,0.0,5.681,212.5,100.0,22,990.0
1999,6,4,23,30,0,0,0,0,0,0,4,22,156.26,0,0.135,0.0,5.632,212.5,100.0,22,990.0
1999,6,5,0,0,0,0,0,0,0,0,4,22,156.15,0,0.135,0.0,5.583,224.70000000000002,100.0,22,990.0
1999,6,5,0,30,0,0,0,0,0,0,4,22,153.91,0,0.135,0.0,5.535,224.70000000000002,100.0,22,980.0
1999,6,5,1,0,0,0,0,0,0,0,4,22,150.0,0,0.135,0.0,5.487,235.5,100.0,22,980.0
1999,6,5,1,30,0,0,0,0,0,0,4,21,145.0,0,0.135,0.0,5.448,235.5,100.0,22,980.0
1999,6,5,2,0,0,0,0,0,0,0,4,21,139.29,0,0.135,0.0,5.409,243.70000000000002,100.0,22,980.0
1999,6,5,2,30,0,0,0,0,0,0,3,21,133.15,0,0.135,0.0,5.3870000000000005,243.70000000000002,100.0,21,980.0
1999,6,5,3,0,0,0,0,0,0,0,3,21,126.72,0,0.135,0.0,5.365,248.70000000000002,100.0,21,980.0
1999,6,5,3,30,0,0,0,0,0,0,3,21,120.11,0,0.135,0.0,5.352,248.70000000000002,100.0,21,990.0
1999,6,5,4,0,0,0,0,0,0,0,1,21,113.37,0,0.135,0.0,5.339,252.5,100.0,21,990.0
1999,6,5,4,30,0,0,0,0,0,0,0,21,106.54,0,0.135,0.0,5.328,252.5,100.0,21,990.0
1999,6,5,5,0,0,0,0,0,0,0,1,21,99.66,0,0.135,0.0,5.3180000000000005,254.20000000000002,100.0,21,990.0
1999,6,5,5,30,0,0,0,0,0,0,1,21,92.75,0,0.135,0.0,5.307,254.20000000000002,100.0,21,990.0
1999,6,5,6,0,19,327,43,19,327,43,0,21,85.82000000000001,0,0.135,0.0,5.297,257.2,100.0,21,990.0
1999,6,5,6,30,65,17,69,34,554,141,3,21,78.9,0,0.135,0.0,5.2940000000000005,257.2,100.0,21,990.0
1999,6,5,7,0,44,678,253,44,678,253,0,21,72.0,0,0.135,0.0,5.292,254.0,100.0,22,990.0
1999,6,5,7,30,50,755,368,50,755,368,1,21,65.15,0,0.135,0.0,5.301,254.0,100.0,22,990.0
1999,6,5,8,0,212,54,241,55,807,478,3,21,58.370000000000005,0,0.135,0.0,5.311,247.20000000000002,99.78,22,990.0
1999,6,5,8,30,259,56,294,59,843,582,3,21,51.69,0,0.135,0.0,5.3260000000000005,247.20000000000002,99.79,23,990.0
1999,6,5,9,0,284,38,311,62,870,675,3,22,45.19,0,0.135,0.0,5.3420000000000005,244.4,94.42,24,990.0
1999,6,5,9,30,368,113,457,64,890,757,3,22,38.95,0,0.135,0.0,5.355,244.4,88.91,24,990.0
1999,6,5,10,0,373,57,421,66,904,824,3,22,33.13,0,0.135,0.0,5.369,236.0,83.91,25,990.0
1999,6,5,10,30,435,216,626,67,914,875,7,22,28.0,0,0.135,0.0,5.385,236.0,83.88,25,990.0
1999,6,5,11,0,451,113,555,67,921,909,8,22,24.0,0,0.135,0.0,5.4030000000000005,226.0,84.87,26,990.0
1999,6,5,11,30,465,130,586,68,924,926,4,22,21.79,0,0.135,0.0,5.4270000000000005,226.0,84.84,26,990.0
1999,6,5,12,0,434,67,497,68,924,925,4,22,21.900000000000002,0,0.135,0.0,5.4510000000000005,217.20000000000002,80.75,26,990.0
1999,6,5,12,30,67,920,907,67,920,907,0,22,24.3,0,0.135,0.0,5.4750000000000005,217.20000000000002,80.71000000000001,26,990.0
1999,6,5,13,0,389,51,435,67,913,870,3,22,28.43,0,0.135,0.0,5.5,211.0,81.57000000000001,26,980.0
1999,6,5,13,30,393,268,617,65,903,817,3,22,33.64,0,0.135,0.0,5.524,211.0,81.54,26,980.0
1999,6,5,14,0,333,356,608,62,889,749,3,22,39.51,0,0.135,0.0,5.548,210.3,83.11,26,980.0
1999,6,5,14,30,60,869,666,60,869,666,0,22,45.77,0,0.135,0.0,5.567,210.3,88.16,26,980.0
1999,6,5,15,0,56,842,571,56,842,571,0,23,52.29,0,0.135,0.0,5.586,215.70000000000002,90.09,26,980.0
1999,6,5,15,30,52,804,467,52,804,467,0,23,58.980000000000004,0,0.135,0.0,5.589,215.70000000000002,90.09,25,980.0
1999,6,5,16,0,47,753,356,47,753,356,0,23,65.77,1,0.135,0.0,5.593,226.5,92.49,25,980.0
1999,6,5,16,30,40,674,242,40,674,242,0,23,72.62,1,0.135,0.0,5.58,226.5,98.18,24,980.0
1999,6,5,17,0,31,547,130,31,547,130,0,24,79.52,1,0.135,0.0,5.5680000000000005,252.3,100.0,24,980.0
1999,6,5,17,30,16,309,35,16,309,35,0,24,86.44,1,0.135,0.1,5.542,252.3,100.0,24,980.0
1999,6,5,18,0,0,0,0,0,0,0,0,24,93.37,1,0.135,0.30000000000000004,5.518,260.2,100.0,24,980.0
1999,6,5,18,30,0,0,0,0,0,0,0,23,100.27,0,0.135,0.30000000000000004,5.4910000000000005,260.2,100.0,23,980.0
1999,6,5,19,0,0,0,0,0,0,0,0,23,107.15,1,0.135,0.4,5.465,269.2,100.0,23,990.0
1999,6,5,19,30,0,0,0,0,0,0,0,23,113.96000000000001,1,0.135,0.4,5.439,269.2,100.0,23,990.0
1999,6,5,20,0,0,0,0,0,0,0,0,23,120.68,1,0.135,0.4,5.415,279.2,100.0,23,990.0
1999,6,5,20,30,0,0,0,0,0,0,0,23,127.28,1,0.135,0.4,5.389,279.2,100.0,23,990.0
1999,6,5,21,0,0,0,0,0,0,0,0,23,133.68,1,0.135,0.5,5.363,284.0,100.0,23,990.0
1999,6,5,21,30,0,0,0,0,0,0,0,23,139.78,0,0.135,0.4,5.339,284.0,100.0,23,990.0
1999,6,5,22,0,0,0,0,0,0,0,0,23,145.42000000000002,1,0.135,0.4,5.315,281.7,100.0,23,990.0
1999,6,5,22,30,0,0,0,0,0,0,0,23,150.33,1,0.135,0.4,5.293,281.7,100.0,23,990.0
1999,6,5,23,0,0,0,0,0,0,0,0,22,154.09,1,0.135,0.4,5.271,271.1,99.24000000000001,23,990.0
1999,6,5,23,30,0,0,0,0,0,0,4,22,156.15,1,0.135,0.4,5.257,271.1,100.0,22,990.0
1999,6,6,0,0,0,0,0,0,0,0,4,22,156.05,1,0.135,0.4,5.243,253.60000000000002,100.0,22,990.0
1999,6,6,0,30,0,0,0,0,0,0,4,22,153.83,0,0.135,0.4,5.238,253.60000000000002,100.0,22,990.0
1999,6,6,1,0,0,0,0,0,0,0,4,22,149.95000000000002,1,0.135,0.5,5.2330000000000005,245.9,100.0,22,980.0
1999,6,6,1,30,0,0,0,0,0,0,4,22,144.96,1,0.135,0.5,5.238,245.9,100.0,22,980.0
1999,6,6,2,0,0,0,0,0,0,0,4,22,139.27,1,0.135,0.5,5.244,244.5,100.0,22,980.0
1999,6,6,2,30,0,0,0,0,0,0,4,21,133.14000000000001,1,0.135,0.5,5.252,244.5,100.0,22,980.0
1999,6,6,3,0,0,0,0,0,0,0,4,21,126.72,1,0.135,0.5,5.261,244.10000000000002,100.0,22,990.0
1999,6,6,3,30,0,0,0,0,0,0,4,21,120.12,0,0.135,0.5,5.2620000000000005,244.10000000000002,100.0,21,990.0
1999,6,6,4,0,0,0,0,0,0,0,7,21,113.39,0,0.135,0.5,5.263,245.0,100.0,21,990.0
1999,6,6,4,30,0,0,0,0,0,0,4,21,106.57000000000001,0,0.135,0.4,5.2540000000000004,245.0,100.0,21,990.0
1999,6,6,5,0,0,0,0,0,0,0,8,21,99.69,0,0.135,0.4,5.245,241.10000000000002,100.0,21,990.0
1999,6,6,5,30,0,0,0,0,0,0,4,21,92.79,0,0.135,0.2,5.234,241.10000000000002,100.0,21,990.0
1999,6,6,6,0,11,0,11,18,327,42,4,21,85.86,4,0.135,0.1,5.2250000000000005,236.8,100.0,21,990.0
1999,6,6,6,30,38,0,38,34,554,140,4,21,78.95,0,0.135,0.0,5.2330000000000005,236.8,100.0,21,990.0
1999,6,6,7,0,103,4,104,43,679,252,4,22,72.06,0,0.135,0.0,5.2410000000000005,221.20000000000002,100.0,22,990.0
1999,6,6,7,30,153,24,163,50,755,366,4,22,65.21000000000001,0,0.135,0.0,5.2620000000000005,221.20000000000002,100.0,22,990.0
1999,6,6,8,0,216,66,251,53,809,477,3,23,58.43,0,0.135,0.0,5.284,215.70000000000002,100.0,23,990.0
1999,6,6,8,30,57,845,580,57,845,580,0,23,51.77,0,0.135,0.0,5.317,215.70000000000002,100.0,23,990.0
1999,6,6,9,0,58,873,673,58,873,673,0,23,45.27,0,0.135,0.0,5.351,214.20000000000002,99.3,24,990.0
1999,6,6,9,30,61,892,754,61,892,754,0,23,39.04,0,0.135,0.0,5.388,214.20000000000002,99.29,24,990.0
1999,6,6,10,0,402,235,599,61,907,820,3,23,33.230000000000004,0,0.135,0.0,5.426,199.4,91.79,25,990.0
1999,6,6,10,30,63,916,872,63,916,872,0,23,28.1,0,0.135,0.0,5.453,199.4,91.77,25,990.0
1999,6,6,11,0,63,923,906,63,923,906,0,23,24.12,0,0.135,0.0,5.481,184.9,89.35000000000001,25,990.0
1999,6,6,11,30,454,263,699,63,926,923,8,23,21.900000000000002,0,0.135,0.0,5.5,184.9,89.31,25,990.0
1999,6,6,12,0,419,360,753,62,926,922,3,22,22.0,0,0.135,0.0,5.519,175.8,82.61,26,990.0
1999,6,6,12,30,448,243,670,62,923,903,3,22,24.38,0,0.135,0.0,5.53,175.8,82.57000000000001,26,990.0
1999,6,6,13,0,61,916,867,61,916,867,0,22,28.48,0,0.135,0.0,5.542,171.4,82.49,26,980.0
1999,6,6,13,30,60,906,814,60,906,814,0,22,33.67,1,0.135,0.0,5.546,171.4,82.45,26,980.0
1999,6,6,14,0,58,892,746,58,892,746,0,22,39.52,1,0.135,0.0,5.551,173.20000000000002,83.05,26,980.0
1999,6,6,14,30,288,282,485,55,872,664,8,22,45.78,1,0.135,0.0,5.5440000000000005,173.20000000000002,88.09,26,980.0
1999,6,6,15,0,245,279,416,51,846,569,8,23,52.29,1,0.135,0.0,5.538,177.9,90.25,26,980.0
1999,6,6,15,30,213,245,340,48,810,465,8,23,58.96,0,0.135,0.0,5.521,177.9,90.25,25,980.0
1999,6,6,16,0,149,267,259,43,759,354,8,23,65.74,1,0.135,0.0,5.505,192.3,93.62,25,980.0
1999,6,6,16,30,101,252,176,37,681,241,8,23,72.59,1,0.135,0.0,5.487,192.3,99.38,25,980.0
1999,6,6,17,0,57,207,95,28,556,130,8,24,79.49,1,0.135,0.0,5.47,215.0,100.0,25,980.0
1999,6,6,17,30,19,99,26,15,321,35,6,24,86.4,1,0.135,0.1,5.468,215.0,100.0,24,980.0
1999,6,6,18,0,0,0,0,0,0,0,6,23,93.32000000000001,1,0.135,0.30000000000000004,5.468,215.5,99.49000000000001,24,980.0
1999,6,6,18,30,0,0,0,0,0,0,6,23,100.22,0,0.135,0.30000000000000004,5.471,215.5,100.0,23,980.0
1999,6,6,19,0,0,0,0,0,0,0,6,23,107.09,1,0.135,0.30000000000000004,5.476,205.70000000000002,100.0,23,990.0
1999,6,6,19,30,0,0,0,0,0,0,6,23,113.9,1,0.135,0.30000000000000004,5.473,205.70000000000002,100.0,23,990.0
1999,6,6,20,0,0,0,0,0,0,0,6,23,120.62,1,0.135,0.30000000000000004,5.47,198.10000000000002,100.0,23,990.0
1999,6,6,20,30,0,0,0,0,0,0,6,22,127.2,0,0.135,0.30000000000000004,5.458,198.10000000000002,100.0,22,990.0
1999,6,6,21,0,0,0,0,0,0,0,6,22,133.59,0,0.135,0.30000000000000004,5.446,193.70000000000002,100.0,22,990.0
1999,6,6,21,30,0,0,0,0,0,0,6,22,139.69,0,0.135,0.2,5.4270000000000005,193.70000000000002,100.0,22,990.0
1999,6,6,22,0,0,0,0,0,0,0,6,22,145.32,0,0.135,0.2,5.409,192.10000000000002,100.0,22,990.0
1999,6,6,22,30,0,0,0,0,0,0,6,22,150.22,0,0.135,0.2,5.388,192.10000000000002,100.0,22,990.0
1999,6,6,23,0,0,0,0,0,0,0,6,22,153.98,0,0.135,0.2,5.368,193.8,100.0,22,990.0
1999,6,6,23,30,0,0,0,0,0,0,6,21,156.04,0,0.135,0.1,5.345,193.8,100.0,22,990.0
1999,6,7,0,0,0,0,0,0,0,0,6,21,155.96,0,0.135,0.1,5.322,197.70000000000002,100.0,22,990.0
1999,6,7,0,30,0,0,0,0,0,0,6,21,153.76,0,0.135,0.1,5.301,197.70000000000002,100.0,21,990.0
1999,6,7,1,0,0,0,0,0,0,0,6,21,149.9,0,0.135,0.1,5.281,202.60000000000002,100.0,21,990.0
1999,6,7,1,30,0,0,0,0,0,0,7,21,144.93,0,0.135,0.0,5.261,202.60000000000002,100.0,21,980.0
1999,6,7,2,0,0,0,0,0,0,0,8,21,139.25,0,0.135,0.0,5.242,208.20000000000002,100.0,21,980.0
1999,6,7,2,30,0,0,0,0,0,0,8,21,133.14000000000001,0,0.135,0.0,5.228,208.20000000000002,100.0,21,980.0
1999,6,7,3,0,0,0,0,0,0,0,4,21,126.73,0,0.135,0.0,5.215,212.3,100.0,21,990.0
1999,6,7,3,30,0,0,0,0,0,0,4,21,120.13,0,0.135,0.0,5.206,212.3,100.0,21,990.0
1999,6,7,4,0,0,0,0,0,0,0,8,21,113.41,0,0.135,0.0,5.198,213.70000000000002,100.0,21,990.0
1999,6,7,4,30,0,0,0,0,0,0,3,21,106.59,0,0.135,0.0,5.194,213.70000000000002,100.0,21,990.0
1999,6,7,5,0,0,0,0,0,0,0,0,21,99.73,0,0.135,0.0,5.191,213.5,100.0,21,990.0
1999,6,7,5,30,0,0,0,0,0,0,0,21,92.82000000000001,0,0.135,0.0,5.189,213.5,100.0,21,990.0
1999,6,7,6,0,17,336,41,17,336,41,0,21,85.91,0,0.135,0.0,5.188,214.5,100.0,21,990.0
1999,6,7,6,30,32,562,139,32,562,139,0,21,79.0,0,0.135,0.0,5.186,214.5,100.0,21,990.0
1999,6,7,7,0,112,32,122,40,685,250,3,22,72.11,0,0.135,0.0,5.186,217.8,100.0,22,990.0
1999,6,7,7,30,45,761,364,45,761,364,1,22,65.27,0,0.135,0.0,5.179,217.8,100.0,22,990.0
1999,6,7,8,0,49,814,474,49,814,474,1,23,58.5,0,0.135,0.0,5.172,213.3,100.0,23,990.0
1999,6,7,8,30,243,36,265,52,850,577,3,23,51.84,0,0.135,0.0,5.164,213.3,100.0,23,990.0
1999,6,7,9,0,292,45,324,54,877,670,3,22,45.35,0,0.135,0.0,5.157,207.8,99.07000000000001,24,990.0
1999,6,7,9,30,371,161,496,56,896,752,3,22,39.12,0,0.135,0.0,5.152,207.8,99.05,24,990.0
1999,6,7,10,0,408,153,537,58,910,819,3,22,33.32,0,0.135,0.0,5.147,203.3,91.64,24,990.0
1999,6,7,10,30,428,246,645,60,920,871,3,22,28.21,0,0.135,0.0,5.144,203.3,91.61,24,990.0
1999,6,7,11,0,61,926,906,61,926,906,0,22,24.22,0,0.135,0.0,5.141,194.9,85.28,25,990.0
1999,6,7,11,30,62,929,923,62,929,923,0,22,22.0,0,0.135,0.0,5.144,194.9,85.24,25,990.0
1999,6,7,12,0,63,928,923,63,928,923,0,22,22.09,0,0.135,0.0,5.147,188.0,85.31,26,990.0
1999,6,7,12,30,62,925,905,62,925,905,0,22,24.44,0,0.135,0.0,5.159,188.0,85.27,26,990.0
1999,6,7,13,0,62,918,869,62,918,869,0,22,28.52,0,0.135,0.0,5.172,185.8,81.05,26,980.0
1999,6,7,13,30,61,908,816,61,908,816,1,22,33.69,0,0.135,0.0,5.189,185.8,81.02,26,980.0
1999,6,7,14,0,338,58,383,60,893,748,3,22,39.53,0,0.135,0.0,5.208,187.10000000000002,81.89,26,980.0
1999,6,7,14,30,272,31,294,57,873,666,4,22,45.77,0,0.135,0.0,5.214,187.10000000000002,86.85000000000001,25,980.0
1999,6,7,15,0,262,273,429,52,847,571,7,23,52.28,0,0.135,0.0,5.221,194.0,89.57000000000001,25,980.0
1999,6,7,15,30,194,304,351,49,810,467,7,23,58.94,4,0.135,0.0,5.228,194.0,89.57000000000001,25,980.0
1999,6,7,16,0,123,464,314,44,759,356,8,23,65.72,0,0.135,0.0,5.236,202.9,92.85000000000001,25,980.0
1999,6,7,16,30,109,231,178,38,682,242,8,23,72.56,0,0.135,0.0,5.25,202.9,98.56,24,980.0
1999,6,7,17,0,57,212,96,30,555,131,6,24,79.45,4,0.135,0.1,5.264,207.70000000000002,100.0,24,980.0
1999,6,7,17,30,20,104,26,16,320,36,8,23,86.36,4,0.135,0.2,5.287,207.70000000000002,100.0,23,980.0
1999,6,7,18,0,0,0,0,0,0,0,7,23,93.27,0,0.135,0.30000000000000004,5.3100000000000005,204.20000000000002,100.0,23,980.0
1999,6,7,18,30,0,0,0,0,0,0,7,23,100.17,0,0.135,0.30000000000000004,5.339,204.20000000000002,100.0,23,980.0
1999,6,7,19,0,0,0,0,0,0,0,7,23,107.03,1,0.135,0.4,5.369,199.4,100.0,23,980.0
1999,6,7,19,30,0,0,0,0,0,0,7,22,113.84,0,0.135,0.30000000000000004,5.394,199.4,100.0,22,980.0
1999,6,7,20,0,0,0,0,0,0,0,7,22,120.55,0,0.135,0.30000000000000004,5.42,198.5,100.0,22,990.0
1999,6,7,20,30,0,0,0,0,0,0,8,22,127.13000000000001,0,0.135,0.2,5.434,198.5,100.0,22,990.0
1999,6,7,21,0,0,0,0,0,0,0,8,22,133.51,0,0.135,0.2,5.449,201.10000000000002,100.0,22,990.0
1999,6,7,21,30,0,0,0,0,0,0,7,22,139.6,0,0.135,0.1,5.448,201.10000000000002,100.0,22,990.0
1999,6,7,22,0,0,0,0,0,0,0,7,22,145.23,0,0.135,0.1,5.447,206.10000000000002,100.0,22,990.0
1999,6,7,22,30,0,0,0,0,0,0,8,22,150.12,0,0.135,0.0,5.428,206.10000000000002,100.0,22,990.0
1999,6,7,23,0,0,0,0,0,0,0,4,22,153.87,0,0.135,0.0,5.409,211.20000000000002,100.0,22,990.0
1999,6,7,23,30,0,0,0,0,0,0,3,22,155.94,0,0.135,0.0,5.38,211.20000000000002,100.0,22,990.0
1999,6,8,0,0,0,0,0,0,0,0,3,22,155.87,0,0.135,0.0,5.351,216.8,100.0,22,980.0
1999,6,8,0,30,0,0,0,0,0,0,3,21,153.69,0,0.135,0.0,5.316,216.8,100.0,22,980.0
1999,6,8,1,0,0,0,0,0,0,0,4,21,149.85,0,0.135,0.0,5.282,223.8,100.0,22,980.0
1999,6,8,1,30,0,0,0,0,0,0,1,21,144.9,0,0.135,0.0,5.249,223.8,100.0,21,980.0
1999,6,8,2,0,0,0,0,0,0,0,1,21,139.24,0,0.135,0.0,5.2170000000000005,226.70000000000002,100.0,21,980.0
1999,6,8,2,30,0,0,0,0,0,0,1,21,133.13,0,0.135,0.0,5.195,226.70000000000002,100.0,21,980.0
1999,6,8,3,0,0,0,0,0,0,0,3,21,126.74000000000001,0,0.135,0.0,5.173,229.20000000000002,100.0,21,980.0
1999,6,8,3,30,0,0,0,0,0,0,3,21,120.15,0,0.135,0.0,5.16,229.20000000000002,100.0,21,980.0
1999,6,8,4,0,0,0,0,0,0,0,3,21,113.43,0,0.135,0.0,5.147,233.8,100.0,21,980.0
1999,6,8,4,30,0,0,0,0,0,0,8,20,106.62,0,0.135,0.0,5.14,233.8,100.0,21,980.0
1999,6,8,5,0,0,0,0,0,0,0,6,20,99.76,0,0.135,0.1,5.134,235.20000000000002,100.0,21,990.0
1999,6,8,5,30,0,0,0,0,0,0,6,20,92.86,0,0.135,0.0,5.127,235.20000000000002,100.0,21,990.0
1999,6,8,6,0,5,0,5,18,320,41,6,21,85.95,4,0.135,0.0,5.121,234.9,100.0,21,990.0
1999,6,8,6,30,16,0,16,34,549,139,8,21,79.05,0,0.135,0.0,5.121,234.9,100.0,21,990.0
1999,6,8,7,0,97,0,97,44,675,251,8,22,72.16,0,0.135,0.0,5.121,227.10000000000002,100.0,22,990.0
1999,6,8,7,30,111,0,111,51,752,365,6,22,65.33,0,0.135,0.0,5.132,227.10000000000002,100.0,22,990.0
1999,6,8,8,0,163,4,165,55,806,476,7,23,58.56,0,0.135,0.0,5.144,217.8,100.0,23,990.0
1999,6,8,8,30,143,0,143,59,842,579,6,23,51.910000000000004,0,0.135,0.0,5.173,217.8,100.0,23,990.0
1999,6,8,9,0,168,2,170,63,869,673,6,23,45.42,0,0.135,0.0,5.203,201.60000000000002,97.66,24,990.0
1999,6,8,9,30,273,19,288,65,889,754,8,23,39.21,0,0.135,0.0,5.2330000000000005,201.60000000000002,97.64,24,990.0
1999,6,8,10,0,382,70,441,67,903,821,8,23,33.410000000000004,0,0.135,0.0,5.263,185.20000000000002,90.57000000000001,25,990.0
1999,6,8,10,30,435,134,553,68,913,873,8,23,28.3,0,0.135,0.0,5.2940000000000005,185.20000000000002,90.54,25,990.0
1999,6,8,11,0,456,187,626,68,920,907,8,23,24.330000000000002,0,0.135,0.0,5.3260000000000005,177.0,84.57000000000001,26,990.0
1999,6,8,11,30,69,923,924,69,923,924,0,23,22.1,0,0.135,0.0,5.361,177.0,84.52,26,980.0
1999,6,8,12,0,68,923,923,68,923,923,0,23,22.17,0,0.135,0.0,5.396,176.9,85.13,27,980.0
1999,6,8,12,30,68,920,905,68,920,905,0,23,24.5,0,0.135,0.0,5.424,176.9,85.08,27,980.0
1999,6,8,13,0,66,913,869,66,913,869,1,23,28.560000000000002,0,0.135,0.0,5.453,179.3,81.07000000000001,27,980.0
1999,6,8,13,30,65,903,816,65,903,816,1,23,33.71,1,0.135,0.0,5.474,179.3,85.94,27,980.0
1999,6,8,14,0,62,889,748,62,889,748,1,23,39.54,1,0.135,0.0,5.496,180.0,87.42,27,980.0
1999,6,8,14,30,233,17,246,59,869,666,3,23,45.77,1,0.135,0.0,5.4990000000000006,180.0,87.4,26,980.0
1999,6,8,15,0,202,14,211,54,844,571,3,24,52.26,1,0.135,0.0,5.503,185.10000000000002,89.69,26,980.0
1999,6,8,15,30,168,8,172,51,807,467,3,24,58.92,0,0.135,0.0,5.4990000000000006,185.10000000000002,89.69,26,980.0
1999,6,8,16,0,131,1,132,45,755,357,3,24,65.69,1,0.135,0.0,5.495,194.4,92.9,26,980.0
1999,6,8,16,30,90,0,90,39,678,243,3,24,72.53,1,0.135,0.0,5.484,194.4,98.57000000000001,25,980.0
1999,6,8,17,0,49,0,49,31,550,132,3,25,79.41,1,0.135,0.1,5.4750000000000005,200.5,100.0,25,980.0
1999,6,8,17,30,13,0,13,16,315,37,3,24,86.32000000000001,1,0.135,0.2,5.468,200.5,100.0,25,980.0
1999,6,8,18,0,0,0,0,0,0,0,3,24,93.23,1,0.135,0.4,5.461,198.5,100.0,25,980.0
1999,6,8,18,30,0,0,0,0,0,0,3,24,100.12,0,0.135,0.4,5.461,198.5,100.0,24,980.0
1999,6,8,19,0,0,0,0,0,0,0,3,24,106.98,1,0.135,0.5,5.462,194.8,100.0,24,980.0
1999,6,8,19,30,0,0,0,0,0,0,8,24,113.77,0,0.135,0.5,5.468,194.8,100.0,24,980.0
1999,6,8,20,0,0,0,0,0,0,0,7,23,120.48,0,0.135,0.5,5.474,198.20000000000002,99.32000000000001,24,980.0
1999,6,8,20,30,0,0,0,0,0,0,8,23,127.06,0,0.135,0.5,5.478,198.20000000000002,100.0,23,980.0
1999,6,8,21,0,0,0,0,0,0,0,7,23,133.44,0,0.135,0.6000000000000001,5.482,206.60000000000002,100.0,23,980.0
1999,6,8,21,30,0,0,0,0,0,0,7,23,139.52,0,0.135,0.5,5.4830000000000005,206.60000000000002,100.0,23,980.0
1999,6,8,22,0,0,0,0,0,0,0,7,23,145.13,0,0.135,0.5,5.484,215.4,100.0,23,990.0
1999,6,8,22,30,0,0,0,0,0,0,7,22,150.03,0,0.135,0.4,5.474,215.4,100.0,22,980.0
1999,6,8,23,0,0,0,0,0,0,0,7,22,153.77,0,0.135,0.30000000000000004,5.465,221.5,100.0,22,980.0
1999,6,8,23,30,0,0,0,0,0,0,0,22,155.84,0,0.135,0.2,5.447,221.5,100.0,22,980.0
1999,6,9,0,0,0,0,0,0,0,0,4,22,155.79,0,0.135,0.1,5.43,223.20000000000002,100.0,22,980.0
1999,6,9,0,30,0,0,0,0,0,0,3,22,153.63,0,0.135,0.0,5.404,223.20000000000002,100.0,22,980.0
1999,6,9,1,0,0,0,0,0,0,0,0,22,149.81,0,0.135,0.0,5.3790000000000004,223.0,100.0,22,980.0
1999,6,9,1,30,0,0,0,0,0,0,3,22,144.88,0,0.135,0.0,5.352,223.0,100.0,22,980.0
1999,6,9,2,0,0,0,0,0,0,0,1,22,139.23,0,0.135,0.0,5.3260000000000005,221.70000000000002,100.0,22,980.0
1999,6,9,2,30,0,0,0,0,0,0,3,22,133.14000000000001,0,0.135,0.0,5.298,221.70000000000002,100.0,22,980.0
1999,6,9,3,0,0,0,0,0,0,0,3,22,126.75,0,0.135,0.0,5.2700000000000005,219.8,100.0,22,980.0
1999,6,9,3,30,0,0,0,0,0,0,3,21,120.17,0,0.135,0.0,5.244,219.8,100.0,22,980.0
1999,6,9,4,0,0,0,0,0,0,0,4,21,113.45,0,0.135,0.1,5.219,219.0,100.0,22,980.0
1999,6,9,4,30,0,0,0,0,0,0,7,21,106.65,0,0.135,0.2,5.2010000000000005,219.0,100.0,21,980.0
1999,6,9,5,0,0,0,0,0,0,0,7,21,99.8,0,0.135,0.30000000000000004,5.184,219.3,100.0,21,980.0
1999,6,9,5,30,0,0,0,0,0,0,3,21,92.9,0,0.135,0.2,5.1770000000000005,219.3,100.0,21,980.0
1999,6,9,6,0,18,318,40,18,318,40,0,22,86.0,0,0.135,0.2,5.17,220.3,100.0,22,990.0
1999,6,9,6,30,32,0,32,34,548,138,4,22,79.10000000000001,0,0.135,0.1,5.173,220.3,100.0,22,990.0
1999,6,9,7,0,64,0,64,44,673,250,4,23,72.22,0,0.135,0.0,5.1770000000000005,227.10000000000002,100.0,23,990.0
1999,6,9,7,30,109,0,109,51,751,364,4,23,65.38,0,0.135,0.0,5.189,227.10000000000002,100.0,23,990.0
1999,6,9,8,0,118,0,118,54,806,474,4,24,58.620000000000005,0,0.135,0.0,5.202,227.8,100.0,24,990.0
1999,6,9,8,30,269,243,419,58,843,578,3,24,51.97,0,0.135,0.0,5.224,227.8,100.0,24,990.0
1999,6,9,9,0,60,871,671,60,871,671,1,24,45.5,0,0.135,0.0,5.247,222.4,100.0,24,990.0
1999,6,9,9,30,367,119,459,62,890,752,3,24,39.29,0,0.135,0.0,5.285,222.4,100.0,24,990.0
1999,6,9,10,0,64,904,819,64,904,819,0,24,33.5,0,0.135,0.0,5.323,216.60000000000002,96.94,25,990.0
1999,6,9,10,30,436,157,574,65,914,870,3,24,28.400000000000002,0,0.135,0.0,5.3580000000000005,216.60000000000002,96.91,25,990.0
1999,6,9,11,0,419,62,476,66,921,905,3,24,24.42,0,0.135,0.0,5.393,205.5,90.45,26,990.0
1999,6,9,11,30,243,12,255,67,924,922,4,24,22.2,0,0.135,0.0,5.4190000000000005,205.5,90.4,26,980.0
1999,6,9,12,0,382,34,414,67,923,922,4,24,22.25,0,0.135,0.0,5.445,157.10000000000002,89.92,26,980.0
1999,6,9,12,30,163,5,168,66,920,903,8,24,24.560000000000002,0,0.135,0.0,5.457,157.10000000000002,89.88,26,980.0
1999,6,9,13,0,162,5,167,66,913,868,8,24,28.59,0,0.135,0.0,5.469,77.0,89.91,27,980.0
1999,6,9,13,30,406,177,554,65,903,816,8,24,33.730000000000004,0,0.135,0.0,5.468,77.0,89.87,27,980.0
1999,6,9,14,0,300,30,324,62,888,748,6,24,39.54,0,0.135,0.0,5.4670000000000005,42.400000000000006,90.92,27,980.0
1999,6,9,14,30,290,356,539,60,868,666,8,24,45.76,0,0.135,0.0,5.453,42.400000000000006,90.9,26,980.0
1999,6,9,15,0,226,429,489,56,843,572,8,24,52.24,0,0.135,0.0,5.44,334.40000000000003,93.60000000000001,26,980.0
1999,6,9,15,30,216,232,336,52,806,468,8,24,58.9,0,0.135,0.0,5.432,334.40000000000003,93.60000000000001,26,980.0
1999,6,9,16,0,154,248,256,47,753,358,8,25,65.66,1,0.135,0.1,5.424,352.3,97.39,26,980.0
1999,6,9,16,30,104,234,175,41,675,244,8,25,72.5,1,0.135,0.1,5.408,352.3,100.0,25,980.0
1999,6,9,17,0,60,192,95,32,546,133,8,25,79.37,1,0.135,0.1,5.393,354.1,100.0,25,980.0
1999,6,9,17,30,21,92,27,17,312,37,7,24,86.27,1,0.135,0.2,5.385,354.1,100.0,25,980.0
1999,6,9,18,0,0,0,0,0,0,0,7,24,93.18,1,0.135,0.4,5.3790000000000004,349.6,100.0,25,980.0
1999,6,9,18,30,0,0,0,0,0,0,7,24,100.07000000000001,0,0.135,0.4,5.381,349.6,100.0,24,980.0
1999,6,9,19,0,0,0,0,0,0,0,7,24,106.92,1,0.135,0.4,5.383,352.1,100.0,24,980.0
1999,6,9,19,30,0,0,0,0,0,0,7,23,113.71000000000001,1,0.135,0.4,5.389,352.1,100.0,24,980.0
1999,6,9,20,0,0,0,0,0,0,0,7,23,120.42,1,0.135,0.4,5.396,354.40000000000003,100.0,24,980.0
1999,6,9,20,30,0,0,0,0,0,0,7,23,126.99000000000001,1,0.135,0.4,5.407,354.40000000000003,100.0,23,990.0
1999,6,9,21,0,0,0,0,0,0,0,7,23,133.36,1,0.135,0.4,5.4190000000000005,353.5,100.0,23,990.0
1999,6,9,21,30,0,0,0,0,0,0,7,23,139.43,0,0.135,0.4,5.432,353.5,100.0,23,990.0
1999,6,9,22,0,0,0,0,0,0,0,7,23,145.05,1,0.135,0.4,5.446,351.3,100.0,23,990.0
1999,6,9,22,30,0,0,0,0,0,0,4,23,149.93,0,0.135,0.4,5.458,351.3,100.0,23,990.0
1999,6,9,23,0,0,0,0,0,0,0,7,23,153.68,0,0.135,0.4,5.471,345.70000000000005,100.0,23,980.0
1999,6,9,23,30,0,0,0,0,0,0,7,23,155.75,0,0.135,0.4,5.478,345.70000000000005,100.0,23,980.0
1999,6,10,0,0,0,0,0,0,0,0,7,23,155.71,0,0.135,0.5,5.485,335.70000000000005,100.0,23,980.0
1999,6,10,0,30,0,0,0,0,0,0,3,23,153.57,0,0.135,0.5,5.487,335.70000000000005,100.0,23,980.0
1999,6,10,1,0,0,0,0,0,0,0,1,23,149.78,0,0.135,0.5,5.489,314.70000000000005,100.0,23,980.0
1999,6,10,1,30,0,0,0,0,0,0,3,23,144.86,0,0.135,0.5,5.49,314.70000000000005,100.0,23,980.0
1999,6,10,2,0,0,0,0,0,0,0,1,23,139.23,0,0.135,0.5,5.4910000000000005,284.90000000000003,100.0,23,980.0
1999,6,10,2,30,0,0,0,0,0,0,0,23,133.14000000000001,0,0.135,0.4,5.507,284.90000000000003,100.0,23,980.0
1999,6,10,3,0,0,0,0,0,0,0,0,23,126.76,0,0.135,0.4,5.524,259.1,100.0,23,980.0
1999,6,10,3,30,0,0,0,0,0,0,3,23,120.19,0,0.135,0.4,5.545,259.1,100.0,23,980.0
1999,6,10,4,0,0,0,0,0,0,0,3,22,113.48,0,0.135,0.4,5.566,238.0,99.8,23,980.0
1999,6,10,4,30,0,0,0,0,0,0,3,22,106.69,0,0.135,0.4,5.577,238.0,99.83,23,980.0
1999,6,10,5,0,0,0,0,0,0,0,4,22,99.83,0,0.135,0.4,5.59,224.0,99.23,23,980.0
1999,6,10,5,30,0,0,0,0,0,0,7,22,92.95,0,0.135,0.4,5.585,224.0,99.26,23,990.0
1999,6,10,6,0,17,0,17,19,297,39,7,22,86.04,4,0.135,0.4,5.581,218.10000000000002,99.3,23,990.0
1999,6,10,6,30,59,0,59,36,530,136,7,22,79.15,0,0.135,0.2,5.5600000000000005,218.10000000000002,99.33,23,990.0
1999,6,10,7,0,112,218,178,47,657,248,8,23,72.27,0,0.135,0.1,5.54,224.20000000000002,100.0,23,990.0
1999,6,10,7,30,170,139,227,55,737,362,8,23,65.44,0,0.135,0.0,5.511,224.20000000000002,100.0,23,990.0
1999,6,10,8,0,215,70,252,61,791,472,8,23,58.69,0,0.135,0.0,5.482,258.5,100.0,23,990.0
1999,6,10,8,30,183,6,187,66,830,576,8,23,52.04,0,0.135,0.0,5.455,258.5,100.0,23,990.0
1999,6,10,9,0,245,18,258,68,859,670,8,24,45.57,0,0.135,0.0,5.428,272.8,100.0,24,990.0
1999,6,10,9,30,328,47,364,71,879,752,8,24,39.37,0,0.135,0.0,5.421,272.8,100.0,24,990.0
1999,6,10,10,0,325,29,350,72,896,819,8,24,33.58,0,0.135,0.0,5.415,291.40000000000003,100.0,25,990.0
1999,6,10,10,30,429,234,635,74,906,871,7,24,28.490000000000002,0,0.135,0.0,5.433,291.40000000000003,100.0,25,990.0
1999,6,10,11,0,445,104,541,73,914,905,8,25,24.52,0,0.135,0.0,5.452,316.1,100.0,25,990.0
1999,6,10,11,30,434,324,735,74,917,923,7,25,22.28,0,0.135,0.0,5.492,316.1,100.0,25,990.0
1999,6,10,12,0,72,918,922,72,918,922,0,24,22.32,0,0.135,0.0,5.532,17.3,98.54,25,980.0
1999,6,10,12,30,72,914,904,72,914,904,0,24,24.61,0,0.135,0.0,5.5920000000000005,17.3,98.5,25,980.0
1999,6,10,13,0,70,908,868,70,908,868,0,24,28.62,0,0.135,0.0,5.652,76.2,96.96000000000001,26,980.0
1999,6,10,13,30,69,897,815,69,897,815,0,24,33.74,0,0.135,0.0,5.707,76.2,96.94,26,980.0
1999,6,10,14,0,68,881,748,68,881,748,0,24,39.54,0,0.135,0.0,5.763,74.0,96.08,26,980.0
1999,6,10,14,30,65,860,666,65,860,666,0,24,45.75,1,0.135,0.0,5.792,74.0,96.06,25,980.0
1999,6,10,15,0,211,425,472,62,832,572,8,24,52.230000000000004,1,0.135,0.0,5.821,1.6,97.19,25,980.0
1999,6,10,15,30,188,383,386,58,794,469,8,24,58.870000000000005,0,0.135,0.0,5.831,1.6,97.19,25,980.0
1999,6,10,16,0,131,399,295,53,739,358,8,24,65.63,1,0.135,0.0,5.8420000000000005,325.0,98.96000000000001,25,980.0
1999,6,10,16,30,89,372,201,45,659,244,8,24,72.46000000000001,1,0.135,0.0,5.847,325.0,100.0,24,980.0
1999,6,10,17,0,54,302,110,35,528,133,8,24,79.33,1,0.135,0.1,5.853,287.3,100.0,24,980.0
1999,6,10,17,30,20,158,31,18,290,37,7,24,86.23,1,0.135,0.2,5.862,287.3,100.0,24,980.0
1999,6,10,18,0,0,0,0,0,0,0,7,24,93.13,1,0.135,0.30000000000000004,5.872,290.8,100.0,24,980.0
1999,6,10,18,30,0,0,0,0,0,0,7,24,100.01,0,0.135,0.30000000000000004,5.89,290.8,100.0,24,980.0
1999,6,10,19,0,0,0,0,0,0,0,7,24,106.86,1,0.135,0.4,5.908,281.40000000000003,100.0,24,980.0
1999,6,10,19,30,0,0,0,0,0,0,7,23,113.65,1,0.135,0.4,5.926,281.40000000000003,100.0,24,980.0
1999,6,10,20,0,0,0,0,0,0,0,7,23,120.35000000000001,1,0.135,0.4,5.945,272.90000000000003,100.0,24,990.0
1999,6,10,20,30,0,0,0,0,0,0,7,23,126.92,1,0.135,0.4,5.958,272.90000000000003,100.0,23,990.0
1999,6,10,21,0,0,0,0,0,0,0,7,23,133.29,1,0.135,0.4,5.972,263.2,100.0,23,990.0
1999,6,10,21,30,0,0,0,0,0,0,7,23,139.36,0,0.135,0.30000000000000004,5.972,263.2,100.0,23,990.0
1999,6,10,22,0,0,0,0,0,0,0,7,23,144.96,1,0.135,0.30000000000000004,5.973,256.1,100.0,23,990.0
1999,6,10,22,30,0,0,0,0,0,0,7,23,149.84,0,0.135,0.2,5.963,256.1,100.0,23,990.0
1999,6,10,23,0,0,0,0,0,0,0,7,23,153.59,0,0.135,0.2,5.953,257.2,100.0,23,990.0
1999,6,10,23,30,0,0,0,0,0,0,7,22,155.67000000000002,0,0.135,0.1,5.923,257.2,100.0,23,990.0
1999,6,11,0,0,0,0,0,0,0,0,7,22,155.65,0,0.135,0.1,5.893,264.2,100.0,23,980.0
1999,6,11,0,30,0,0,0,0,0,0,7,22,153.53,0,0.135,0.1,5.845,264.2,100.0,22,980.0
1999,6,11,1,0,0,0,0,0,0,0,7,22,149.75,0,0.135,0.1,5.797,273.8,100.0,22,980.0
1999,6,11,1,30,0,0,0,0,0,0,7,22,144.85,0,0.135,0.1,5.7410000000000005,273.8,100.0,22,980.0
1999,6,11,2,0,0,0,0,0,0,0,7,22,139.23,0,0.135,0.1,5.686,280.8,100.0,22,980.0
1999,6,11,2,30,0,0,0,0,0,0,8,22,133.15,0,0.135,0.1,5.63,280.8,100.0,22,980.0
1999,6,11,3,0,0,0,0,0,0,0,4,22,126.78,0,0.135,0.1,5.575,283.40000000000003,100.0,22,980.0
1999,6,11,3,30,0,0,0,0,0,0,7,22,120.21000000000001,0,0.135,0.1,5.516,283.40000000000003,100.0,22,980.0
1999,6,11,4,0,0,0,0,0,0,0,7,22,113.51,0,0.135,0.1,5.4590000000000005,281.3,100.0,22,980.0
1999,6,11,4,30,0,0,0,0,0,0,4,21,106.72,0,0.135,0.1,5.414,281.3,100.0,22,980.0
1999,6,11,5,0,0,0,0,0,0,0,4,21,99.87,0,0.135,0.1,5.37,271.7,100.0,22,980.0
1999,6,11,5,30,0,0,0,0,0,0,3,21,92.99,0,0.135,0.0,5.347,271.7,100.0,22,990.0
1999,6,11,6,0,11,0,11,18,309,39,3,22,86.09,4,0.135,0.0,5.325,263.5,100.0,22,990.0
1999,6,11,6,30,38,0,38,34,543,136,3,22,79.2,0,0.135,0.0,5.319,263.5,100.0,22,990.0
1999,6,11,7,0,44,669,247,44,669,247,0,22,72.33,0,0.135,0.0,5.313,256.7,100.0,22,990.0
1999,6,11,7,30,51,748,361,51,748,361,0,22,65.5,0,0.135,0.0,5.308,256.7,100.0,22,990.0
1999,6,11,8,0,56,801,472,56,801,472,0,23,58.75,0,0.135,0.0,5.304,248.10000000000002,100.0,23,990.0
1999,6,11,8,30,60,838,575,60,838,575,1,23,52.11,0,0.135,0.0,5.3,248.10000000000002,100.0,23,990.0
1999,6,11,9,0,63,866,669,63,866,669,0,23,45.64,0,0.135,0.0,5.297,225.9,100.0,23,990.0
1999,6,11,9,30,66,886,750,66,886,750,0,23,39.44,0,0.135,0.0,5.298,225.9,100.0,23,990.0
1999,6,11,10,0,68,900,818,68,900,818,0,23,33.67,0,0.135,0.0,5.3,207.0,98.91,24,990.0
1999,6,11,10,30,70,910,870,70,910,870,1,23,28.57,0,0.135,0.0,5.304,207.0,98.89,24,990.0
1999,6,11,11,0,70,917,905,70,917,905,0,23,24.6,0,0.135,0.0,5.308,191.3,92.4,25,990.0
1999,6,11,11,30,71,920,923,71,920,923,0,23,22.36,0,0.135,0.0,5.305,191.3,92.35000000000001,25,990.0
1999,6,11,12,0,71,921,922,71,921,922,1,23,22.38,0,0.135,0.0,5.3020000000000005,195.60000000000002,90.24,25,980.0
1999,6,11,12,30,441,94,526,70,917,904,3,23,24.650000000000002,0,0.135,0.0,5.3,195.60000000000002,90.2,25,980.0
1999,6,11,13,0,69,911,869,69,911,869,0,23,28.64,0,0.135,0.0,5.299,213.3,83.82000000000001,26,980.0
1999,6,11,13,30,398,238,597,68,901,817,3,23,33.75,0,0.135,0.0,5.301,213.3,83.79,26,980.0
1999,6,11,14,0,350,293,576,66,885,749,7,22,39.53,0,0.135,0.0,5.304,224.8,83.42,26,980.0
1999,6,11,14,30,214,565,609,63,865,668,8,22,45.730000000000004,0,0.135,0.0,5.307,224.8,88.49,25,980.0
1999,6,11,15,0,61,837,574,61,837,574,1,23,52.2,0,0.135,0.0,5.3100000000000005,234.20000000000002,89.92,25,980.0
1999,6,11,15,30,222,155,303,56,800,470,8,23,58.84,0,0.135,0.0,5.309,234.20000000000002,89.91,25,980.0
1999,6,11,16,0,164,163,232,52,745,360,8,23,65.6,1,0.135,0.0,5.309,247.10000000000002,93.01,25,980.0
1999,6,11,16,30,112,152,158,44,666,246,8,23,72.42,1,0.135,0.0,5.3100000000000005,247.10000000000002,98.73,24,980.0
1999,6,11,17,0,64,120,86,35,536,134,8,24,79.29,1,0.135,0.0,5.311,250.4,100.0,24,980.0
1999,6,11,17,30,22,40,24,18,297,38,3,23,86.18,1,0.135,0.1,5.311,250.4,100.0,23,980.0
1999,6,11,18,0,0,0,0,0,0,0,3,23,93.08,1,0.135,0.2,5.311,256.6,100.0,23,980.0
1999,6,11,18,30,0,0,0,0,0,0,3,23,99.96000000000001,0,0.135,0.2,5.309,256.6,100.0,23,980.0
1999,6,11,19,0,0,0,0,0,0,0,3,23,106.81,1,0.135,0.30000000000000004,5.308,263.6,100.0,23,980.0
1999,6,11,19,30,0,0,0,0,0,0,3,22,113.59,1,0.135,0.30000000000000004,5.292,263.6,100.0,23,980.0
1999,6,11,20,0,0,0,0,0,0,0,3,22,120.29,1,0.135,0.30000000000000004,5.2780000000000005,265.8,100.0,23,980.0
1999,6,11,20,30,0,0,0,0,0,0,0,22,126.85000000000001,1,0.135,0.30000000000000004,5.25,265.8,100.0,22,980.0
1999,6,11,21,0,0,0,0,0,0,0,0,22,133.21,1,0.135,0.30000000000000004,5.222,265.40000000000003,100.0,22,980.0
1999,6,11,21,30,0,0,0,0,0,0,0,22,139.28,0,0.135,0.2,5.189,265.40000000000003,100.0,22,980.0
1999,6,11,22,0,0,0,0,0,0,0,0,22,144.88,1,0.135,0.2,5.156,264.40000000000003,100.0,22,980.0
1999,6,11,22,30,0,0,0,0,0,0,0,21,149.76,0,0.135,0.1,5.122,264.40000000000003,100.0,21,980.0
1999,6,11,23,0,0,0,0,0,0,0,0,21,153.51,0,0.135,0.1,5.09,262.40000000000003,100.0,21,980.0
1999,6,11,23,30,0,0,0,0,0,0,0,21,155.59,0,0.135,0.1,5.057,262.40000000000003,100.0,21,980.0
1999,6,12,0,0,0,0,0,0,0,0,0,21,155.59,0,0.135,0.1,5.024,259.90000000000003,100.0,21,980.0
1999,6,12,0,30,0,0,0,0,0,0,0,21,153.48,0,0.135,0.0,4.996,259.90000000000003,100.0,21,980.0
1999,6,12,1,0,0,0,0,0,0,0,0,21,149.73,0,0.135,0.0,4.969,259.0,100.0,21,980.0
1999,6,12,1,30,0,0,0,0,0,0,3,21,144.84,0,0.135,0.0,4.95,259.0,100.0,21,980.0
1999,6,12,2,0,0,0,0,0,0,0,3,21,139.23,0,0.135,0.0,4.932,256.40000000000003,100.0,21,980.0
1999,6,12,2,30,0,0,0,0,0,0,3,21,133.17000000000002,0,0.135,0.0,4.924,256.40000000000003,100.0,21,980.0
1999,6,12,3,0,0,0,0,0,0,0,0,21,126.8,0,0.135,0.0,4.917,250.0,100.0,21,980.0
1999,6,12,3,30,0,0,0,0,0,0,0,21,120.24000000000001,0,0.135,0.0,4.926,250.0,100.0,21,980.0
1999,6,12,4,0,0,0,0,0,0,0,3,21,113.54,0,0.135,0.0,4.9350000000000005,247.0,100.0,21,980.0
1999,6,12,4,30,0,0,0,0,0,0,1,20,106.76,0,0.135,0.0,4.962,247.0,100.0,21,980.0
1999,6,12,5,0,0,0,0,0,0,0,4,20,99.91,0,0.135,0.1,4.99,248.4,100.0,21,980.0
1999,6,12,5,30,0,0,0,0,0,0,4,20,93.03,0,0.135,0.0,5.023,248.4,100.0,21,980.0
1999,6,12,6,0,3,0,3,19,293,38,4,21,86.14,4,0.135,0.0,5.056,252.0,100.0,21,990.0
1999,6,12,6,30,13,0,13,36,531,135,4,21,79.25,0,0.135,0.0,5.087,252.0,100.0,22,990.0
1999,6,12,7,0,89,0,89,47,660,246,4,22,72.38,0,0.135,0.0,5.119,256.0,100.0,23,990.0
1999,6,12,7,30,164,68,193,54,740,360,3,22,65.56,0,0.135,0.0,5.15,256.0,100.0,23,990.0
1999,6,12,8,0,198,34,216,59,795,471,4,23,58.81,0,0.135,0.0,5.181,249.70000000000002,100.0,24,990.0
1999,6,12,8,30,64,833,575,64,833,575,1,23,52.17,0,0.135,0.0,5.21,249.70000000000002,96.16,24,990.0
1999,6,12,9,0,67,861,669,67,861,669,1,23,45.71,0,0.135,0.0,5.239,240.4,91.60000000000001,25,990.0
1999,6,12,9,30,368,168,498,69,882,750,3,23,39.52,0,0.135,0.0,5.275,240.4,91.58,25,990.0
1999,6,12,10,0,405,144,525,71,897,817,3,23,33.74,0,0.135,0.0,5.311,218.3,86.22,26,990.0
1999,6,12,10,30,429,116,531,72,907,869,3,23,28.650000000000002,0,0.135,0.0,5.356,218.3,86.2,26,990.0
1999,6,12,11,0,342,25,365,73,914,904,4,23,24.68,0,0.135,0.0,5.401,192.60000000000002,86.09,26,990.0
1999,6,12,11,30,245,12,257,73,917,921,4,23,22.43,0,0.135,0.0,5.448,192.60000000000002,86.06,26,990.0
1999,6,12,12,0,438,311,726,73,917,921,7,23,22.44,0,0.135,0.0,5.496,171.9,86.62,26,980.0
1999,6,12,12,30,411,56,462,72,914,903,4,23,24.69,0,0.135,0.0,5.537,171.9,86.59,26,980.0
1999,6,12,13,0,411,75,477,71,907,868,8,23,28.66,0,0.135,0.0,5.578,163.10000000000002,87.8,26,980.0
1999,6,12,13,30,372,91,448,69,897,816,8,23,33.75,1,0.135,0.0,5.607,163.10000000000002,87.76,26,980.0
1999,6,12,14,0,341,91,411,67,883,748,8,24,39.52,1,0.135,0.0,5.636,155.20000000000002,89.87,26,980.0
1999,6,12,14,30,64,862,666,64,862,666,0,24,45.72,1,0.135,0.0,5.6530000000000005,155.20000000000002,89.85000000000001,26,980.0
1999,6,12,15,0,60,836,573,60,836,573,0,24,52.18,1,0.135,0.0,5.671,148.8,92.10000000000001,26,980.0
1999,6,12,15,30,56,798,470,56,798,470,0,24,58.81,0,0.135,0.0,5.675,148.8,97.71000000000001,25,980.0
1999,6,12,16,0,51,744,359,51,744,359,0,25,65.56,1,0.135,0.0,5.679,142.8,100.0,25,980.0
1999,6,12,16,30,44,666,246,44,666,246,0,24,72.38,1,0.135,0.0,5.678,142.8,100.0,25,980.0
1999,6,12,17,0,34,537,135,34,537,135,0,24,79.25,1,0.135,0.0,5.678,127.10000000000001,100.0,25,980.0
1999,6,12,17,30,18,302,38,18,302,38,7,24,86.14,1,0.135,0.0,5.684,127.10000000000001,100.0,24,980.0
1999,6,12,18,0,0,0,0,0,0,0,7,24,93.03,1,0.135,0.1,5.691,120.7,100.0,24,980.0
1999,6,12,18,30,0,0,0,0,0,0,7,23,99.91,0,0.135,0.0,5.699,120.7,100.0,23,980.0
1999,6,12,19,0,0,0,0,0,0,0,7,23,106.75,1,0.135,0.0,5.708,121.80000000000001,100.0,23,980.0
1999,6,12,19,30,0,0,0,0,0,0,7,23,113.53,1,0.135,0.0,5.714,121.80000000000001,100.0,23,990.0
1999,6,12,20,0,0,0,0,0,0,0,6,23,120.23,1,0.135,0.0,5.721,122.2,100.0,23,990.0
1999,6,12,20,30,0,0,0,0,0,0,6,23,126.78,0,0.135,0.0,5.7170000000000005,122.2,100.0,23,990.0
1999,6,12,21,0,0,0,0,0,0,0,6,23,133.14000000000001,0,0.135,0.0,5.713,123.80000000000001,100.0,23,990.0
1999,6,12,21,30,0,0,0,0,0,0,6,23,139.21,0,0.135,0.0,5.7,123.80000000000001,100.0,23,990.0
1999,6,12,22,0,0,0,0,0,0,0,6,23,144.81,0,0.135,0.0,5.688,125.0,100.0,23,990.0
1999,6,12,22,30,0,0,0,0,0,0,6,22,149.68,0,0.135,0.0,5.6610000000000005,125.0,100.0,23,990.0
1999,6,12,23,0,0,0,0,0,0,0,6,22,153.43,0,0.135,0.1,5.634,130.3,100.0,23,990.0
1999,6,12,23,30,0,0,0,0,0,0,6,22,155.52,0,0.135,0.1,5.595,130.3,100.0,22,990.0
1999,6,13,0,0,0,0,0,0,0,0,6,22,155.53,0,0.135,0.1,5.557,144.20000000000002,100.0,22,990.0
1999,6,13,0,30,0,0,0,0,0,0,6,22,153.45000000000002,0,0.135,0.1,5.514,144.20000000000002,100.0,22,990.0
1999,6,13,1,0,0,0,0,0,0,0,6,22,149.71,0,0.135,0.2,5.472,165.4,100.0,22,980.0
1999,6,13,1,30,0,0,0,0,0,0,6,22,144.84,0,0.135,0.2,5.4350000000000005,165.4,100.0,22,980.0
1999,6,13,2,0,0,0,0,0,0,0,6,22,139.24,0,0.135,0.2,5.399,183.4,100.0,22,980.0
1999,6,13,2,30,0,0,0,0,0,0,8,22,133.18,0,0.135,0.2,5.372,183.4,100.0,22,980.0
1999,6,13,3,0,0,0,0,0,0,0,8,22,126.82000000000001,0,0.135,0.30000000000000004,5.345,197.5,100.0,22,980.0
1999,6,13,3,30,0,0,0,0,0,0,8,22,120.27,0,0.135,0.30000000000000004,5.327,197.5,100.0,22,990.0
1999,6,13,4,0,0,0,0,0,0,0,8,22,113.58,0,0.135,0.30000000000000004,5.311,202.5,100.0,22,990.0
1999,6,13,4,30,0,0,0,0,0,0,8,22,106.79,0,0.135,0.30000000000000004,5.305,202.5,100.0,22,990.0
1999,6,13,5,0,0,0,0,0,0,0,8,21,99.95,0,0.135,0.30000000000000004,5.3,200.5,99.36,22,990.0
1999,6,13,5,30,0,0,0,0,0,0,8,21,93.08,0,0.135,0.2,5.3,200.5,99.39,22,990.0
1999,6,13,6,0,1,0,1,18,305,38,4,22,86.18,4,0.135,0.1,5.301,168.20000000000002,100.0,22,990.0
1999,6,13,6,30,6,0,6,34,539,134,4,22,79.3,0,0.135,0.1,5.307,168.20000000000002,100.0,22,990.0
1999,6,13,7,0,53,0,53,44,668,245,4,22,72.43,0,0.135,0.1,5.314,104.7,100.0,22,990.0
1999,6,13,7,30,63,0,63,51,747,359,4,22,65.61,0,0.135,0.1,5.321,104.7,100.0,22,990.0
1999,6,13,8,0,115,0,115,55,801,469,4,22,58.870000000000005,0,0.135,0.1,5.328,110.7,100.0,22,990.0
1999,6,13,8,30,227,25,242,59,838,573,4,22,52.24,0,0.135,0.1,5.323,110.7,100.0,22,990.0
1999,6,13,9,0,225,12,233,62,866,666,4,23,45.78,0,0.135,0.1,5.319,103.30000000000001,100.0,23,990.0
1999,6,13,9,30,346,69,399,64,887,748,4,23,39.59,0,0.135,0.0,5.303,103.30000000000001,100.0,23,990.0
1999,6,13,10,0,395,251,604,66,902,815,3,23,33.82,0,0.135,0.0,5.288,115.10000000000001,100.0,24,990.0
1999,6,13,10,30,428,230,630,67,912,867,4,23,28.73,0,0.135,0.0,5.28,115.10000000000001,100.0,24,990.0
1999,6,13,11,0,454,160,600,68,918,903,4,23,24.76,0,0.135,0.0,5.272,139.4,96.52,24,990.0
1999,6,13,11,30,462,136,588,69,922,921,3,23,22.5,0,0.135,0.0,5.272,139.4,96.47,24,990.0
1999,6,13,12,0,459,222,665,70,921,921,3,23,22.490000000000002,0,0.135,0.0,5.273,157.20000000000002,94.51,24,990.0
1999,6,13,12,30,69,918,903,69,918,903,0,23,24.72,0,0.135,0.0,5.274,157.20000000000002,94.45,24,990.0
1999,6,13,13,0,69,911,869,69,911,869,0,23,28.67,0,0.135,0.0,5.276,170.9,95.49,25,990.0
1999,6,13,13,30,68,901,817,68,901,817,0,23,33.75,0,0.135,0.0,5.276,170.9,95.45,25,980.0
1999,6,13,14,0,66,885,750,66,885,750,0,23,39.51,0,0.135,0.0,5.276,176.4,96.51,25,980.0
1999,6,13,14,30,63,865,668,63,865,668,0,23,45.7,0,0.135,0.0,5.272,176.4,96.49000000000001,25,980.0
1999,6,13,15,0,60,838,575,60,838,575,0,23,52.15,0,0.135,0.0,5.269,176.60000000000002,98.42,25,980.0
1999,6,13,15,30,214,69,251,56,801,471,3,23,58.78,0,0.135,0.0,5.257,176.60000000000002,98.41,24,980.0
1999,6,13,16,0,154,31,167,50,750,361,4,23,65.52,0,0.135,0.0,5.245,222.5,98.77,24,980.0
1999,6,13,16,30,91,0,91,43,672,247,4,23,72.34,0,0.135,0.0,5.242,222.5,100.0,24,980.0
1999,6,13,17,0,33,546,136,33,546,136,0,23,79.2,0,0.135,0.1,5.24,273.7,100.0,24,980.0
1999,6,13,17,30,18,313,39,18,313,39,7,23,86.09,4,0.135,0.2,5.249,273.7,100.0,23,980.0
1999,6,13,18,0,0,0,0,0,0,0,7,23,92.98,0,0.135,0.30000000000000004,5.258,281.2,100.0,23,990.0
1999,6,13,18,30,0,0,0,0,0,0,7,22,99.86,0,0.135,0.30000000000000004,5.272,281.2,100.0,23,990.0
1999,6,13,19,0,0,0,0,0,0,0,7,22,106.69,1,0.135,0.4,5.287,289.40000000000003,100.0,23,990.0
1999,6,13,19,30,0,0,0,0,0,0,6,22,113.48,0,0.135,0.4,5.299,289.40000000000003,100.0,22,990.0
1999,6,13,20,0,0,0,0,0,0,0,9,22,120.16,0,0.135,0.4,5.312,299.3,100.0,22,990.0
1999,6,13,20,30,0,0,0,0,0,0,6,22,126.72,0,0.135,0.4,5.317,299.3,100.0,22,990.0
1999,6,13,21,0,0,0,0,0,0,0,6,22,133.08,0,0.135,0.4,5.322,308.0,100.0,22,990.0
1999,6,13,21,30,0,0,0,0,0,0,6,21,139.14000000000001,0,0.135,0.4,5.319,308.0,100.0,22,990.0
1999,6,13,22,0,0,0,0,0,0,0,6,21,144.73,0,0.135,0.4,5.316,311.3,100.0,22,990.0
1999,6,13,22,30,0,0,0,0,0,0,8,21,149.61,0,0.135,0.30000000000000004,5.309,311.3,100.0,21,990.0
1999,6,13,23,0,0,0,0,0,0,0,8,21,153.36,0,0.135,0.30000000000000004,5.303,309.8,100.0,21,990.0
1999,6,13,23,30,0,0,0,0,0,0,7,21,155.46,0,0.135,0.30000000000000004,5.291,309.8,100.0,21,990.0
1999,6,14,0,0,0,0,0,0,0,0,3,21,155.48,0,0.135,0.30000000000000004,5.279,304.5,100.0,21,990.0
1999,6,14,0,30,0,0,0,0,0,0,7,21,153.42000000000002,0,0.135,0.2,5.261,304.5,100.0,21,990.0
1999,6,14,1,0,0,0,0,0,0,0,3,21,149.70000000000002,0,0.135,0.2,5.243,298.7,100.0,21,990.0
1999,6,14,1,30,0,0,0,0,0,0,0,21,144.84,0,0.135,0.2,5.223,298.7,100.0,21,990.0
1999,6,14,2,0,0,0,0,0,0,0,7,21,139.25,0,0.135,0.2,5.204,292.40000000000003,100.0,21,980.0
1999,6,14,2,30,0,0,0,0,0,0,3,20,133.2,0,0.135,0.2,5.192,292.40000000000003,100.0,21,980.0
1999,6,14,3,0,0,0,0,0,0,0,4,20,126.85000000000001,0,0.135,0.2,5.181,287.40000000000003,100.0,21,980.0
1999,6,14,3,30,0,0,0,0,0,0,4,20,120.3,0,0.135,0.2,5.176,287.40000000000003,100.0,21,980.0
1999,6,14,4,0,0,0,0,0,0,0,3,20,113.61,0,0.135,0.30000000000000004,5.171,285.2,100.0,21,990.0
1999,6,14,4,30,0,0,0,0,0,0,7,20,106.83,0,0.135,0.30000000000000004,5.172,285.2,100.0,21,990.0
1999,6,14,5,0,0,0,0,0,0,0,7,20,100.0,0,0.135,0.4,5.174,284.5,100.0,21,990.0
1999,6,14,5,30,0,0,0,0,0,0,8,20,93.12,0,0.135,0.30000000000000004,5.18,284.5,100.0,21,990.0
1999,6,14,6,0,2,0,2,18,303,38,8,21,86.23,4,0.135,0.2,5.187,284.0,100.0,21,990.0
1999,6,14,6,30,7,0,7,34,539,133,4,21,79.35000000000001,0,0.135,0.1,5.204,284.0,100.0,21,990.0
1999,6,14,7,0,115,138,156,43,668,245,8,22,72.49,0,0.135,0.0,5.221,284.6,100.0,22,990.0
1999,6,14,7,30,142,13,148,50,747,358,4,22,65.67,0,0.135,0.0,5.245,284.6,100.0,22,990.0
1999,6,14,8,0,221,118,282,53,803,468,8,23,58.93,0,0.135,0.0,5.2700000000000005,234.4,100.0,23,990.0
1999,6,14,8,30,272,196,392,57,840,571,7,23,52.300000000000004,0,0.135,0.0,5.309,234.4,100.0,23,990.0
1999,6,14,9,0,174,3,177,58,868,663,4,24,45.84,0,0.135,0.0,5.349,187.10000000000002,100.0,24,990.0
1999,6,14,9,30,332,52,372,61,888,745,4,24,39.65,0,0.135,0.0,5.393,187.10000000000002,100.0,24,990.0
1999,6,14,10,0,398,111,491,62,903,811,3,23,33.89,0,0.135,0.0,5.437,156.9,91.17,25,990.0
1999,6,14,10,30,433,147,562,63,913,863,3,23,28.8,0,0.135,0.0,5.477,156.9,91.15,25,990.0
1999,6,14,11,0,453,182,618,63,919,898,3,23,24.830000000000002,0,0.135,0.0,5.517,151.5,89.82000000000001,26,990.0
1999,6,14,11,30,448,92,533,64,922,916,4,23,22.56,0,0.135,0.0,5.543,151.5,89.77,26,990.0
1999,6,14,12,0,463,193,641,64,922,916,8,23,22.53,0,0.135,0.0,5.57,146.8,83.94,26,990.0
1999,6,14,12,30,437,88,517,63,919,899,8,23,24.740000000000002,0,0.135,0.0,5.577,146.8,83.89,26,990.0
1999,6,14,13,0,337,26,360,63,913,864,8,23,28.68,0,0.135,0.0,5.5840000000000005,138.3,84.02,26,990.0
1999,6,14,13,30,354,44,391,61,903,813,8,23,33.74,0,0.135,0.0,5.572,138.3,89.10000000000001,26,980.0
1999,6,14,14,0,357,89,426,60,888,746,8,23,39.49,0,0.135,0.0,5.561,130.5,90.27,26,980.0
1999,6,14,14,30,298,55,336,58,869,665,6,23,45.67,0,0.135,0.0,5.532,130.5,90.24,25,980.0
1999,6,14,15,0,242,38,266,55,842,572,6,23,52.120000000000005,0,0.135,0.0,5.503,125.80000000000001,92.48,25,980.0
1999,6,14,15,30,148,0,148,51,806,470,7,23,58.75,0,0.135,0.0,5.458,125.80000000000001,92.47,25,980.0
1999,6,14,16,0,139,8,142,46,755,360,8,24,65.49,0,0.135,0.0,5.414,130.0,95.03,25,980.0
1999,6,14,16,30,116,87,143,40,679,247,8,24,72.3,0,0.135,0.0,5.364,130.0,100.0,24,980.0
1999,6,14,17,0,65,72,79,31,556,136,8,24,79.16,4,0.135,0.0,5.315,331.6,100.0,24,980.0
1999,6,14,17,30,22,8,23,17,328,40,8,24,86.04,4,0.135,0.1,5.273,331.6,100.0,24,980.0
1999,6,14,18,0,0,0,0,0,0,0,8,23,92.93,0,0.135,0.2,5.231,303.90000000000003,98.46000000000001,24,980.0
1999,6,14,18,30,0,0,0,0,0,0,8,23,99.8,0,0.135,0.2,5.2090000000000005,303.90000000000003,100.0,24,980.0
1999,6,14,19,0,0,0,0,0,0,0,8,23,106.64,1,0.135,0.30000000000000004,5.187,298.5,100.0,24,980.0
1999,6,14,19,30,0,0,0,0,0,0,7,23,113.42,0,0.135,0.30000000000000004,5.181,298.5,100.0,23,990.0
1999,6,14,20,0,0,0,0,0,0,0,8,23,120.10000000000001,0,0.135,0.30000000000000004,5.176,301.5,100.0,23,990.0
1999,6,14,20,30,0,0,0,0,0,0,7,23,126.66,0,0.135,0.30000000000000004,5.181,301.5,100.0,23,990.0
1999,6,14,21,0,0,0,0,0,0,0,4,23,133.01,0,0.135,0.4,5.187,306.0,100.0,23,990.0
1999,6,14,21,30,0,0,0,0,0,0,3,23,139.07,0,0.135,0.4,5.203,306.0,100.0,23,990.0
1999,6,14,22,0,0,0,0,0,0,0,3,22,144.66,0,0.135,0.4,5.219,312.5,99.96000000000001,23,990.0
1999,6,14,22,30,0,0,0,0,0,0,4,22,149.54,0,0.135,0.4,5.237,312.5,99.94,23,990.0
1999,6,14,23,0,0,0,0,0,0,0,4,22,153.3,0,0.135,0.4,5.256,316.1,98.97,23,990.0
1999,6,14,23,30,0,0,0,0,0,0,4,22,155.41,0,0.135,0.4,5.266,316.1,100.0,23,990.0
1999,6,15,0,0,0,0,0,0,0,0,3,22,155.44,0,0.135,0.5,5.2780000000000005,311.1,100.0,23,980.0
1999,6,15,0,30,0,0,0,0,0,0,7,22,153.4,0,0.135,0.5,5.284,311.1,100.0,22,980.0
1999,6,15,1,0,0,0,0,0,0,0,7,22,149.69,0,0.135,0.5,5.291,305.40000000000003,100.0,22,980.0
1999,6,15,1,30,0,0,0,0,0,0,7,22,144.84,0,0.135,0.5,5.298,305.40000000000003,100.0,22,980.0
1999,6,15,2,0,0,0,0,0,0,0,3,22,139.27,0,0.135,0.5,5.306,302.5,100.0,22,980.0
1999,6,15,2,30,0,0,0,0,0,0,3,21,133.22,0,0.135,0.5,5.316,302.5,100.0,22,980.0
1999,6,15,3,0,0,0,0,0,0,0,3,21,126.88000000000001,0,0.135,0.5,5.327,302.1,100.0,22,980.0
1999,6,15,3,30,0,0,0,0,0,0,3,21,120.33,0,0.135,0.5,5.333,302.1,100.0,22,980.0
1999,6,15,4,0,0,0,0,0,0,0,3,21,113.65,0,0.135,0.5,5.34,305.6,100.0,22,980.0
1999,6,15,4,30,0,0,0,0,0,0,3,21,106.87,0,0.135,0.5,5.339,305.6,100.0,22,980.0
1999,6,15,5,0,0,0,0,0,0,0,0,21,100.04,0,0.135,0.6000000000000001,5.338,313.6,100.0,22,980.0
1999,6,15,5,30,0,0,0,0,0,0,3,21,93.17,0,0.135,0.5,5.333,313.6,100.0,22,980.0
1999,6,15,6,0,16,317,37,16,317,37,0,22,86.28,0,0.135,0.4,5.328,324.40000000000003,100.0,22,990.0
1999,6,15,6,30,31,550,132,31,550,132,0,22,79.4,0,0.135,0.2,5.323,324.40000000000003,100.0,22,990.0
1999,6,15,7,0,39,677,243,39,677,243,0,23,72.54,0,0.135,0.0,5.3180000000000005,341.20000000000005,100.0,23,990.0
1999,6,15,7,30,45,754,356,45,754,356,0,23,65.73,0,0.135,0.0,5.3180000000000005,341.20000000000005,100.0,23,990.0
1999,6,15,8,0,49,807,465,49,807,465,0,23,58.99,0,0.135,0.0,5.319,336.5,99.66,24,990.0
1999,6,15,8,30,52,844,568,52,844,568,0,23,52.36,0,0.135,0.0,5.328,336.5,99.66,24,990.0
1999,6,15,9,0,55,871,662,55,871,662,0,23,45.910000000000004,0,0.135,0.0,5.338,334.90000000000003,93.25,25,990.0
1999,6,15,9,30,58,891,743,58,891,743,0,23,39.72,0,0.135,0.0,5.348,334.90000000000003,93.22,25,990.0
1999,6,15,10,0,59,905,810,59,905,810,0,23,33.95,0,0.135,0.0,5.359,334.0,85.91,26,990.0
1999,6,15,10,30,61,915,862,61,915,862,0,23,28.87,0,0.135,0.0,5.371,334.0,85.87,26,990.0
1999,6,15,11,0,62,921,898,62,921,898,0,23,24.89,0,0.135,0.0,5.384,339.0,80.25,27,980.0
1999,6,15,11,30,62,924,916,62,924,916,0,23,22.61,0,0.135,0.0,5.4030000000000005,339.0,80.21000000000001,27,980.0
1999,6,15,12,0,354,26,378,63,924,916,3,23,22.57,0,0.135,0.0,5.422,352.40000000000003,80.39,27,980.0
1999,6,15,12,30,452,202,636,62,921,899,3,23,24.76,0,0.135,0.0,5.446,352.40000000000003,80.35000000000001,27,980.0
1999,6,15,13,0,419,273,659,62,914,864,3,23,28.68,0,0.135,0.0,5.471,11.0,80.85000000000001,27,980.0
1999,6,15,13,30,372,341,656,60,904,813,7,23,33.730000000000004,0,0.135,0.0,5.4910000000000005,11.0,80.82000000000001,27,980.0
1999,6,15,14,0,59,890,746,59,890,746,0,23,39.47,0,0.135,0.0,5.5120000000000005,23.400000000000002,81.82000000000001,27,980.0
1999,6,15,14,30,314,85,374,57,870,666,3,23,45.65,0,0.135,0.0,5.521,23.400000000000002,81.8,27,980.0
1999,6,15,15,0,266,252,422,53,844,572,3,24,52.09,0,0.135,0.0,5.531,22.3,84.81,27,980.0
1999,6,15,15,30,50,808,470,50,808,470,0,24,58.71,0,0.135,0.0,5.522,22.3,84.8,27,980.0
1999,6,15,16,0,45,757,360,45,757,360,0,24,65.45,0,0.135,0.0,5.513,24.8,88.65,27,980.0
1999,6,15,16,30,39,682,247,39,682,247,0,24,72.26,0,0.135,0.0,5.5,24.8,94.03,26,980.0
1999,6,15,17,0,31,559,136,31,559,136,0,25,79.11,0,0.135,0.1,5.489,23.6,94.7,26,980.0
1999,6,15,17,30,17,333,40,17,333,40,0,25,85.99,0,0.135,0.2,5.478,23.6,100.0,25,980.0
1999,6,15,18,0,0,0,0,0,0,0,1,24,92.88,0,0.135,0.30000000000000004,5.4670000000000005,0.7000000000000001,95.81,25,980.0
1999,6,15,18,30,0,0,0,0,0,0,1,24,99.75,0,0.135,0.30000000000000004,5.452,0.7000000000000001,100.0,25,980.0
1999,6,15,19,0,0,0,0,0,0,0,1,24,106.59,1,0.135,0.4,5.439,357.40000000000003,100.0,25,980.0
1999,6,15,19,30,0,0,0,0,0,0,0,24,113.36,0,0.135,0.4,5.423,357.40000000000003,100.0,24,980.0
1999,6,15,20,0,0,0,0,0,0,0,0,23,120.05,0,0.135,0.5,5.407,358.8,98.72,24,980.0
1999,6,15,20,30,0,0,0,0,0,0,0,23,126.60000000000001,0,0.135,0.5,5.389,358.8,100.0,24,980.0
1999,6,15,21,0,0,0,0,0,0,0,0,23,132.95,0,0.135,0.5,5.372,359.3,100.0,24,980.0
1999,6,15,21,30,0,0,0,0,0,0,0,23,139.0,0,0.135,0.5,5.353,359.3,100.0,23,980.0
1999,6,15,22,0,0,0,0,0,0,0,0,23,144.6,0,0.135,0.5,5.3340000000000005,2.1,100.0,23,980.0
1999,6,15,22,30,0,0,0,0,0,0,0,23,149.48,0,0.135,0.5,5.313,2.1,100.0,23,980.0
1999,6,15,23,0,0,0,0,0,0,0,0,23,153.24,0,0.135,0.6000000000000001,5.293,6.1000000000000005,100.0,23,980.0
1999,6,15,23,30,0,0,0,0,0,0,0,23,155.36,0,0.135,0.6000000000000001,5.272,6.1000000000000005,100.0,23,980.0
1999,6,16,0,0,0,0,0,0,0,0,0,22,155.41,0,0.135,0.6000000000000001,5.252,11.700000000000001,99.77,23,980.0
1999,6,16,0,30,0,0,0,0,0,0,0,22,153.38,0,0.135,0.6000000000000001,5.231,11.700000000000001,100.0,23,980.0
1999,6,16,1,0,0,0,0,0,0,0,0,22,149.69,0,0.135,0.6000000000000001,5.21,19.400000000000002,100.0,23,980.0
1999,6,16,1,30,0,0,0,0,0,0,0,22,144.85,0,0.135,0.6000000000000001,5.192,19.400000000000002,100.0,22,980.0
1999,6,16,2,0,0,0,0,0,0,0,0,22,139.29,0,0.135,0.6000000000000001,5.174,26.6,100.0,22,980.0
1999,6,16,2,30,0,0,0,0,0,0,0,22,133.25,0,0.135,0.6000000000000001,5.162,26.6,100.0,22,980.0
1999,6,16,3,0,0,0,0,0,0,0,0,22,126.91,0,0.135,0.6000000000000001,5.15,29.700000000000003,100.0,22,980.0
1999,6,16,3,30,0,0,0,0,0,0,1,22,120.37,0,0.135,0.6000000000000001,5.139,29.700000000000003,100.0,22,980.0
1999,6,16,4,0,0,0,0,0,0,0,0,22,113.69,0,0.135,0.6000000000000001,5.128,29.0,100.0,22,980.0
1999,6,16,4,30,0,0,0,0,0,0,0,21,106.92,0,0.135,0.6000000000000001,5.117,29.0,100.0,21,980.0
1999,6,16,5,0,0,0,0,0,0,0,3,21,100.08,0,0.135,0.6000000000000001,5.106,28.200000000000003,100.0,21,980.0
1999,6,16,5,30,0,0,0,0,0,0,3,21,93.22,0,0.135,0.4,5.096,28.200000000000003,100.0,21,980.0
1999,6,16,6,0,17,307,37,17,307,37,3,22,86.33,4,0.135,0.30000000000000004,5.088,28.200000000000003,100.0,22,980.0
1999,6,16,6,30,33,543,132,33,543,132,0,22,79.45,0,0.135,0.1,5.086,28.200000000000003,100.0,22,980.0
1999,6,16,7,0,37,0,37,42,672,243,3,23,72.59,0,0.135,0.0,5.085,27.8,100.0,23,980.0
1999,6,16,7,30,44,0,44,49,751,357,3,23,65.78,0,0.135,0.0,5.09,27.8,97.29,24,980.0
1999,6,16,8,0,199,38,218,52,806,466,3,24,59.04,0,0.135,0.0,5.096,31.8,94.41,25,990.0
1999,6,16,8,30,272,131,352,56,843,570,3,24,52.42,0,0.135,0.0,5.109,31.8,94.41,25,990.0
1999,6,16,9,0,284,41,313,59,870,663,3,24,45.97,0,0.135,0.0,5.124,28.6,89.06,26,990.0
1999,6,16,9,30,361,225,535,61,889,745,3,24,39.78,0,0.135,0.0,5.148,28.6,89.04,26,980.0
1999,6,16,10,0,63,904,813,63,904,813,0,23,34.02,0,0.135,0.0,5.172,26.5,83.31,27,980.0
1999,6,16,10,30,65,914,865,65,914,865,0,23,28.93,0,0.135,0.0,5.202,26.5,83.28,27,980.0
1999,6,16,11,0,66,920,900,66,920,900,0,23,24.95,0,0.135,0.0,5.232,33.800000000000004,78.07000000000001,28,980.0
1999,6,16,11,30,67,923,919,67,923,919,0,23,22.66,0,0.135,0.0,5.26,33.800000000000004,78.04,28,980.0
1999,6,16,12,0,68,922,919,68,922,919,0,23,22.6,0,0.135,0.0,5.288,58.7,77.8,28,980.0
1999,6,16,12,30,400,373,739,68,918,902,7,23,24.77,0,0.135,0.0,5.3100000000000005,58.7,77.76,28,980.0
1999,6,16,13,0,421,94,504,67,912,867,8,23,28.67,0,0.135,0.0,5.332,82.7,77.76,28,980.0
1999,6,16,13,30,396,100,480,66,901,816,8,23,33.71,0,0.135,0.0,5.348,82.7,77.73,28,980.0
1999,6,16,14,0,253,565,690,64,887,749,8,24,39.45,0,0.135,0.0,5.364,112.4,78.97,28,980.0
1999,6,16,14,30,61,867,668,61,867,668,0,24,45.62,0,0.135,0.0,5.37,112.4,78.95,28,980.0
1999,6,16,15,0,58,840,575,58,840,575,0,24,52.050000000000004,0,0.135,0.0,5.377,114.80000000000001,82.04,28,980.0
1999,6,16,15,30,55,803,472,55,803,472,0,24,58.67,0,0.135,0.0,5.378,114.80000000000001,86.95,27,980.0
1999,6,16,16,0,49,752,362,49,752,362,0,24,65.4,0,0.135,0.0,5.38,118.9,88.81,27,980.0
1999,6,16,16,30,43,675,249,43,675,249,0,24,72.21000000000001,0,0.135,0.0,5.382,118.9,94.19,26,980.0
1999,6,16,17,0,33,551,138,33,551,138,7,25,79.07000000000001,4,0.135,0.1,5.385,149.70000000000002,97.0,26,980.0
1999,6,16,17,30,18,324,41,18,324,41,4,25,85.95,4,0.135,0.1,5.397,149.70000000000002,100.0,26,980.0
1999,6,16,18,0,0,0,0,0,0,0,7,24,92.83,0,0.135,0.2,5.41,165.10000000000002,99.95,26,980.0
1999,6,16,18,30,0,0,0,0,0,0,7,24,99.7,0,0.135,0.2,5.428,165.10000000000002,99.99000000000001,25,980.0
1999,6,16,19,0,0,0,0,0,0,0,7,24,106.53,1,0.135,0.2,5.446,167.70000000000002,99.44,25,980.0
1999,6,16,19,30,0,0,0,0,0,0,7,24,113.31,0,0.135,0.2,5.465,167.70000000000002,99.47,25,980.0
1999,6,16,20,0,0,0,0,0,0,0,1,25,119.99000000000001,0,0.135,0.2,5.485,165.10000000000002,100.0,25,980.0
1999,6,16,20,30,0,0,0,0,0,0,1,25,126.54,0,0.135,0.1,5.5,165.10000000000002,100.0,25,980.0
1999,6,16,21,0,0,0,0,0,0,0,7,24,132.89000000000001,0,0.135,0.1,5.516,151.9,99.7,25,980.0
1999,6,16,21,30,0,0,0,0,0,0,7,24,138.94,0,0.135,0.1,5.529,151.9,100.0,24,980.0
1999,6,16,22,0,0,0,0,0,0,0,7,24,144.54,0,0.135,0.2,5.543,146.8,100.0,24,980.0
1999,6,16,22,30,0,0,0,0,0,0,7,24,149.42000000000002,0,0.135,0.2,5.553,146.8,100.0,24,980.0
1999,6,16,23,0,0,0,0,0,0,0,7,23,153.18,0,0.135,0.30000000000000004,5.563,160.60000000000002,97.68,24,980.0
1999,6,16,23,30,0,0,0,0,0,0,6,23,155.31,0,0.135,0.4,5.564,160.60000000000002,100.0,24,980.0
1999,6,17,0,0,0,0,0,0,0,0,6,23,155.38,0,0.135,0.5,5.565,173.70000000000002,100.0,24,980.0
1999,6,17,0,30,0,0,0,0,0,0,6,23,153.37,0,0.135,0.5,5.557,173.70000000000002,100.0,23,980.0
1999,6,17,1,0,0,0,0,0,0,0,6,23,149.69,0,0.135,0.5,5.549,182.5,100.0,23,980.0
1999,6,17,1,30,0,0,0,0,0,0,6,22,144.87,0,0.135,0.5,5.54,182.5,100.0,23,980.0
1999,6,17,2,0,0,0,0,0,0,0,7,22,139.31,0,0.135,0.5,5.532,190.8,100.0,23,980.0
1999,6,17,2,30,0,0,0,0,0,0,7,22,133.28,0,0.135,0.4,5.522,190.8,100.0,22,980.0
1999,6,17,3,0,0,0,0,0,0,0,7,22,126.94,0,0.135,0.4,5.513,197.9,100.0,22,980.0
1999,6,17,3,30,0,0,0,0,0,0,8,22,120.4,0,0.135,0.4,5.507,197.9,100.0,22,980.0
1999,6,17,4,0,0,0,0,0,0,0,7,22,113.73,0,0.135,0.4,5.502,201.4,100.0,22,980.0
1999,6,17,4,30,0,0,0,0,0,0,7,22,106.96000000000001,0,0.135,0.4,5.5040000000000004,201.4,100.0,22,980.0
1999,6,17,5,0,0,0,0,0,0,0,7,22,100.13,0,0.135,0.4,5.507,201.60000000000002,100.0,22,980.0
1999,6,17,5,30,0,0,0,0,0,0,7,22,93.26,0,0.135,0.4,5.51,201.60000000000002,100.0,22,980.0
1999,6,17,6,0,13,0,13,17,305,36,7,22,86.38,4,0.135,0.4,5.514,198.5,100.0,22,980.0
1999,6,17,6,30,49,0,49,32,541,131,6,22,79.5,0,0.135,0.2,5.519,198.5,100.0,22,980.0
1999,6,17,7,0,37,0,37,41,669,241,6,23,72.65,0,0.135,0.0,5.525,185.0,100.0,23,990.0
1999,6,17,7,30,33,0,33,48,748,354,6,23,65.84,0,0.135,0.0,5.5280000000000005,185.0,100.0,23,990.0
1999,6,17,8,0,54,0,54,52,802,464,6,24,59.1,0,0.135,0.0,5.532,158.9,100.0,24,990.0
1999,6,17,8,30,76,0,76,55,839,567,6,24,52.480000000000004,0,0.135,0.0,5.54,158.9,100.0,24,990.0
1999,6,17,9,0,147,0,147,57,867,660,6,24,46.03,0,0.135,0.0,5.548,142.70000000000002,100.0,25,990.0
1999,6,17,9,30,248,14,259,60,887,741,7,24,39.84,0,0.135,0.0,5.569,142.70000000000002,100.0,25,990.0
1999,6,17,10,0,267,19,283,62,901,809,7,25,34.07,1,0.135,0.0,5.59,121.80000000000001,100.0,25,990.0
1999,6,17,10,30,365,322,647,63,911,861,7,25,28.990000000000002,1,0.135,0.0,5.619,121.80000000000001,100.0,25,990.0
1999,6,17,11,0,441,257,674,65,917,897,7,25,25.0,0,0.135,0.0,5.649,112.9,100.0,25,980.0
1999,6,17,11,30,459,214,657,65,920,915,7,25,22.7,0,0.135,0.0,5.681,112.9,100.0,25,980.0
1999,6,17,12,0,463,148,600,66,920,916,7,25,22.62,0,0.135,0.0,5.714,137.20000000000002,100.0,25,980.0
1999,6,17,12,30,454,159,598,66,917,899,7,25,24.78,0,0.135,0.0,5.734,137.20000000000002,100.0,25,980.0
1999,6,17,13,0,434,147,563,66,910,864,7,25,28.67,0,0.135,0.0,5.755,130.9,100.0,25,980.0
1999,6,17,13,30,404,137,519,64,900,813,7,25,33.69,0,0.135,0.0,5.771,130.9,100.0,25,980.0
1999,6,17,14,0,369,156,490,62,886,746,8,25,39.42,0,0.135,0.0,5.788,54.0,100.0,25,980.0
1999,6,17,14,30,323,203,465,59,866,666,7,25,45.58,0,0.135,0.0,5.8020000000000005,54.0,100.0,25,980.0
1999,6,17,15,0,275,181,387,57,839,573,7,25,52.02,0,0.135,0.0,5.817,85.10000000000001,100.0,25,980.0
1999,6,17,15,30,188,390,391,53,803,471,8,25,58.63,0,0.135,0.0,5.8260000000000005,85.10000000000001,100.0,25,980.0
1999,6,17,16,0,132,0,132,48,752,361,8,24,65.36,0,0.135,0.1,5.835,93.80000000000001,99.8,25,980.0
1999,6,17,16,30,105,295,195,41,676,249,8,24,72.17,0,0.135,0.1,5.847,93.80000000000001,99.81,25,980.0
1999,6,17,17,0,57,269,108,33,552,138,4,25,79.02,4,0.135,0.1,5.86,100.9,100.0,25,980.0
1999,6,17,17,30,21,152,32,18,327,41,4,24,85.9,4,0.135,0.2,5.873,100.9,100.0,24,980.0
1999,6,17,18,0,0,0,0,0,0,0,3,24,92.78,0,0.135,0.30000000000000004,5.886,106.10000000000001,100.0,24,980.0
1999,6,17,18,30,0,0,0,0,0,0,7,24,99.65,0,0.135,0.30000000000000004,5.891,106.10000000000001,100.0,24,980.0
1999,6,17,19,0,0,0,0,0,0,0,7,24,106.48,1,0.134,0.4,5.897,112.2,100.0,24,980.0
1999,6,17,19,30,0,0,0,0,0,0,7,23,113.25,0,0.134,0.30000000000000004,5.899,112.2,100.0,24,980.0
1999,6,17,20,0,0,0,0,0,0,0,7,23,119.93,0,0.134,0.30000000000000004,5.901,120.60000000000001,100.0,24,980.0
1999,6,17,20,30,0,0,0,0,0,0,1,23,126.48,0,0.134,0.2,5.9,120.60000000000001,100.0,23,980.0
1999,6,17,21,0,0,0,0,0,0,0,0,23,132.83,0,0.134,0.2,5.899,130.8,100.0,23,980.0
1999,6,17,21,30,0,0,0,0,0,0,0,23,138.89000000000001,0,0.134,0.2,5.884,130.8,100.0,23,980.0
1999,6,17,22,0,0,0,0,0,0,0,0,23,144.48,0,0.134,0.2,5.869,131.70000000000002,100.0,23,980.0
1999,6,17,22,30,0,0,0,0,0,0,7,23,149.36,0,0.134,0.2,5.851,131.70000000000002,100.0,23,980.0
1999,6,17,23,0,0,0,0,0,0,0,7,23,153.13,0,0.134,0.2,5.8340000000000005,126.60000000000001,100.0,23,980.0
1999,6,17,23,30,0,0,0,0,0,0,0,23,155.28,0,0.134,0.2,5.805,126.60000000000001,100.0,23,980.0
1999,6,18,0,0,0,0,0,0,0,0,0,23,155.36,0,0.134,0.2,5.7780000000000005,122.5,100.0,23,980.0
1999,6,18,0,30,0,0,0,0,0,0,0,22,153.36,0,0.134,0.2,5.747,122.5,100.0,23,980.0
1999,6,18,1,0,0,0,0,0,0,0,7,22,149.70000000000002,0,0.134,0.2,5.7170000000000005,116.9,100.0,23,980.0
1999,6,18,1,30,0,0,0,0,0,0,3,22,144.89000000000001,0,0.134,0.2,5.68,116.9,100.0,22,980.0
1999,6,18,2,0,0,0,0,0,0,0,0,22,139.34,0,0.134,0.2,5.6450000000000005,107.0,100.0,22,980.0
1999,6,18,2,30,0,0,0,0,0,0,0,22,133.31,0,0.134,0.2,5.606,107.0,100.0,22,980.0
1999,6,18,3,0,0,0,0,0,0,0,0,22,126.98,0,0.134,0.2,5.5680000000000005,96.10000000000001,100.0,22,980.0
1999,6,18,3,30,0,0,0,0,0,0,0,22,120.44,0,0.134,0.2,5.5200000000000005,96.10000000000001,100.0,22,980.0
1999,6,18,4,0,0,0,0,0,0,0,0,22,113.77,0,0.134,0.30000000000000004,5.472,93.0,100.0,22,980.0
1999,6,18,4,30,0,0,0,0,0,0,0,22,107.0,0,0.134,0.30000000000000004,5.421,93.0,100.0,22,980.0
1999,6,18,5,0,0,0,0,0,0,0,0,22,100.18,0,0.134,0.4,5.371,95.9,100.0,22,980.0
1999,6,18,5,30,0,0,0,0,0,0,0,22,93.31,0,0.134,0.30000000000000004,5.327,95.9,100.0,22,980.0
1999,6,18,6,0,12,0,12,16,313,35,3,22,86.43,4,0.134,0.30000000000000004,5.283,97.2,100.0,22,980.0
1999,6,18,6,30,47,0,47,30,549,130,3,22,79.55,4,0.134,0.1,5.252,97.2,100.0,22,980.0
1999,6,18,7,0,87,0,87,39,676,240,3,23,72.7,0,0.134,0.0,5.221,84.5,100.0,23,980.0
1999,6,18,7,30,125,0,125,45,754,353,3,23,65.89,0,0.134,0.0,5.214,84.5,100.0,23,980.0
1999,6,18,8,0,206,55,235,48,808,463,3,24,59.15,0,0.134,0.0,5.207,61.300000000000004,100.0,24,980.0
1999,6,18,8,30,272,139,357,51,845,566,3,24,52.53,0,0.134,0.0,5.223,61.300000000000004,100.0,24,980.0
1999,6,18,9,0,298,316,517,53,872,658,8,24,46.08,0,0.134,0.0,5.24,44.5,94.34,25,980.0
1999,6,18,9,30,356,251,548,55,892,740,4,24,39.9,0,0.134,0.0,5.276,44.5,94.32000000000001,25,980.0
1999,6,18,10,0,365,352,658,57,906,807,8,23,34.13,0,0.134,0.0,5.312,35.9,85.07000000000001,26,980.0
1999,6,18,10,30,406,313,680,58,916,859,7,23,29.04,0,0.134,0.0,5.348,35.9,85.05,26,980.0
1999,6,18,11,0,388,393,745,60,922,895,8,22,25.04,0,0.134,0.0,5.385,31.3,78.57000000000001,27,980.0
1999,6,18,11,30,60,925,914,60,925,914,1,22,22.740000000000002,0,0.134,0.0,5.412,31.3,78.53,27,980.0
1999,6,18,12,0,416,358,747,61,924,915,7,22,22.64,0,0.134,0.0,5.44,25.3,78.2,27,980.0
1999,6,18,12,30,446,238,662,61,921,898,7,22,24.77,0,0.134,0.0,5.46,25.3,78.15,27,980.0
1999,6,18,13,0,405,324,690,61,914,864,7,22,28.650000000000002,0,0.134,0.0,5.48,22.200000000000003,78.46000000000001,27,980.0
1999,6,18,13,30,364,364,668,60,904,813,8,22,33.67,0,0.134,0.0,5.497,22.200000000000003,78.42,27,980.0
1999,6,18,14,0,335,348,604,59,890,747,7,23,39.39,0,0.134,0.0,5.514,16.1,79.13,27,980.0
1999,6,18,14,30,297,336,532,56,870,666,7,23,45.550000000000004,0,0.134,0.0,5.525,16.1,79.10000000000001,27,980.0
1999,6,18,15,0,218,451,496,53,845,573,8,23,51.980000000000004,0,0.134,0.0,5.5360000000000005,2.6,81.71000000000001,27,980.0
1999,6,18,15,30,210,285,359,50,809,471,8,23,58.59,0,0.134,0.0,5.545,2.6,86.65,27,980.0
1999,6,18,16,0,169,181,244,45,758,362,7,24,65.32000000000001,0,0.134,0.0,5.556,335.70000000000005,89.48,27,980.0
1999,6,18,16,30,109,256,188,39,683,249,8,24,72.12,0,0.134,0.0,5.561,335.70000000000005,89.49,26,980.0
1999,6,18,17,0,59,238,104,31,562,138,7,24,78.97,4,0.134,0.0,5.566,320.70000000000005,90.51,26,980.0
1999,6,18,17,30,22,135,32,17,339,42,7,24,85.85000000000001,4,0.134,0.0,5.574,320.70000000000005,96.05,25,980.0
1999,6,18,18,0,0,0,0,0,0,0,7,24,92.73,0,0.134,0.1,5.583,319.3,95.54,25,980.0
1999,6,18,18,30,0,0,0,0,0,0,0,24,99.59,0,0.134,0.1,5.593,319.3,100.0,24,980.0
1999,6,18,19,0,0,0,0,0,0,0,0,23,106.43,1,0.134,0.1,5.603,321.90000000000003,99.4,24,980.0
1999,6,18,19,30,0,0,0,0,0,0,0,23,113.2,0,0.134,0.1,5.611,321.90000000000003,100.0,24,980.0
1999,6,18,20,0,0,0,0,0,0,0,1,23,119.88,0,0.134,0.1,5.619,327.70000000000005,100.0,24,980.0
1999,6,18,20,30,0,0,0,0,0,0,1,23,126.43,0,0.134,0.1,5.63,327.70000000000005,100.0,23,980.0
1999,6,18,21,0,0,0,0,0,0,0,7,23,132.78,0,0.134,0.1,5.641,332.70000000000005,100.0,23,980.0
1999,6,18,21,30,0,0,0,0,0,0,7,23,138.83,0,0.134,0.1,5.652,332.70000000000005,100.0,23,980.0
1999,6,18,22,0,0,0,0,0,0,0,7,23,144.43,0,0.134,0.1,5.664,335.90000000000003,100.0,23,980.0
1999,6,18,22,30,0,0,0,0,0,0,7,23,149.32,0,0.134,0.0,5.673,335.90000000000003,100.0,23,980.0
1999,6,18,23,0,0,0,0,0,0,0,8,23,153.09,0,0.134,0.0,5.682,337.8,100.0,23,980.0
1999,6,18,23,30,0,0,0,0,0,0,6,22,155.25,0,0.134,0.0,5.687,337.8,100.0,23,980.0
1999,6,19,0,0,0,0,0,0,0,0,6,22,155.35,0,0.134,0.0,5.692,342.1,100.0,23,980.0
1999,6,19,0,30,0,0,0,0,0,0,7,22,153.37,0,0.134,0.0,5.691,342.1,100.0,22,980.0
1999,6,19,1,0,0,0,0,0,0,0,8,22,149.72,0,0.134,0.0,5.69,345.0,100.0,22,980.0
1999,6,19,1,30,0,0,0,0,0,0,6,22,144.91,0,0.134,0.0,5.689,345.0,100.0,22,980.0
1999,6,19,2,0,0,0,0,0,0,0,6,22,139.37,0,0.134,0.0,5.689,347.0,100.0,22,980.0
1999,6,19,2,30,0,0,0,0,0,0,6,22,133.35,0,0.134,0.0,5.683,347.0,100.0,22,980.0
1999,6,19,3,0,0,0,0,0,0,0,8,22,127.02,0,0.134,0.0,5.678,347.6,100.0,22,980.0
1999,6,19,3,30,0,0,0,0,0,0,8,22,120.49000000000001,0,0.134,0.0,5.668,347.6,100.0,22,980.0
1999,6,19,4,0,0,0,0,0,0,0,4,22,113.82000000000001,0,0.134,0.0,5.658,348.8,100.0,22,980.0
1999,6,19,4,30,0,0,0,0,0,0,7,22,107.05,0,0.134,0.0,5.644,348.8,100.0,22,980.0
1999,6,19,5,0,0,0,0,0,0,0,3,22,100.22,0,0.134,0.0,5.631,350.20000000000005,100.0,22,980.0
1999,6,19,5,30,0,0,0,0,0,0,3,22,93.36,0,0.134,0.0,5.612,350.20000000000005,100.0,22,980.0
1999,6,19,6,0,4,0,4,16,296,35,3,22,86.48,4,0.134,0.0,5.594,351.90000000000003,100.0,22,980.0
1999,6,19,6,30,17,0,17,32,536,129,3,22,79.60000000000001,0,0.134,0.0,5.574,351.90000000000003,100.0,22,980.0
1999,6,19,7,0,102,12,106,42,665,239,3,22,72.75,0,0.134,0.0,5.554,356.5,97.89,23,980.0
1999,6,19,7,30,164,86,199,49,744,353,3,22,65.94,0,0.134,0.0,5.538,356.5,97.9,23,980.0
1999,6,19,8,0,218,114,277,55,797,463,3,22,59.21,0,0.134,0.0,5.523,4.6000000000000005,93.01,24,980.0
1999,6,19,8,30,59,835,566,59,835,566,1,22,52.58,0,0.134,0.0,5.5120000000000005,4.6000000000000005,93.0,24,980.0
1999,6,19,9,0,319,123,405,64,861,660,3,23,46.13,0,0.134,0.0,5.502,14.0,89.37,25,980.0
1999,6,19,9,30,264,18,278,66,881,742,4,23,39.95,0,0.134,0.0,5.5,14.0,89.35000000000001,25,980.0
1999,6,19,10,0,401,139,517,69,895,810,3,23,34.18,0,0.134,0.0,5.5,21.900000000000002,85.55,26,980.0
1999,6,19,10,30,424,238,633,71,906,863,3,23,29.09,0,0.134,0.0,5.508,21.900000000000002,85.51,26,980.0
1999,6,19,11,0,393,293,659,72,913,899,7,23,25.080000000000002,4,0.134,0.0,5.517,27.3,81.18,27,980.0
1999,6,19,11,30,72,916,917,72,916,917,0,23,22.76,0,0.134,0.0,5.531,27.3,81.14,27,980.0
1999,6,19,12,0,434,320,729,71,917,918,7,23,22.650000000000002,0,0.134,0.0,5.545,32.7,81.38,27,980.0
1999,6,19,12,30,248,12,260,70,914,901,4,23,24.77,0,0.134,0.0,5.569,32.7,81.34,27,980.0
1999,6,19,13,0,252,13,263,69,908,866,7,23,28.63,0,0.134,0.0,5.593,40.1,81.59,28,980.0
1999,6,19,13,30,132,0,132,67,898,815,6,23,33.64,0,0.134,0.0,5.617,40.1,81.56,27,980.0
1999,6,19,14,0,212,9,219,66,883,749,6,23,39.36,0,0.134,0.0,5.641,45.5,82.06,27,980.0
1999,6,19,14,30,215,10,223,63,864,669,6,23,45.51,0,0.134,0.0,5.667,45.5,82.04,27,980.0
1999,6,19,15,0,225,22,239,60,837,576,6,24,51.94,0,0.134,0.0,5.694,68.4,84.62,27,980.0
1999,6,19,15,30,117,0,117,56,800,473,6,24,58.54,0,0.134,0.0,5.731,68.4,89.75,27,980.0
1999,6,19,16,0,122,0,122,51,746,364,6,24,65.27,0,0.134,0.0,5.7700000000000005,94.10000000000001,92.49,27,980.0
1999,6,19,16,30,115,50,130,44,669,250,6,24,72.07000000000001,0,0.134,0.0,5.809,94.10000000000001,92.52,26,980.0
1999,6,19,17,0,66,34,72,35,542,139,6,25,78.92,4,0.134,0.1,5.849,68.3,95.43,26,980.0
1999,6,19,17,30,22,0,22,19,316,42,7,25,85.8,4,0.134,0.1,5.877,68.3,100.0,25,980.0
1999,6,19,18,0,0,0,0,0,0,0,7,24,92.68,0,0.134,0.2,5.906,62.0,98.79,25,980.0
1999,6,19,18,30,0,0,0,0,0,0,7,24,99.54,0,0.134,0.2,5.926,62.0,100.0,25,980.0
1999,6,19,19,0,0,0,0,0,0,0,7,24,106.37,1,0.134,0.2,5.947,58.900000000000006,100.0,25,980.0
1999,6,19,19,30,0,0,0,0,0,0,8,24,113.15,0,0.134,0.2,5.962,58.900000000000006,100.0,24,980.0
1999,6,19,20,0,0,0,0,0,0,0,7,24,119.83,0,0.134,0.2,5.977,56.800000000000004,100.0,24,980.0
1999,6,19,20,30,0,0,0,0,0,0,1,24,126.38000000000001,0,0.134,0.1,5.985,56.800000000000004,100.0,24,980.0
1999,6,19,21,0,0,0,0,0,0,0,0,24,132.73,0,0.134,0.1,5.994,48.800000000000004,100.0,24,980.0
1999,6,19,21,30,0,0,0,0,0,0,7,24,138.78,0,0.134,0.1,5.992,48.800000000000004,100.0,24,980.0
1999,6,19,22,0,0,0,0,0,0,0,7,24,144.38,0,0.134,0.1,5.99,36.6,100.0,24,980.0
1999,6,19,22,30,0,0,0,0,0,0,0,23,149.27,0,0.134,0.1,5.968,36.6,100.0,24,980.0
1999,6,19,23,0,0,0,0,0,0,0,7,23,153.06,0,0.134,0.1,5.947,37.7,100.0,24,980.0
1999,6,19,23,30,0,0,0,0,0,0,7,23,155.22,0,0.134,0.0,5.904,37.7,100.0,23,980.0
1999,6,20,0,0,0,0,0,0,0,0,7,23,155.34,0,0.134,0.0,5.861,63.800000000000004,100.0,23,980.0
1999,6,20,0,30,0,0,0,0,0,0,8,23,153.37,0,0.134,0.0,5.792,63.800000000000004,100.0,23,980.0
1999,6,20,1,0,0,0,0,0,0,0,3,23,149.74,0,0.134,0.0,5.7250000000000005,85.4,100.0,23,980.0
1999,6,20,1,30,0,0,0,0,0,0,7,23,144.94,0,0.134,0.0,5.6450000000000005,85.4,100.0,23,980.0
1999,6,20,2,0,0,0,0,0,0,0,7,23,139.4,0,0.134,0.0,5.565,114.2,100.0,23,980.0
1999,6,20,2,30,0,0,0,0,0,0,8,22,133.39000000000001,0,0.134,0.0,5.485,114.2,100.0,23,980.0
1999,6,20,3,0,0,0,0,0,0,0,3,22,127.06,0,0.134,0.0,5.406,146.3,100.0,23,980.0
1999,6,20,3,30,0,0,0,0,0,0,1,22,120.53,0,0.134,0.0,5.345,146.3,100.0,22,980.0
1999,6,20,4,0,0,0,0,0,0,0,0,22,113.86,0,0.134,0.0,5.285,163.9,100.0,22,980.0
1999,6,20,4,30,0,0,0,0,0,0,0,22,107.10000000000001,0,0.134,0.0,5.256,163.9,100.0,22,980.0
1999,6,20,5,0,0,0,0,0,0,0,7,22,100.27,0,0.134,0.0,5.228,164.10000000000002,100.0,22,980.0
1999,6,20,5,30,0,0,0,0,0,0,1,22,93.41,0,0.134,0.0,5.237,164.10000000000002,100.0,22,980.0
1999,6,20,6,0,17,279,34,17,279,34,0,22,86.53,0,0.134,0.0,5.246,158.8,100.0,22,980.0
1999,6,20,6,30,34,524,128,34,524,128,0,22,79.66,0,0.134,0.0,5.267,158.8,100.0,22,980.0
1999,6,20,7,0,45,656,239,45,656,239,0,23,72.8,0,0.134,0.0,5.289,152.20000000000002,100.0,23,980.0
1999,6,20,7,30,140,13,146,53,737,353,3,23,65.99,0,0.134,0.0,5.308,152.20000000000002,100.0,23,980.0
1999,6,20,8,0,181,20,191,58,792,463,8,23,59.26,4,0.134,0.0,5.327,142.9,100.0,24,980.0
1999,6,20,8,30,251,254,405,62,831,567,7,23,52.63,4,0.134,0.0,5.333,142.9,100.0,24,980.0
1999,6,20,9,0,315,227,472,65,860,661,3,24,46.18,0,0.134,0.0,5.339,128.4,100.0,24,980.0
1999,6,20,9,30,365,167,493,68,880,743,3,24,40.0,0,0.134,0.0,5.352,128.4,100.0,24,980.0
1999,6,20,10,0,399,209,573,71,895,811,3,24,34.230000000000004,0,0.134,0.0,5.365,126.2,100.0,24,980.0
1999,6,20,10,30,72,905,863,72,905,863,0,24,29.13,0,0.134,0.0,5.4,126.2,100.0,24,980.0
1999,6,20,11,0,443,243,663,74,911,899,3,23,25.12,0,0.134,0.0,5.436,129.70000000000002,92.91,25,980.0
1999,6,20,11,30,463,174,623,74,914,918,7,23,22.78,0,0.134,0.0,5.472,129.70000000000002,92.88,25,980.0
1999,6,20,12,0,348,25,371,73,915,918,4,23,22.650000000000002,0,0.134,0.0,5.509,135.9,85.41,26,980.0
1999,6,20,12,30,418,63,475,73,912,902,8,23,24.76,0,0.134,0.0,5.526,135.9,85.38,26,980.0
1999,6,20,13,0,293,17,308,72,906,867,6,23,28.61,0,0.134,0.0,5.543,143.9,84.05,26,980.0
1999,6,20,13,30,247,12,257,70,896,817,6,23,33.61,0,0.134,0.0,5.54,143.9,84.03,26,980.0
1999,6,20,14,0,170,4,173,68,882,750,6,23,39.32,0,0.134,0.0,5.538,154.4,84.32000000000001,26,980.0
1999,6,20,14,30,127,0,127,65,862,670,6,23,45.47,0,0.134,0.0,5.5200000000000005,154.4,84.3,26,980.0
1999,6,20,15,0,219,19,231,61,836,577,6,23,51.89,0,0.134,0.0,5.503,163.9,85.73,26,980.0
1999,6,20,15,30,171,9,176,57,799,475,6,23,58.5,0,0.134,0.0,5.478,163.9,90.95,25,980.0
1999,6,20,16,0,171,157,237,52,748,365,6,23,65.22,0,0.134,0.0,5.454,160.70000000000002,92.91,25,980.0
1999,6,20,16,30,117,173,170,45,671,252,6,23,72.03,0,0.134,0.0,5.433,160.70000000000002,98.63,25,980.0
1999,6,20,17,0,66,151,95,35,546,141,6,24,78.87,4,0.134,0.1,5.414,168.0,100.0,25,980.0
1999,6,20,17,30,24,73,29,19,321,43,6,24,85.75,4,0.134,0.2,5.405,168.0,100.0,24,980.0
1999,6,20,18,0,0,0,0,0,0,0,6,23,92.63,0,0.134,0.30000000000000004,5.397,185.10000000000002,99.0,24,980.0
1999,6,20,18,30,0,0,0,0,0,0,6,23,99.49000000000001,0,0.134,0.30000000000000004,5.397,185.10000000000002,100.0,23,980.0
1999,6,20,19,0,0,0,0,0,0,0,6,23,106.32000000000001,1,0.134,0.4,5.398,193.60000000000002,100.0,23,980.0
1999,6,20,19,30,0,0,0,0,0,0,7,23,113.10000000000001,0,0.134,0.4,5.407,193.60000000000002,100.0,23,980.0
1999,6,20,20,0,0,0,0,0,0,0,8,23,119.78,0,0.134,0.4,5.418,199.8,100.0,23,980.0
1999,6,20,20,30,0,0,0,0,0,0,8,22,126.33,0,0.134,0.30000000000000004,5.424,199.8,100.0,22,980.0
1999,6,20,21,0,0,0,0,0,0,0,7,22,132.68,0,0.134,0.2,5.431,206.4,100.0,22,980.0
1999,6,20,21,30,0,0,0,0,0,0,7,22,138.74,0,0.134,0.1,5.42,206.4,100.0,22,980.0
1999,6,20,22,0,0,0,0,0,0,0,7,22,144.34,0,0.134,0.1,5.409,213.3,100.0,22,980.0
1999,6,20,22,30,0,0,0,0,0,0,3,22,149.23,0,0.134,0.1,5.369,213.3,100.0,22,980.0
1999,6,20,23,0,0,0,0,0,0,0,0,22,153.03,0,0.134,0.1,5.33,220.5,100.0,22,980.0
1999,6,20,23,30,0,0,0,0,0,0,0,22,155.21,0,0.134,0.1,5.274,220.5,100.0,22,980.0
1999,6,21,0,0,0,0,0,0,0,0,0,22,155.34,0,0.134,0.1,5.219,226.5,100.0,22,980.0
1999,6,21,0,30,0,0,0,0,0,0,0,22,153.39000000000001,0,0.134,0.0,5.1610000000000005,226.5,100.0,22,980.0
1999,6,21,1,0,0,0,0,0,0,0,1,22,149.76,0,0.134,0.0,5.104,229.0,100.0,22,980.0
1999,6,21,1,30,0,0,0,0,0,0,1,21,144.97,0,0.134,0.0,5.051,229.0,100.0,22,980.0
1999,6,21,2,0,0,0,0,0,0,0,3,21,139.44,0,0.134,0.0,4.998,225.60000000000002,100.0,22,980.0
1999,6,21,2,30,0,0,0,0,0,0,3,21,133.43,0,0.134,0.0,4.961,225.60000000000002,100.0,22,980.0
1999,6,21,3,0,0,0,0,0,0,0,4,21,127.11,0,0.134,0.0,4.925,222.3,100.0,22,980.0
1999,6,21,3,30,0,0,0,0,0,0,4,21,120.58,0,0.134,0.0,4.907,222.3,100.0,21,980.0
1999,6,21,4,0,0,0,0,0,0,0,8,21,113.91,0,0.134,0.0,4.891,225.8,100.0,21,980.0
1999,6,21,4,30,0,0,0,0,0,0,7,21,107.15,0,0.134,0.0,4.89,225.8,100.0,21,980.0
1999,6,21,5,0,0,0,0,0,0,0,7,21,100.32000000000001,0,0.134,0.1,4.889,235.4,100.0,21,980.0
1999,6,21,5,30,0,0,0,0,0,0,8,21,93.46000000000001,0,0.134,0.0,4.897,235.4,100.0,21,980.0
1999,6,21,6,0,16,293,34,16,293,34,8,21,86.58,4,0.134,0.0,4.905,242.3,100.0,22,990.0
1999,6,21,6,30,33,536,128,33,536,128,8,22,79.71000000000001,4,0.134,0.0,4.921,242.3,100.0,22,990.0
1999,6,21,7,0,42,668,239,42,668,239,0,23,72.85000000000001,0,0.134,0.0,4.937,232.0,100.0,23,990.0
1999,6,21,7,30,49,748,353,49,748,353,7,23,66.04,4,0.134,0.0,4.96,232.0,100.0,23,990.0
1999,6,21,8,0,212,75,250,54,801,463,3,23,59.31,0,0.134,0.0,4.984,216.4,97.16,24,990.0
1999,6,21,8,30,271,164,370,58,839,567,7,23,52.68,0,0.134,0.0,5.011,216.4,97.15,24,990.0
1999,6,21,9,0,320,168,436,61,866,661,7,23,46.230000000000004,0,0.134,0.0,5.039,202.5,91.98,25,990.0
1999,6,21,9,30,363,130,463,64,886,743,8,23,40.04,0,0.134,0.0,5.079,202.5,91.96000000000001,25,990.0
1999,6,21,10,0,396,111,488,65,901,810,8,23,34.27,0,0.134,0.0,5.12,187.70000000000002,85.75,26,990.0
1999,6,21,10,30,336,27,359,67,911,863,8,23,29.16,0,0.134,0.0,5.173,187.70000000000002,85.73,26,980.0
1999,6,21,11,0,406,54,455,67,918,899,8,23,25.14,0,0.134,0.0,5.226,179.0,85.01,27,980.0
1999,6,21,11,30,462,184,632,67,921,917,8,23,22.8,0,0.134,0.0,5.279,179.0,84.98,27,980.0
1999,6,21,12,0,430,334,739,67,921,918,7,23,22.650000000000002,0,0.134,0.0,5.332,174.8,80.49,27,980.0
1999,6,21,12,30,454,163,602,66,918,901,2,23,24.740000000000002,0,0.134,0.0,5.38,174.8,80.45,27,980.0
1999,6,21,13,0,65,912,866,65,912,866,0,23,28.580000000000002,0,0.134,0.0,5.429,156.60000000000002,82.42,27,980.0
1999,6,21,13,30,64,902,816,64,902,816,0,23,33.57,0,0.134,0.0,5.455,156.60000000000002,87.37,27,980.0
1999,6,21,14,0,289,24,308,62,887,749,2,24,39.28,0,0.134,0.0,5.4830000000000005,140.5,90.89,27,980.0
1999,6,21,14,30,60,868,669,60,868,669,0,24,45.42,0,0.134,0.0,5.484,140.5,90.87,26,980.0
1999,6,21,15,0,249,44,276,57,842,577,4,24,51.85,0,0.134,0.1,5.485,164.10000000000002,92.43,26,980.0
1999,6,21,15,30,116,0,116,53,806,475,3,24,58.45,0,0.134,0.1,5.469,164.10000000000002,98.06,25,980.0
1999,6,21,16,0,151,334,291,48,756,365,8,24,65.18,0,0.134,0.1,5.454,172.10000000000002,97.48,25,980.0
1999,6,21,16,30,25,0,25,41,681,252,6,24,71.98,0,0.134,0.1,5.445,172.10000000000002,100.0,25,980.0
1999,6,21,17,0,14,0,14,32,560,141,6,24,78.83,4,0.134,0.2,5.437,160.9,100.0,25,980.0
1999,6,21,17,30,4,0,4,18,339,44,6,24,85.7,4,0.134,0.2,5.436,160.9,100.0,24,980.0
1999,6,21,18,0,0,0,0,0,0,0,6,23,92.58,0,0.134,0.30000000000000004,5.436,154.3,97.52,24,980.0
1999,6,21,18,30,0,0,0,0,0,0,6,23,99.44,0,0.134,0.30000000000000004,5.45,154.3,97.56,24,980.0
1999,6,21,19,0,0,0,0,0,0,0,6,23,106.27,1,0.134,0.30000000000000004,5.465,152.1,96.56,24,980.0
1999,6,21,19,30,0,0,0,0,0,0,6,23,113.05,0,0.134,0.30000000000000004,5.477,152.1,96.59,24,980.0
1999,6,21,20,0,0,0,0,0,0,0,6,23,119.73,0,0.134,0.30000000000000004,5.49,156.60000000000002,95.98,24,980.0
1999,6,21,20,30,0,0,0,0,0,0,6,23,126.28,0,0.134,0.30000000000000004,5.503,156.60000000000002,95.99000000000001,24,980.0
1999,6,21,21,0,0,0,0,0,0,0,6,23,132.63,0,0.134,0.30000000000000004,5.516,177.8,95.28,24,980.0
1999,6,21,21,30,0,0,0,0,0,0,6,23,138.69,0,0.134,0.30000000000000004,5.527,177.8,100.0,23,980.0
1999,6,21,22,0,0,0,0,0,0,0,7,23,144.3,0,0.134,0.30000000000000004,5.538,208.5,100.0,23,980.0
1999,6,21,22,30,0,0,0,0,0,0,7,23,149.20000000000002,0,0.134,0.30000000000000004,5.5440000000000005,208.5,100.0,23,980.0
1999,6,21,23,0,0,0,0,0,0,0,7,22,153.01,0,0.134,0.4,5.55,231.70000000000002,99.78,23,980.0
1999,6,21,23,30,0,0,0,0,0,0,0,22,155.20000000000002,0,0.134,0.4,5.548,231.70000000000002,100.0,22,980.0
1999,6,22,0,0,0,0,0,0,0,0,0,22,155.34,0,0.134,0.4,5.548,245.5,100.0,22,980.0
1999,6,22,0,30,0,0,0,0,0,0,1,22,153.41,0,0.134,0.30000000000000004,5.54,245.5,100.0,22,980.0
1999,6,22,1,0,0,0,0,0,0,0,0,22,149.79,0,0.134,0.2,5.532,249.70000000000002,100.0,22,980.0
1999,6,22,1,30,0,0,0,0,0,0,0,22,145.01,0,0.134,0.1,5.521,249.70000000000002,100.0,22,980.0
1999,6,22,2,0,0,0,0,0,0,0,3,22,139.48,0,0.134,0.0,5.51,247.5,100.0,22,980.0
1999,6,22,2,30,0,0,0,0,0,0,1,22,133.47,0,0.134,0.0,5.502,247.5,100.0,22,980.0
1999,6,22,3,0,0,0,0,0,0,0,7,22,127.15,0,0.134,0.0,5.495,243.4,100.0,22,980.0
1999,6,22,3,30,0,0,0,0,0,0,7,21,120.62,0,0.134,0.0,5.489,243.4,100.0,22,980.0
1999,6,22,4,0,0,0,0,0,0,0,7,21,113.96000000000001,0,0.134,0.0,5.4830000000000005,244.3,100.0,22,980.0
1999,6,22,4,30,0,0,0,0,0,0,7,21,107.19,0,0.134,0.0,5.469,244.3,100.0,21,980.0
1999,6,22,5,0,0,0,0,0,0,0,7,21,100.37,0,0.134,0.0,5.456,247.10000000000002,100.0,21,980.0
1999,6,22,5,30,0,0,0,0,0,0,8,21,93.51,0,0.134,0.0,5.44,247.10000000000002,100.0,21,980.0
1999,6,22,6,0,17,188,28,16,296,33,7,22,86.63,4,0.134,0.0,5.424,243.10000000000002,100.0,22,980.0
1999,6,22,6,30,53,318,109,31,538,127,8,22,79.75,0,0.134,0.0,5.416,243.10000000000002,100.0,22,980.0
1999,6,22,7,0,110,163,158,39,669,236,7,23,72.9,0,0.134,0.0,5.408,234.5,100.0,23,990.0
1999,6,22,7,30,147,24,156,45,749,349,7,23,66.09,0,0.134,0.0,5.401,234.5,100.0,23,990.0
1999,6,22,8,0,210,70,246,49,803,458,3,23,59.35,0,0.134,0.0,5.394,229.8,100.0,24,990.0
1999,6,22,8,30,256,65,296,52,841,562,3,23,52.730000000000004,0,0.134,0.0,5.3870000000000005,229.8,100.0,24,990.0
1999,6,22,9,0,293,76,345,54,869,655,7,24,46.28,4,0.134,0.0,5.38,231.4,100.0,24,990.0
1999,6,22,9,30,57,889,737,57,889,737,0,24,40.09,0,0.134,0.0,5.371,231.4,100.0,24,990.0
1999,6,22,10,0,393,102,478,58,904,805,3,24,34.31,0,0.134,0.0,5.363,232.10000000000002,94.77,25,990.0
1999,6,22,10,30,59,914,858,59,914,858,1,24,29.2,0,0.134,0.0,5.353,232.10000000000002,94.74,25,980.0
1999,6,22,11,0,60,921,894,60,921,894,1,23,25.17,0,0.134,0.0,5.344,231.8,88.12,26,980.0
1999,6,22,11,30,61,924,913,61,924,913,0,23,22.8,0,0.134,0.0,5.343,231.8,88.08,26,980.0
1999,6,22,12,0,420,57,474,61,924,915,3,23,22.64,0,0.134,0.0,5.3420000000000005,225.20000000000002,88.01,27,980.0
1999,6,22,12,30,61,921,898,61,921,898,1,23,24.71,0,0.134,0.0,5.349,225.20000000000002,87.96000000000001,27,980.0
1999,6,22,13,0,149,3,152,61,915,865,4,24,28.54,0,0.134,0.0,5.357,216.20000000000002,84.23,27,980.0
1999,6,22,13,30,224,10,232,59,905,814,6,24,33.53,0,0.134,0.0,5.37,216.20000000000002,89.29,27,980.0
1999,6,22,14,0,35,0,35,59,890,749,6,24,39.230000000000004,0,0.134,0.0,5.384,217.3,92.86,27,980.0
1999,6,22,14,30,188,6,193,56,871,669,6,24,45.38,0,0.134,0.0,5.388,217.3,92.85000000000001,26,980.0
1999,6,22,15,0,63,0,63,54,845,577,6,25,51.800000000000004,0,0.134,0.0,5.392,212.0,95.0,26,980.0
1999,6,22,15,30,76,0,76,51,809,475,6,25,58.4,0,0.134,0.0,5.391,212.0,95.0,26,980.0
1999,6,22,16,0,145,13,151,46,758,365,6,25,65.13,0,0.134,0.0,5.39,209.8,95.69,26,980.0
1999,6,22,16,30,119,110,153,41,683,253,6,25,71.93,0,0.134,0.0,5.385,209.8,100.0,25,980.0
1999,6,22,17,0,67,95,86,32,563,142,7,25,78.78,4,0.134,0.1,5.38,211.60000000000002,100.0,25,980.0
1999,6,22,17,30,24,35,27,18,343,44,7,24,85.65,4,0.134,0.2,5.37,211.60000000000002,100.0,25,980.0
1999,6,22,18,0,0,0,0,0,0,0,7,24,92.53,0,0.134,0.30000000000000004,5.361,207.70000000000002,100.0,25,980.0
1999,6,22,18,30,0,0,0,0,0,0,7,24,99.39,0,0.134,0.30000000000000004,5.361,207.70000000000002,100.0,24,980.0
1999,6,22,19,0,0,0,0,0,0,0,7,24,106.23,1,0.134,0.4,5.361,199.9,100.0,24,980.0
1999,6,22,19,30,0,0,0,0,0,0,1,24,113.0,0,0.134,0.4,5.373,199.9,100.0,24,980.0
1999,6,22,20,0,0,0,0,0,0,0,7,24,119.68,0,0.134,0.4,5.386,196.9,100.0,24,980.0
1999,6,22,20,30,0,0,0,0,0,0,0,23,126.23,0,0.134,0.4,5.4030000000000005,196.9,100.0,24,980.0
1999,6,22,21,0,0,0,0,0,0,0,0,23,132.59,0,0.134,0.4,5.421,198.70000000000002,100.0,24,980.0
1999,6,22,21,30,0,0,0,0,0,0,0,23,138.65,0,0.134,0.30000000000000004,5.439,198.70000000000002,100.0,23,980.0
1999,6,22,22,0,0,0,0,0,0,0,0,23,144.26,0,0.134,0.30000000000000004,5.458,203.4,100.0,23,980.0
1999,6,22,22,30,0,0,0,0,0,0,0,23,149.17000000000002,0,0.134,0.30000000000000004,5.47,203.4,100.0,23,980.0
1999,6,22,23,0,0,0,0,0,0,0,0,23,152.99,0,0.134,0.30000000000000004,5.4830000000000005,207.10000000000002,100.0,23,980.0
1999,6,22,23,30,0,0,0,0,0,0,0,22,155.20000000000002,0,0.134,0.2,5.487,207.10000000000002,100.0,23,980.0
1999,6,23,0,0,0,0,0,0,0,0,1,22,155.36,0,0.134,0.1,5.4910000000000005,210.70000000000002,100.0,23,980.0
1999,6,23,0,30,0,0,0,0,0,0,0,22,153.43,0,0.134,0.0,5.485,210.70000000000002,100.0,23,980.0
1999,6,23,1,0,0,0,0,0,0,0,0,22,149.83,0,0.134,0.0,5.48,212.20000000000002,100.0,23,980.0
1999,6,23,1,30,0,0,0,0,0,0,0,22,145.05,0,0.134,0.0,5.482,212.20000000000002,100.0,23,980.0
1999,6,23,2,0,0,0,0,0,0,0,3,22,139.53,0,0.134,0.0,5.485,213.9,100.0,23,980.0
1999,6,23,2,30,0,0,0,0,0,0,1,22,133.52,0,0.134,0.0,5.4990000000000006,213.9,100.0,22,980.0
1999,6,23,3,0,0,0,0,0,0,0,3,22,127.2,0,0.134,0.0,5.513,210.70000000000002,100.0,22,980.0
1999,6,23,3,30,0,0,0,0,0,0,7,22,120.67,0,0.134,0.0,5.5360000000000005,210.70000000000002,100.0,22,980.0
1999,6,23,4,0,0,0,0,0,0,0,7,22,114.01,0,0.134,0.0,5.5600000000000005,210.60000000000002,100.0,22,980.0
1999,6,23,4,30,0,0,0,0,0,0,7,22,107.24000000000001,0,0.134,0.0,5.6000000000000005,210.60000000000002,100.0,22,980.0
1999,6,23,5,0,0,0,0,0,0,0,7,22,100.42,0,0.134,0.0,5.64,211.20000000000002,100.0,22,980.0
1999,6,23,5,30,0,0,0,0,0,0,7,22,93.56,0,0.134,0.0,5.699,211.20000000000002,100.0,22,980.0
1999,6,23,6,0,13,0,13,16,273,32,7,22,86.68,4,0.134,0.0,5.758,209.70000000000002,100.0,22,980.0
1999,6,23,6,30,52,0,52,34,519,126,8,22,79.8,4,0.134,0.0,5.814,209.70000000000002,100.0,22,980.0
1999,6,23,7,0,97,2,98,44,653,236,4,23,72.95,0,0.134,0.0,5.87,201.3,100.0,23,990.0
1999,6,23,7,30,164,134,218,51,735,349,8,23,66.14,0,0.134,0.0,5.899,201.3,100.0,23,990.0
1999,6,23,8,0,176,14,183,56,790,459,4,23,59.4,0,0.134,0.0,5.929,194.8,100.0,23,990.0
1999,6,23,8,30,233,32,253,61,828,562,4,23,52.78,0,0.134,0.0,5.926,194.8,100.0,23,990.0
1999,6,23,9,0,315,106,388,64,857,656,7,24,46.32,0,0.134,0.0,5.923,209.20000000000002,100.0,24,990.0
1999,6,23,9,30,346,76,404,66,878,738,7,24,40.13,0,0.134,0.0,5.891,209.20000000000002,100.0,24,990.0
1999,6,23,10,0,381,76,444,68,893,806,7,24,34.34,0,0.134,0.0,5.859,229.0,100.0,24,990.0
1999,6,23,10,30,415,89,493,70,904,859,7,24,29.22,0,0.134,0.0,5.805,229.0,100.0,24,990.0
1999,6,23,11,0,425,73,491,71,911,896,7,24,25.18,0,0.134,0.0,5.751,258.0,100.0,24,990.0
1999,6,23,11,30,439,78,511,71,915,915,4,24,22.8,0,0.134,0.0,5.686,258.0,100.0,24,980.0
1999,6,23,12,0,413,52,461,72,915,917,4,24,22.62,0,0.134,0.0,5.622,286.2,100.0,25,980.0
1999,6,23,12,30,444,105,540,72,913,901,8,24,24.68,0,0.134,0.0,5.554,286.2,100.0,25,980.0
1999,6,23,13,0,434,184,597,71,907,868,8,23,28.5,0,0.134,0.0,5.486,297.3,99.97,25,980.0
1999,6,23,13,30,375,224,562,70,897,818,8,23,33.49,4,0.134,0.0,5.434,297.3,99.93,25,980.0
1999,6,23,14,0,166,693,703,68,882,752,8,23,39.18,4,0.134,0.0,5.383,301.5,99.03,25,980.0
1999,6,23,14,30,201,607,628,66,862,672,8,23,45.33,0,0.134,0.0,5.3580000000000005,301.5,99.01,24,980.0
1999,6,23,15,0,62,836,580,62,836,580,0,23,51.75,0,0.134,0.0,5.3340000000000005,303.1,99.06,24,980.0
1999,6,23,15,30,58,799,478,58,799,478,0,23,58.35,0,0.134,0.0,5.3260000000000005,303.1,99.06,24,980.0
1999,6,23,16,0,52,748,368,52,748,368,0,23,65.08,0,0.134,0.0,5.3180000000000005,307.5,99.74000000000001,24,980.0
1999,6,23,16,30,45,672,255,45,672,255,0,23,71.88,0,0.134,0.0,5.315,307.5,99.75,24,980.0
1999,6,23,17,0,35,550,143,35,550,143,0,23,78.73,0,0.134,0.1,5.313,261.8,99.97,24,980.0
1999,6,23,17,30,20,328,45,20,328,45,0,23,85.60000000000001,0,0.134,0.1,5.3020000000000005,261.8,100.0,23,980.0
1999,6,23,18,0,0,0,0,0,0,0,0,23,92.48,0,0.134,0.2,5.292,266.5,100.0,23,980.0
1999,6,23,18,30,0,0,0,0,0,0,0,23,99.35000000000001,0,0.134,0.2,5.288,266.5,100.0,23,980.0
1999,6,23,19,0,0,0,0,0,0,0,0,23,106.18,1,0.134,0.30000000000000004,5.284,278.0,100.0,23,980.0
1999,6,23,19,30,0,0,0,0,0,0,3,22,112.95,0,0.134,0.30000000000000004,5.266,278.0,100.0,23,980.0
1999,6,23,20,0,0,0,0,0,0,0,3,22,119.64,0,0.134,0.30000000000000004,5.248,291.90000000000003,100.0,23,980.0
1999,6,23,20,30,0,0,0,0,0,0,7,22,126.19,0,0.134,0.30000000000000004,5.205,291.90000000000003,100.0,22,980.0
1999,6,23,21,0,0,0,0,0,0,0,7,22,132.55,0,0.134,0.30000000000000004,5.162,299.0,100.0,22,990.0
1999,6,23,21,30,0,0,0,0,0,0,7,22,138.62,0,0.134,0.30000000000000004,5.105,299.0,100.0,22,990.0
1999,6,23,22,0,0,0,0,0,0,0,7,22,144.23,0,0.134,0.30000000000000004,5.049,301.5,100.0,22,990.0
1999,6,23,22,30,0,0,0,0,0,0,7,21,149.15,0,0.134,0.2,4.996,301.5,100.0,21,990.0
1999,6,23,23,0,0,0,0,0,0,0,7,21,152.98,0,0.134,0.1,4.944,303.1,100.0,21,980.0
1999,6,23,23,30,0,0,0,0,0,0,7,21,155.20000000000002,0,0.134,0.0,4.898,303.1,100.0,21,980.0
1999,6,24,0,0,0,0,0,0,0,0,7,21,155.38,0,0.134,0.0,4.853,305.2,100.0,21,980.0
1999,6,24,0,30,0,0,0,0,0,0,7,21,153.47,0,0.134,0.0,4.819,305.2,100.0,21,980.0
1999,6,24,1,0,0,0,0,0,0,0,7,21,149.87,0,0.134,0.0,4.7860000000000005,306.0,100.0,21,980.0
1999,6,24,1,30,0,0,0,0,0,0,7,21,145.1,0,0.134,0.0,4.765,306.0,100.0,21,980.0
1999,6,24,2,0,0,0,0,0,0,0,7,21,139.58,0,0.134,0.0,4.745,305.5,100.0,21,980.0
1999,6,24,2,30,0,0,0,0,0,0,7,20,133.57,0,0.134,0.0,4.734,305.5,100.0,21,980.0
1999,6,24,3,0,0,0,0,0,0,0,7,20,127.25,0,0.134,0.1,4.724,302.5,100.0,21,980.0
1999,6,24,3,30,0,0,0,0,0,0,8,20,120.73,0,0.134,0.1,4.721,302.5,100.0,20,980.0
1999,6,24,4,0,0,0,0,0,0,0,7,20,114.06,0,0.134,0.2,4.718,302.0,100.0,20,980.0
1999,6,24,4,30,0,0,0,0,0,0,7,20,107.3,0,0.134,0.2,4.722,302.0,100.0,20,980.0
1999,6,24,5,0,0,0,0,0,0,0,7,20,100.47,0,0.134,0.30000000000000004,4.727,305.8,100.0,20,990.0
1999,6,24,5,30,0,0,0,0,0,0,7,20,93.61,0,0.134,0.2,4.738,305.8,100.0,20,990.0
1999,6,24,6,0,13,0,13,17,265,32,7,21,86.73,4,0.134,0.1,4.749,313.90000000000003,100.0,21,990.0
1999,6,24,6,30,54,0,54,35,516,126,3,21,79.85000000000001,0,0.134,0.0,4.767,313.90000000000003,100.0,21,990.0
1999,6,24,7,0,59,0,59,47,650,237,4,22,73.0,0,0.134,0.0,4.7860000000000005,339.0,100.0,22,990.0
1999,6,24,7,30,53,0,53,54,733,351,4,22,66.18,0,0.134,0.0,4.8020000000000005,339.0,100.0,22,990.0
1999,6,24,8,0,69,0,69,60,791,462,7,23,59.45,4,0.134,0.0,4.8180000000000005,349.20000000000005,100.0,23,990.0
1999,6,24,8,30,259,102,322,64,830,566,7,23,52.82,4,0.134,0.0,4.827,349.20000000000005,100.0,23,990.0
1999,6,24,9,0,311,93,375,67,860,661,3,23,46.36,0,0.134,0.0,4.837,347.6,98.77,24,990.0
1999,6,24,9,30,362,137,468,69,881,743,8,23,40.160000000000004,0,0.134,0.0,4.844,347.6,98.76,24,990.0
1999,6,24,10,0,401,164,536,71,897,812,7,23,34.37,0,0.134,0.0,4.852,4.5,92.35000000000001,25,990.0
1999,6,24,10,30,426,219,617,73,908,865,7,23,29.240000000000002,0,0.134,0.0,4.86,4.5,92.32000000000001,25,990.0
1999,6,24,11,0,416,63,473,73,915,902,6,23,25.19,0,0.134,0.0,4.869,25.700000000000003,90.66,25,990.0
1999,6,24,11,30,418,57,471,74,919,921,6,23,22.8,0,0.134,0.0,4.875,25.700000000000003,90.62,25,990.0
1999,6,24,12,0,443,84,521,74,919,923,8,22,22.6,0,0.134,0.0,4.881,35.800000000000004,88.29,25,990.0
1999,6,24,12,30,418,62,475,73,916,906,6,22,24.650000000000002,0,0.134,0.0,4.889,35.800000000000004,88.25,25,990.0
1999,6,24,13,0,417,84,491,72,910,873,8,22,28.46,0,0.134,0.0,4.897,41.0,86.09,26,980.0
1999,6,24,13,30,401,114,497,71,900,822,8,22,33.44,0,0.134,0.0,4.91,41.0,86.06,25,980.0
1999,6,24,14,0,370,155,491,69,885,756,8,22,39.13,0,0.134,0.0,4.924,46.800000000000004,86.21000000000001,25,980.0
1999,6,24,14,30,326,192,461,66,865,675,7,22,45.27,0,0.134,0.0,4.936,46.800000000000004,86.2,25,980.0
1999,6,24,15,0,278,146,369,63,838,582,7,22,51.7,0,0.134,0.0,4.949,48.6,88.55,25,980.0
1999,6,24,15,30,225,186,323,58,801,480,8,22,58.300000000000004,0,0.134,0.0,4.952,48.6,93.99,24,980.0
1999,6,24,16,0,163,258,272,53,750,370,8,23,65.02,0,0.134,0.0,4.956,42.800000000000004,97.65,24,980.0
1999,6,24,16,30,111,255,191,46,673,256,7,23,71.83,0,0.134,0.0,4.954,42.800000000000004,97.66,24,980.0
1999,6,24,17,0,63,225,108,36,551,144,8,23,78.68,4,0.134,0.1,4.952,21.8,98.95,24,980.0
1999,6,24,17,30,24,127,34,20,329,46,8,23,85.55,4,0.134,0.1,4.942,21.8,100.0,23,980.0
1999,6,24,18,0,0,0,0,0,0,0,7,23,92.43,0,0.134,0.2,4.932,9.5,100.0,23,980.0
1999,6,24,18,30,0,0,0,0,0,0,8,22,99.3,0,0.134,0.1,4.922,9.5,100.0,22,990.0
1999,6,24,19,0,0,0,0,0,0,0,8,22,106.13,1,0.134,0.1,4.912,5.5,100.0,22,990.0
1999,6,24,19,30,0,0,0,0,0,0,4,22,112.91,0,0.134,0.0,4.907,5.5,100.0,22,990.0
1999,6,24,20,0,0,0,0,0,0,0,7,22,119.60000000000001,0,0.134,0.0,4.902,3.0,100.0,22,990.0
1999,6,24,20,30,0,0,0,0,0,0,7,22,126.15,0,0.134,0.0,4.898,3.0,100.0,22,990.0
1999,6,24,21,0,0,0,0,0,0,0,7,22,132.51,0,0.134,0.0,4.894,358.90000000000003,100.0,22,990.0
1999,6,24,21,30,0,0,0,0,0,0,7,21,138.59,0,0.134,0.0,4.888,358.90000000000003,100.0,22,990.0
1999,6,24,22,0,0,0,0,0,0,0,7,21,144.21,0,0.134,0.0,4.882,352.8,100.0,22,990.0
1999,6,24,22,30,0,0,0,0,0,0,0,21,149.13,0,0.134,0.0,4.87,352.8,100.0,21,990.0
1999,6,24,23,0,0,0,0,0,0,0,0,21,152.97,0,0.134,0.0,4.859,346.70000000000005,100.0,21,990.0
1999,6,24,23,30,0,0,0,0,0,0,0,21,155.21,0,0.134,0.0,4.843,346.70000000000005,100.0,21,990.0
1999,6,25,0,0,0,0,0,0,0,0,0,21,155.4,0,0.134,0.0,4.827,342.5,100.0,21,980.0
1999,6,25,0,30,0,0,0,0,0,0,0,21,153.51,0,0.134,0.0,4.8100000000000005,342.5,100.0,21,980.0
1999,6,25,1,0,0,0,0,0,0,0,0,21,149.91,0,0.134,0.0,4.793,342.70000000000005,100.0,21,980.0
1999,6,25,1,30,0,0,0,0,0,0,0,20,145.15,0,0.134,0.0,4.774,342.70000000000005,100.0,21,980.0
1999,6,25,2,0,0,0,0,0,0,0,0,20,139.63,0,0.134,0.0,4.755,343.20000000000005,100.0,21,980.0
1999,6,25,2,30,0,0,0,0,0,0,0,20,133.62,0,0.134,0.0,4.735,343.20000000000005,100.0,20,980.0
1999,6,25,3,0,0,0,0,0,0,0,7,20,127.31,0,0.134,0.1,4.716,343.3,100.0,20,980.0
1999,6,25,3,30,0,0,0,0,0,0,8,20,120.78,0,0.134,0.1,4.698,343.3,100.0,20,980.0
1999,6,25,4,0,0,0,0,0,0,0,8,20,114.11,0,0.134,0.2,4.68,343.90000000000003,100.0,20,980.0
1999,6,25,4,30,0,0,0,0,0,0,3,20,107.35000000000001,0,0.134,0.2,4.664,343.90000000000003,100.0,20,980.0
1999,6,25,5,0,0,0,0,0,0,0,3,20,100.52,0,0.134,0.2,4.649,345.90000000000003,100.0,20,980.0
1999,6,25,5,30,0,0,0,0,0,0,7,20,93.66,0,0.134,0.1,4.639,345.90000000000003,100.0,20,990.0
1999,6,25,6,0,16,283,32,16,283,32,7,20,86.78,4,0.134,0.1,4.63,349.3,100.0,21,990.0
1999,6,25,6,30,32,533,126,32,533,126,0,21,79.9,0,0.134,0.0,4.634,349.3,100.0,21,990.0
1999,6,25,7,0,42,667,236,42,667,236,0,22,73.04,0,0.134,0.0,4.639,1.3,100.0,22,990.0
1999,6,25,7,30,49,748,350,49,748,350,1,22,66.23,0,0.134,0.0,4.666,1.3,100.0,22,990.0
1999,6,25,8,0,53,803,461,53,803,461,0,23,59.49,0,0.134,0.0,4.6930000000000005,358.3,100.0,23,990.0
1999,6,25,8,30,142,651,536,57,841,565,8,23,52.86,0,0.134,0.0,4.734,358.3,100.0,24,990.0
1999,6,25,9,0,264,421,555,60,868,659,7,23,46.39,0,0.134,0.0,4.776,359.90000000000003,94.82000000000001,25,990.0
1999,6,25,9,30,63,888,741,63,888,741,0,23,40.19,0,0.134,0.0,4.822,359.90000000000003,89.32000000000001,25,990.0
1999,6,25,10,0,373,322,638,65,902,810,8,22,34.4,0,0.134,0.0,4.868,4.5,81.03,26,990.0
1999,6,25,10,30,67,912,863,67,912,863,0,22,29.26,0,0.134,0.0,4.918,4.5,81.01,26,990.0
1999,6,25,11,0,368,446,772,69,918,900,3,22,25.2,0,0.134,0.0,4.969,6.1000000000000005,75.76,27,990.0
1999,6,25,11,30,70,921,919,70,921,919,1,22,22.78,0,0.134,0.0,5.018,6.1000000000000005,75.72,27,990.0
1999,6,25,12,0,394,400,764,71,920,921,8,22,22.57,0,0.134,0.0,5.067,7.1000000000000005,76.01,27,990.0
1999,6,25,12,30,71,917,904,71,917,904,0,22,24.6,0,0.134,0.0,5.106,7.1000000000000005,75.97,27,980.0
1999,6,25,13,0,70,910,871,70,910,871,0,22,28.41,0,0.134,0.0,5.146,9.700000000000001,76.07000000000001,27,980.0
1999,6,25,13,30,370,349,662,68,900,820,7,22,33.38,0,0.134,0.0,5.176,9.700000000000001,76.04,27,980.0
1999,6,25,14,0,66,886,754,66,886,754,1,22,39.08,0,0.134,0.0,5.207,5.9,76.68,27,980.0
1999,6,25,14,30,63,866,674,63,866,674,0,22,45.22,0,0.134,0.0,5.228,5.9,76.66,27,980.0
1999,6,25,15,0,60,840,581,60,840,581,0,22,51.64,0,0.134,0.0,5.249,8.8,78.52,27,980.0
1999,6,25,15,30,56,804,479,56,804,479,0,22,58.25,0,0.134,0.0,5.257,8.8,83.26,26,980.0
1999,6,25,16,0,51,753,369,51,753,369,0,23,64.97,0,0.134,0.0,5.266,5.1000000000000005,86.13,26,980.0
1999,6,25,16,30,44,677,256,44,677,256,0,23,71.77,0,0.134,0.0,5.269,5.1000000000000005,91.39,25,980.0
1999,6,25,17,0,35,556,145,35,556,145,0,24,78.63,0,0.134,0.1,5.272,0.6000000000000001,94.27,25,980.0
1999,6,25,17,30,20,336,46,20,336,46,0,24,85.5,0,0.134,0.1,5.272,0.6000000000000001,100.0,24,980.0
1999,6,25,18,0,0,0,0,0,0,0,0,23,92.38,0,0.134,0.2,5.272,351.40000000000003,97.06,24,980.0
1999,6,25,18,30,0,0,0,0,0,0,0,23,99.25,0,0.134,0.2,5.277,351.40000000000003,97.10000000000001,24,980.0
1999,6,25,19,0,0,0,0,0,0,0,0,23,106.09,1,0.134,0.30000000000000004,5.282,355.5,96.14,24,980.0
1999,6,25,19,30,0,0,0,0,0,0,0,23,112.87,0,0.134,0.30000000000000004,5.285,355.5,100.0,23,980.0
1999,6,25,20,0,0,0,0,0,0,0,0,23,119.56,0,0.134,0.4,5.288,1.6,100.0,23,990.0
1999,6,25,20,30,0,0,0,0,0,0,0,23,126.12,0,0.134,0.4,5.2860000000000005,1.6,100.0,23,990.0
1999,6,25,21,0,0,0,0,0,0,0,0,22,132.48,0,0.134,0.4,5.284,3.6,99.74000000000001,23,990.0
1999,6,25,21,30,0,0,0,0,0,0,0,22,138.56,0,0.134,0.4,5.2780000000000005,3.6,100.0,23,990.0
1999,6,25,22,0,0,0,0,0,0,0,0,22,144.19,0,0.134,0.4,5.272,2.7,100.0,23,990.0
1999,6,25,22,30,0,0,0,0,0,0,0,22,149.12,0,0.134,0.4,5.264,2.7,100.0,22,990.0
1999,6,25,23,0,0,0,0,0,0,0,0,22,152.97,0,0.134,0.4,5.256,2.8000000000000003,100.0,22,990.0
1999,6,25,23,30,0,0,0,0,0,0,8,22,155.23,0,0.134,0.30000000000000004,5.2410000000000005,2.8000000000000003,100.0,22,990.0
1999,6,26,0,0,0,0,0,0,0,0,7,22,155.43,0,0.134,0.30000000000000004,5.227,5.1000000000000005,100.0,22,980.0
1999,6,26,0,30,0,0,0,0,0,0,7,21,153.55,0,0.134,0.30000000000000004,5.211,5.1000000000000005,100.0,22,980.0
1999,6,26,1,0,0,0,0,0,0,0,7,21,149.97,0,0.134,0.4,5.196,10.100000000000001,100.0,22,980.0
1999,6,26,1,30,0,0,0,0,0,0,7,21,145.20000000000002,0,0.134,0.4,5.182,10.100000000000001,100.0,22,980.0
1999,6,26,2,0,0,0,0,0,0,0,7,21,139.68,0,0.134,0.4,5.1690000000000005,19.5,100.0,22,980.0
1999,6,26,2,30,0,0,0,0,0,0,4,21,133.68,0,0.134,0.4,5.16,19.5,100.0,21,980.0
1999,6,26,3,0,0,0,0,0,0,0,4,21,127.36,0,0.134,0.4,5.151,32.0,100.0,21,980.0
1999,6,26,3,30,0,0,0,0,0,0,3,21,120.83,0,0.134,0.4,5.151,32.0,100.0,21,980.0
1999,6,26,4,0,0,0,0,0,0,0,3,21,114.16,0,0.134,0.4,5.1530000000000005,44.400000000000006,100.0,21,980.0
1999,6,26,4,30,0,0,0,0,0,0,3,21,107.4,0,0.134,0.30000000000000004,5.16,44.400000000000006,100.0,21,980.0
1999,6,26,5,0,0,0,0,0,0,0,3,21,100.57000000000001,0,0.134,0.30000000000000004,5.168,54.5,100.0,21,980.0
1999,6,26,5,30,0,0,0,0,0,0,3,21,93.71000000000001,0,0.134,0.2,5.18,54.5,100.0,21,990.0
1999,6,26,6,0,2,0,2,16,256,31,7,21,86.82000000000001,4,0.134,0.1,5.1930000000000005,61.400000000000006,100.0,21,990.0
1999,6,26,6,30,8,0,8,35,508,124,4,22,79.95,0,0.134,0.0,5.212,61.400000000000006,100.0,22,990.0
1999,6,26,7,0,23,0,23,46,645,234,4,22,73.09,0,0.134,0.0,5.2330000000000005,82.60000000000001,97.99000000000001,23,990.0
1999,6,26,7,30,55,0,55,54,729,348,4,22,66.27,0,0.134,0.0,5.255,82.60000000000001,98.02,23,990.0
1999,6,26,8,0,101,0,101,59,786,458,4,23,59.53,0,0.134,0.0,5.2780000000000005,85.0,94.49,24,990.0
1999,6,26,8,30,165,2,167,64,826,562,4,23,52.89,0,0.134,0.0,5.3,85.0,94.49,24,990.0
1999,6,26,9,0,274,36,300,67,855,657,4,23,46.43,0,0.134,0.0,5.322,87.7,94.89,25,990.0
1999,6,26,9,30,350,263,552,70,877,739,3,23,40.22,0,0.134,0.0,5.33,87.7,94.87,25,990.0
1999,6,26,10,0,71,893,808,71,893,808,0,23,34.42,0,0.134,0.0,5.339,89.60000000000001,89.75,25,990.0
1999,6,26,10,30,73,904,862,73,904,862,0,23,29.27,0,0.134,0.0,5.344,89.60000000000001,89.72,25,990.0
1999,6,26,11,0,73,912,898,73,912,898,0,23,25.19,0,0.134,0.0,5.349,90.4,84.41,26,990.0
1999,6,26,11,30,73,915,918,73,915,918,0,23,22.76,0,0.134,0.0,5.355,90.4,84.36,26,990.0
1999,6,26,12,0,72,917,919,72,917,919,0,23,22.53,0,0.134,0.0,5.362,94.80000000000001,84.03,26,980.0
1999,6,26,12,30,71,914,903,71,914,903,0,23,24.55,0,0.134,0.0,5.363,94.80000000000001,83.98,26,980.0
1999,6,26,13,0,69,909,869,69,909,869,0,23,28.35,0,0.134,0.0,5.365,102.7,84.32000000000001,26,980.0
1999,6,26,13,30,67,900,819,67,900,819,0,23,33.33,0,0.134,0.0,5.356,102.7,84.3,26,980.0
1999,6,26,14,0,64,887,753,64,887,753,0,23,39.02,0,0.134,0.0,5.348,110.80000000000001,85.10000000000001,26,980.0
1999,6,26,14,30,62,867,674,62,867,674,0,23,45.160000000000004,0,0.134,0.0,5.329,110.80000000000001,90.27,26,980.0
1999,6,26,15,0,58,843,581,58,843,581,0,23,51.59,0,0.134,0.0,5.311,119.7,91.18,26,980.0
1999,6,26,15,30,215,272,358,54,807,479,8,23,58.19,0,0.134,0.0,5.2860000000000005,119.7,91.18,25,980.0
1999,6,26,16,0,153,290,276,48,758,370,8,23,64.92,4,0.134,0.0,5.261,128.20000000000002,93.23,25,980.0
1999,6,26,16,30,120,80,145,42,684,257,3,23,71.72,0,0.134,0.0,5.236,128.20000000000002,98.97,24,980.0
1999,6,26,17,0,33,565,145,33,565,145,0,24,78.58,0,0.134,0.0,5.212,141.9,100.0,24,980.0
1999,6,26,17,30,19,349,47,19,349,47,7,23,85.45,4,0.134,0.0,5.189,141.9,100.0,23,980.0
1999,6,26,18,0,0,0,0,0,0,0,7,23,92.34,0,0.134,0.1,5.167,142.70000000000002,100.0,23,980.0
1999,6,26,18,30,0,0,0,0,0,0,3,22,99.21000000000001,0,0.134,0.1,5.151,142.70000000000002,100.0,23,980.0
1999,6,26,19,0,0,0,0,0,0,0,3,22,106.05,1,0.134,0.1,5.1370000000000005,144.4,100.0,23,980.0
1999,6,26,19,30,0,0,0,0,0,0,7,22,112.83,0,0.134,0.1,5.127,144.4,100.0,22,980.0
1999,6,26,20,0,0,0,0,0,0,0,7,22,119.52,0,0.134,0.2,5.117,141.4,100.0,22,990.0
1999,6,26,20,30,0,0,0,0,0,0,7,22,126.08,0,0.134,0.2,5.114,141.4,100.0,22,990.0
1999,6,26,21,0,0,0,0,0,0,0,7,22,132.45,0,0.134,0.30000000000000004,5.111,137.3,100.0,22,990.0
1999,6,26,21,30,0,0,0,0,0,0,7,22,138.53,0,0.134,0.30000000000000004,5.106,137.3,100.0,22,990.0
1999,6,26,22,0,0,0,0,0,0,0,6,22,144.17000000000002,0,0.134,0.30000000000000004,5.103,135.5,100.0,22,990.0
1999,6,26,22,30,0,0,0,0,0,0,6,22,149.12,0,0.134,0.30000000000000004,5.098,135.5,100.0,22,990.0
1999,6,26,23,0,0,0,0,0,0,0,6,22,152.98,0,0.134,0.4,5.094,134.4,100.0,22,990.0
1999,6,26,23,30,0,0,0,0,0,0,7,21,155.25,0,0.134,0.30000000000000004,5.088,134.4,100.0,22,990.0
1999,6,27,0,0,0,0,0,0,0,0,6,21,155.47,0,0.134,0.30000000000000004,5.083,130.6,100.0,22,980.0
1999,6,27,0,30,0,0,0,0,0,0,6,21,153.6,0,0.134,0.30000000000000004,5.0760000000000005,130.6,100.0,21,980.0
1999,6,27,1,0,0,0,0,0,0,0,6,21,150.02,0,0.134,0.30000000000000004,5.07,123.80000000000001,100.0,21,980.0
1999,6,27,1,30,0,0,0,0,0,0,6,21,145.26,0,0.134,0.30000000000000004,5.066,123.80000000000001,100.0,21,980.0
1999,6,27,2,0,0,0,0,0,0,0,6,21,139.74,0,0.134,0.30000000000000004,5.062,112.2,100.0,21,980.0
1999,6,27,2,30,0,0,0,0,0,0,8,21,133.74,0,0.134,0.30000000000000004,5.059,112.2,100.0,21,980.0
1999,6,27,3,0,0,0,0,0,0,0,8,21,127.42,0,0.134,0.30000000000000004,5.057,97.2,100.0,21,980.0
1999,6,27,3,30,0,0,0,0,0,0,4,21,120.89,0,0.134,0.2,5.054,97.2,100.0,21,980.0
1999,6,27,4,0,0,0,0,0,0,0,8,21,114.22,0,0.134,0.2,5.051,81.30000000000001,100.0,21,980.0
1999,6,27,4,30,0,0,0,0,0,0,4,20,107.45,0,0.134,0.2,5.045,81.30000000000001,100.0,21,980.0
1999,6,27,5,0,0,0,0,0,0,0,4,20,100.62,0,0.134,0.2,5.039,68.0,100.0,21,990.0
1999,6,27,5,30,0,0,0,0,0,0,4,20,93.76,0,0.134,0.1,5.031,68.0,100.0,21,990.0
1999,6,27,6,0,12,0,12,16,258,30,7,21,86.87,4,0.134,0.1,5.023,58.400000000000006,100.0,21,990.0
1999,6,27,6,30,48,0,48,34,511,123,8,21,79.99,0,0.134,0.0,5.018,58.400000000000006,100.0,21,990.0
1999,6,27,7,0,17,0,17,46,645,234,7,21,73.13,0,0.134,0.0,5.013,21.900000000000002,100.0,22,990.0
1999,6,27,7,30,83,0,83,54,729,348,8,21,66.31,0,0.134,0.0,5.01,21.900000000000002,100.0,22,990.0
1999,6,27,8,0,174,14,182,61,785,459,8,22,59.57,0,0.134,0.0,5.007,354.40000000000003,100.0,22,990.0
1999,6,27,8,30,146,0,146,66,825,563,4,22,52.93,0,0.134,0.0,5.006,354.40000000000003,100.0,22,990.0
1999,6,27,9,0,183,5,186,70,854,658,4,22,46.46,0,0.134,0.0,5.006,31.700000000000003,95.16,23,990.0
1999,6,27,9,30,279,22,296,73,875,741,4,22,40.24,0,0.134,0.0,5.008,31.700000000000003,95.14,23,990.0
1999,6,27,10,0,237,11,246,75,891,810,4,21,34.44,0,0.134,0.0,5.011,144.4,86.53,24,990.0
1999,6,27,10,30,314,21,333,77,902,864,4,21,29.28,0,0.134,0.0,5.0120000000000005,144.4,86.5,24,990.0
1999,6,27,11,0,451,154,590,78,909,901,3,21,25.18,0,0.134,0.0,5.014,205.0,79.29,25,990.0
1999,6,27,11,30,443,284,706,79,912,921,7,21,22.740000000000002,0,0.134,0.0,5.016,205.0,79.25,25,990.0
1999,6,27,12,0,447,274,701,79,912,923,8,21,22.490000000000002,0,0.134,0.0,5.018,224.3,79.18,25,990.0
1999,6,27,12,30,453,191,628,79,909,907,7,21,24.5,0,0.134,0.0,5.021,224.3,79.14,25,980.0
1999,6,27,13,0,427,242,641,79,902,873,7,21,28.3,0,0.134,0.0,5.025,232.9,75.31,26,980.0
1999,6,27,13,30,374,349,666,77,892,823,7,21,33.27,0,0.134,0.0,5.026,232.9,75.28,26,980.0
1999,6,27,14,0,332,365,616,75,876,757,7,21,38.96,0,0.134,0.0,5.027,238.8,76.19,26,980.0
1999,6,27,14,30,328,162,443,72,856,677,7,21,45.1,0,0.134,0.0,5.023,238.8,76.17,26,980.0
1999,6,27,15,0,259,309,452,68,830,584,8,21,51.53,0,0.134,0.0,5.019,230.60000000000002,77.75,26,980.0
1999,6,27,15,30,210,304,370,63,792,481,7,21,58.14,0,0.134,0.0,5.009,230.60000000000002,82.48,26,980.0
1999,6,27,16,0,169,217,261,56,743,372,7,22,64.86,0,0.134,0.0,5.0,230.10000000000002,86.31,26,980.0
1999,6,27,16,30,114,32,124,49,666,258,7,22,71.67,0,0.134,0.0,4.9910000000000005,230.10000000000002,91.62,25,980.0
1999,6,27,17,0,67,16,70,37,546,146,7,22,78.53,4,0.134,0.1,4.9830000000000005,266.8,90.94,25,980.0
1999,6,27,17,30,22,0,22,21,325,47,8,22,85.4,4,0.134,0.2,4.987,266.8,90.96000000000001,24,980.0
1999,6,27,18,0,0,0,0,0,0,0,7,22,92.29,0,0.134,0.30000000000000004,4.992,287.7,91.28,24,980.0
1999,6,27,18,30,0,0,0,0,0,0,3,22,99.16,0,0.134,0.30000000000000004,5.016,287.7,96.96000000000001,23,980.0
1999,6,27,19,0,0,0,0,0,0,0,3,21,106.0,1,0.134,0.4,5.04,297.90000000000003,93.35000000000001,23,980.0
1999,6,27,19,30,0,0,0,0,0,0,8,21,112.79,0,0.134,0.4,5.069,297.90000000000003,93.37,23,980.0
1999,6,27,20,0,0,0,0,0,0,0,7,21,119.48,0,0.134,0.5,5.098,304.3,93.04,23,980.0
1999,6,27,20,30,0,0,0,0,0,0,8,21,126.05,0,0.134,0.5,5.124,304.3,98.86,22,980.0
1999,6,27,21,0,0,0,0,0,0,0,8,21,132.43,0,0.134,0.5,5.15,307.70000000000005,98.62,22,990.0
1999,6,27,21,30,0,0,0,0,0,0,1,21,138.51,0,0.134,0.4,5.163,307.70000000000005,100.0,22,990.0
1999,6,27,22,0,0,0,0,0,0,0,7,21,144.16,0,0.134,0.4,5.1770000000000005,310.20000000000005,100.0,22,990.0
1999,6,27,22,30,0,0,0,0,0,0,3,21,149.12,0,0.134,0.30000000000000004,5.178,310.20000000000005,100.0,21,980.0
1999,6,27,23,0,0,0,0,0,0,0,4,21,153.0,0,0.134,0.30000000000000004,5.179,311.90000000000003,100.0,21,980.0
1999,6,27,23,30,0,0,0,0,0,0,4,21,155.28,0,0.134,0.2,5.174,311.90000000000003,100.0,21,980.0
1999,6,28,0,0,0,0,0,0,0,0,4,21,155.52,0,0.134,0.2,5.17,311.8,100.0,21,980.0
1999,6,28,0,30,0,0,0,0,0,0,4,20,153.66,0,0.134,0.1,5.167,311.8,100.0,21,980.0
1999,6,28,1,0,0,0,0,0,0,0,4,20,150.08,0,0.134,0.1,5.164,314.20000000000005,100.0,21,980.0
1999,6,28,1,30,0,0,0,0,0,0,4,20,145.33,0,0.134,0.0,5.173,314.20000000000005,100.0,21,980.0
1999,6,28,2,0,0,0,0,0,0,0,4,20,139.8,0,0.134,0.0,5.183,322.5,100.0,21,980.0
1999,6,28,2,30,0,0,0,0,0,0,4,20,133.8,0,0.134,0.0,5.203,322.5,100.0,21,980.0
1999,6,28,3,0,0,0,0,0,0,0,4,20,127.48,0,0.134,0.0,5.224,330.40000000000003,100.0,21,980.0
1999,6,28,3,30,0,0,0,0,0,0,4,20,120.95,0,0.134,0.0,5.238,330.40000000000003,100.0,20,980.0
1999,6,28,4,0,0,0,0,0,0,0,4,20,114.27,0,0.134,0.0,5.252,333.70000000000005,100.0,20,980.0
1999,6,28,4,30,0,0,0,0,0,0,4,20,107.51,0,0.134,0.0,5.26,333.70000000000005,100.0,20,980.0
1999,6,28,5,0,0,0,0,0,0,0,4,20,100.68,0,0.134,0.0,5.268,333.90000000000003,100.0,20,980.0
1999,6,28,5,30,0,0,0,0,0,0,3,20,93.81,0,0.134,0.0,5.277,333.90000000000003,100.0,20,990.0
1999,6,28,6,0,18,17,19,16,238,29,4,21,86.92,4,0.134,0.0,5.287,336.5,100.0,21,990.0
1999,6,28,6,30,60,111,80,36,495,122,3,21,80.04,0,0.134,0.0,5.295,336.5,100.0,21,990.0
1999,6,28,7,0,47,637,232,47,637,232,0,21,73.17,0,0.134,0.0,5.304,344.3,97.34,22,990.0
1999,6,28,7,30,56,723,346,56,723,346,0,21,66.35,0,0.134,0.0,5.307,344.3,91.63,23,990.0
1999,6,28,8,0,61,781,457,61,781,457,0,22,59.6,0,0.134,0.0,5.3100000000000005,348.5,89.04,24,990.0
1999,6,28,8,30,219,427,476,66,822,561,8,22,52.96,0,0.134,0.0,5.3100000000000005,348.5,89.03,24,990.0
1999,6,28,9,0,71,850,656,71,850,656,1,22,46.49,0,0.134,0.0,5.311,355.5,86.24,25,990.0
1999,6,28,9,30,323,367,603,74,871,739,8,22,40.27,0,0.134,0.0,5.313,355.5,86.21000000000001,25,990.0
1999,6,28,10,0,399,198,562,76,887,808,4,22,34.45,0,0.134,0.0,5.316,13.700000000000001,87.91,26,990.0
1999,6,28,10,30,373,384,709,78,898,862,7,22,29.28,0,0.134,0.0,5.32,13.700000000000001,87.88,26,990.0
1999,6,28,11,0,435,277,685,78,906,899,7,23,25.17,0,0.134,0.0,5.324,26.8,83.89,26,980.0
1999,6,28,11,30,439,300,716,79,910,919,7,23,22.71,0,0.134,0.0,5.321,26.8,83.84,26,980.0
1999,6,28,12,0,384,433,785,77,912,921,7,23,22.44,0,0.134,0.0,5.3180000000000005,34.4,84.52,27,980.0
1999,6,28,12,30,284,535,771,77,910,905,7,23,24.44,1,0.134,0.0,5.312,34.4,84.47,27,980.0
1999,6,28,13,0,381,378,715,74,905,872,7,23,28.23,0,0.134,0.0,5.307,42.400000000000006,80.3,27,980.0
1999,6,28,13,30,73,895,822,73,895,822,1,23,33.2,0,0.134,0.0,5.3,42.400000000000006,80.25,27,980.0
1999,6,28,14,0,372,174,508,69,883,756,4,23,38.9,0,0.134,0.0,5.293,53.0,82.22,27,980.0
1999,6,28,14,30,304,59,346,66,863,676,4,23,45.04,0,0.134,0.0,5.288,53.0,87.16,27,980.0
1999,6,28,15,0,255,48,286,62,838,584,4,23,51.47,0,0.134,0.0,5.283,52.0,88.75,27,980.0
1999,6,28,15,30,220,246,350,58,802,482,7,23,58.08,0,0.134,0.0,5.271,52.0,88.75,26,980.0
1999,6,28,16,0,7,0,7,52,752,372,7,24,64.81,0,0.134,0.0,5.259,36.0,89.91,26,980.0
1999,6,28,16,30,12,0,12,45,677,259,4,24,71.62,0,0.134,0.0,5.236,36.0,95.39,26,980.0
1999,6,28,17,0,35,558,147,35,558,147,0,24,78.48,0,0.134,0.1,5.213,43.2,97.03,26,980.0
1999,6,28,17,30,20,341,48,20,341,48,0,24,85.36,0,0.134,0.1,5.186,43.2,97.06,25,980.0
1999,6,28,18,0,0,0,0,0,0,0,1,23,92.25,0,0.134,0.1,5.159,39.2,93.61,25,980.0
1999,6,28,18,30,0,0,0,0,0,0,7,23,99.12,0,0.134,0.1,5.127,39.2,99.4,24,980.0
1999,6,28,19,0,0,0,0,0,0,0,7,23,105.96000000000001,1,0.134,0.1,5.095,44.5,97.62,24,980.0
1999,6,28,19,30,0,0,0,0,0,0,7,23,112.75,0,0.134,0.1,5.062,44.5,97.65,24,980.0
1999,6,28,20,0,0,0,0,0,0,0,7,23,119.45,0,0.134,0.2,5.03,42.6,96.74000000000001,24,980.0
1999,6,28,20,30,0,0,0,0,0,0,7,23,126.02,0,0.134,0.2,4.996,42.6,100.0,23,980.0
1999,6,28,21,0,0,0,0,0,0,0,7,23,132.4,0,0.134,0.30000000000000004,4.963,36.1,100.0,23,980.0
1999,6,28,21,30,0,0,0,0,0,0,7,23,138.5,0,0.134,0.30000000000000004,4.936,36.1,100.0,23,980.0
1999,6,28,22,0,0,0,0,0,0,0,8,23,144.15,0,0.134,0.30000000000000004,4.9110000000000005,28.1,100.0,23,980.0
1999,6,28,22,30,0,0,0,0,0,0,7,22,149.12,0,0.134,0.30000000000000004,4.898,28.1,100.0,23,980.0
1999,6,28,23,0,0,0,0,0,0,0,0,22,153.02,0,0.134,0.4,4.8870000000000005,21.0,100.0,23,980.0
1999,6,28,23,30,0,0,0,0,0,0,0,22,155.32,0,0.134,0.4,4.8790000000000004,21.0,100.0,22,980.0
1999,6,29,0,0,0,0,0,0,0,0,0,22,155.57,0,0.134,0.4,4.871,17.2,100.0,22,980.0
1999,6,29,0,30,0,0,0,0,0,0,0,22,153.72,0,0.134,0.4,4.859,17.2,100.0,22,980.0
1999,6,29,1,0,0,0,0,0,0,0,0,22,150.15,0,0.134,0.4,4.847,13.100000000000001,100.0,22,980.0
1999,6,29,1,30,0,0,0,0,0,0,0,22,145.39000000000001,0,0.134,0.4,4.843,13.100000000000001,100.0,22,980.0
1999,6,29,2,0,0,0,0,0,0,0,0,22,139.87,0,0.134,0.4,4.839,13.3,100.0,22,980.0
1999,6,29,2,30,0,0,0,0,0,0,0,22,133.86,0,0.134,0.4,4.847,13.3,100.0,22,980.0
1999,6,29,3,0,0,0,0,0,0,0,0,22,127.54,0,0.134,0.5,4.856,17.400000000000002,100.0,22,980.0
1999,6,29,3,30,0,0,0,0,0,0,0,21,121.0,0,0.134,0.4,4.871,17.400000000000002,100.0,22,980.0
1999,6,29,4,0,0,0,0,0,0,0,0,21,114.33,0,0.134,0.4,4.8870000000000005,17.6,100.0,22,980.0
1999,6,29,4,30,0,0,0,0,0,0,0,21,107.56,0,0.134,0.30000000000000004,4.9030000000000005,17.6,100.0,21,980.0
1999,6,29,5,0,0,0,0,0,0,0,0,21,100.73,0,0.134,0.30000000000000004,4.9190000000000005,15.4,100.0,21,980.0
1999,6,29,5,30,0,0,0,0,0,0,0,21,93.86,0,0.134,0.2,4.929,15.4,100.0,21,980.0
1999,6,29,6,0,16,255,29,16,255,29,0,21,86.97,0,0.134,0.2,4.94,15.4,100.0,21,980.0
1999,6,29,6,30,34,510,122,34,510,122,0,21,80.08,0,0.134,0.1,4.945,15.4,100.0,21,980.0
1999,6,29,7,0,46,646,233,46,646,233,0,22,73.21000000000001,0,0.134,0.0,4.95,18.900000000000002,100.0,22,980.0
1999,6,29,7,30,54,731,347,54,731,347,0,22,66.39,0,0.134,0.0,4.947,18.900000000000002,100.0,22,980.0
1999,6,29,8,0,59,789,458,59,789,458,0,23,59.64,0,0.134,0.0,4.945,22.900000000000002,100.0,23,980.0
1999,6,29,8,30,64,828,563,64,828,563,0,23,52.99,0,0.134,0.0,4.947,22.900000000000002,100.0,23,980.0
1999,6,29,9,0,65,860,657,65,860,657,0,24,46.51,0,0.134,0.0,4.95,19.700000000000003,100.0,24,980.0
1999,6,29,9,30,68,881,741,68,881,741,0,24,40.28,0,0.134,0.0,4.9670000000000005,19.700000000000003,100.0,24,980.0
1999,6,29,10,0,70,897,810,70,897,810,0,24,34.46,0,0.134,0.0,4.985,15.600000000000001,96.54,25,980.0
1999,6,29,10,30,71,908,863,71,908,863,0,24,29.27,0,0.134,0.0,5.014,15.600000000000001,96.51,25,980.0
1999,6,29,11,0,73,914,900,73,914,900,1,24,25.150000000000002,0,0.134,0.0,5.0440000000000005,22.200000000000003,90.12,26,980.0
1999,6,29,11,30,457,227,667,73,917,920,3,24,22.67,0,0.134,0.0,5.0840000000000005,22.200000000000003,90.08,26,980.0
1999,6,29,12,0,464,168,620,72,918,922,3,24,22.38,0,0.134,0.0,5.125,40.0,88.81,26,980.0
1999,6,29,12,30,72,915,906,72,915,906,0,24,24.37,0,0.134,0.0,5.163,40.0,88.76,26,980.0
1999,6,29,13,0,70,909,872,70,909,872,0,23,28.16,0,0.134,0.0,5.202,64.5,88.24,26,980.0
1999,6,29,13,30,69,899,822,69,899,822,0,23,33.13,0,0.134,0.0,5.2250000000000005,64.5,88.2,26,980.0
1999,6,29,14,0,363,250,558,66,885,757,3,24,38.83,0,0.134,0.0,5.249,84.80000000000001,90.31,26,980.0
1999,6,29,14,30,64,866,677,64,866,677,0,24,44.980000000000004,0,0.134,0.0,5.258,84.80000000000001,90.29,26,980.0
1999,6,29,15,0,60,840,585,60,840,585,0,24,51.410000000000004,0,0.134,0.0,5.267,72.9,92.69,26,980.0
1999,6,29,15,30,213,292,368,56,804,482,3,24,58.02,0,0.134,0.0,5.268,72.9,98.35000000000001,26,980.0
1999,6,29,16,0,173,184,252,51,754,373,3,25,64.76,0,0.134,0.0,5.2700000000000005,69.8,100.0,26,980.0
1999,6,29,16,30,44,680,259,44,680,259,0,25,71.57000000000001,0,0.134,0.0,5.259,69.8,100.0,25,980.0
1999,6,29,17,0,35,561,148,35,561,148,0,24,78.43,0,0.134,0.1,5.248,100.4,99.48,25,980.0
1999,6,29,17,30,20,346,48,20,346,48,0,24,85.31,0,0.134,0.2,5.226,100.4,100.0,25,980.0
1999,6,29,18,0,0,0,0,0,0,0,0,24,92.2,0,0.134,0.30000000000000004,5.205,119.5,100.0,25,980.0
1999,6,29,18,30,0,0,0,0,0,0,0,24,99.08,0,0.134,0.30000000000000004,5.175,119.5,100.0,24,980.0
1999,6,29,19,0,0,0,0,0,0,0,0,23,105.93,1,0.134,0.4,5.1450000000000005,117.7,99.2,24,980.0
1999,6,29,19,30,0,0,0,0,0,0,0,23,112.72,0,0.134,0.4,5.104,117.7,99.22,24,980.0
1999,6,29,20,0,0,0,0,0,0,0,0,23,119.42,0,0.134,0.4,5.064,107.5,98.35000000000001,24,980.0
1999,6,29,20,30,0,0,0,0,0,0,0,23,126.0,0,0.134,0.4,5.019,107.5,100.0,24,980.0
1999,6,29,21,0,0,0,0,0,0,0,0,23,132.38,0,0.134,0.4,4.974,92.4,100.0,24,980.0
1999,6,29,21,30,0,0,0,0,0,0,0,23,138.48,0,0.134,0.4,4.929,92.4,100.0,23,980.0
1999,6,29,22,0,0,0,0,0,0,0,0,23,144.15,0,0.134,0.5,4.885,73.0,100.0,23,980.0
1999,6,29,22,30,0,0,0,0,0,0,0,23,149.13,0,0.134,0.5,4.845,73.0,100.0,23,980.0
1999,6,29,23,0,0,0,0,0,0,0,0,23,153.04,0,0.134,0.5,4.806,55.7,100.0,23,980.0
1999,6,29,23,30,0,0,0,0,0,0,0,22,155.36,0,0.134,0.5,4.773,55.7,100.0,23,980.0
1999,6,30,0,0,0,0,0,0,0,0,0,22,155.63,0,0.134,0.5,4.741,39.6,100.0,23,980.0
1999,6,30,0,30,0,0,0,0,0,0,0,22,153.79,0,0.134,0.5,4.715,39.6,100.0,22,980.0
1999,6,30,1,0,0,0,0,0,0,0,0,22,150.22,0,0.134,0.5,4.689,24.0,100.0,22,980.0
1999,6,30,1,30,0,0,0,0,0,0,0,22,145.46,0,0.134,0.5,4.668,24.0,100.0,22,980.0
1999,6,30,2,0,0,0,0,0,0,0,0,22,139.94,0,0.134,0.5,4.647,15.700000000000001,100.0,22,980.0
1999,6,30,2,30,0,0,0,0,0,0,0,22,133.93,0,0.134,0.5,4.627,15.700000000000001,100.0,22,980.0
1999,6,30,3,0,0,0,0,0,0,0,1,22,127.60000000000001,0,0.134,0.5,4.6080000000000005,10.700000000000001,100.0,22,980.0
1999,6,30,3,30,0,0,0,0,0,0,3,21,121.06,0,0.134,0.5,4.594,10.700000000000001,100.0,22,980.0
1999,6,30,4,0,0,0,0,0,0,0,3,21,114.39,0,0.134,0.6000000000000001,4.581,9.3,100.0,22,980.0
1999,6,30,4,30,0,0,0,0,0,0,3,21,107.61,0,0.134,0.6000000000000001,4.582,9.3,100.0,21,980.0
1999,6,30,5,0,0,0,0,0,0,0,0,21,100.78,0,0.134,0.6000000000000001,4.5840000000000005,9.600000000000001,100.0,21,980.0
1999,6,30,5,30,0,0,0,0,0,0,0,21,93.9,0,0.134,0.5,4.598,9.600000000000001,100.0,21,980.0
1999,6,30,6,0,16,255,29,16,255,29,0,21,87.01,0,0.134,0.4,4.613,10.8,100.0,21,980.0
1999,6,30,6,30,34,512,122,34,512,122,0,21,80.12,0,0.134,0.2,4.638,10.8,100.0,22,980.0
1999,6,30,7,0,46,648,233,46,648,233,0,22,73.25,0,0.134,0.0,4.663,15.9,100.0,23,990.0
1999,6,30,7,30,54,732,347,54,732,347,1,23,66.43,0,0.134,0.0,4.688,15.9,100.0,23,990.0
1999,6,30,8,0,58,792,458,58,792,458,7,24,59.67,4,0.134,0.0,4.714,40.7,100.0,24,990.0
1999,6,30,8,30,63,831,563,63,831,563,0,24,53.02,0,0.134,0.0,4.748,40.7,100.0,24,990.0
1999,6,30,9,0,308,250,481,63,863,658,7,24,46.53,0,0.134,0.0,4.782,46.6,100.0,25,990.0
1999,6,30,9,30,66,884,741,66,884,741,0,24,40.300000000000004,0,0.134,0.0,4.83,46.6,100.0,25,990.0
1999,6,30,10,0,372,323,639,67,900,810,7,24,34.46,0,0.134,0.0,4.88,51.400000000000006,94.3,25,990.0
1999,6,30,10,30,430,173,581,69,910,863,7,24,29.26,0,0.134,0.0,4.928,51.400000000000006,94.27,25,990.0
1999,6,30,11,0,446,118,553,71,916,901,7,23,25.12,0,0.134,0.0,4.976,47.5,85.3,26,990.0
1999,6,30,11,30,304,17,320,72,919,921,6,23,22.62,0,0.134,0.0,5.005,47.5,85.27,26,980.0
1999,6,30,12,0,152,4,155,73,919,923,6,23,22.32,0,0.134,0.0,5.035,45.6,84.71000000000001,26,980.0
1999,6,30,12,30,246,12,257,72,916,907,6,23,24.3,0,0.134,0.0,5.037,45.6,89.84,26,980.0
1999,6,30,13,0,318,21,338,71,910,874,6,23,28.09,0,0.134,0.0,5.04,35.300000000000004,90.95,26,980.0
1999,6,30,13,30,358,45,396,69,900,824,6,23,33.06,0,0.134,0.0,5.022,35.300000000000004,90.92,25,980.0
1999,6,30,14,0,350,69,404,66,888,759,8,23,38.76,0,0.134,0.0,5.005,16.900000000000002,92.78,25,980.0
1999,6,30,14,30,324,228,486,64,868,679,8,23,44.92,0,0.134,0.0,4.981,16.900000000000002,92.77,25,980.0
1999,6,30,15,0,59,844,587,59,844,587,1,24,51.35,0,0.134,0.0,4.957,4.7,94.34,25,980.0
1999,6,30,15,30,218,62,251,55,808,484,4,24,57.96,0,0.134,0.0,4.926,4.7,100.0,24,980.0
1999,6,30,16,0,50,760,374,50,760,374,0,23,64.7,0,0.134,0.0,4.896,358.70000000000005,99.92,24,980.0
1999,6,30,16,30,43,687,261,43,687,261,0,23,71.51,0,0.134,0.0,4.87,358.70000000000005,100.0,23,980.0
1999,6,30,17,0,34,571,149,34,571,149,0,23,78.38,0,0.134,0.0,4.844,354.5,100.0,23,980.0
1999,6,30,17,30,20,358,49,20,358,49,3,22,85.26,4,0.134,0.0,4.83,354.5,100.0,23,980.0
1999,6,30,18,0,0,0,0,0,0,0,3,22,92.16,0,0.134,0.1,4.816,359.20000000000005,100.0,23,980.0
1999,6,30,18,30,0,0,0,0,0,0,7,22,99.04,0,0.134,0.1,4.8180000000000005,359.20000000000005,100.0,22,980.0
1999,6,30,19,0,0,0,0,0,0,0,7,22,105.89,1,0.134,0.1,4.82,1.3,100.0,22,990.0
1999,6,30,19,30,0,0,0,0,0,0,0,22,112.68,0,0.134,0.1,4.833,1.3,100.0,22,990.0
1999,6,30,20,0,0,0,0,0,0,0,0,22,119.39,0,0.134,0.2,4.846,5.300000000000001,100.0,22,990.0
1999,6,30,20,30,0,0,0,0,0,0,0,21,125.97,0,0.134,0.2,4.856,5.300000000000001,100.0,22,990.0
1999,6,30,21,0,0,0,0,0,0,0,3,21,132.37,0,0.134,0.30000000000000004,4.866,0.7000000000000001,100.0,22,990.0
1999,6,30,21,30,0,0,0,0,0,0,7,21,138.48,0,0.134,0.30000000000000004,4.865,0.7000000000000001,100.0,22,990.0
1999,6,30,22,0,0,0,0,0,0,0,1,21,144.15,0,0.134,0.4,4.864,346.8,100.0,22,990.0
1999,6,30,22,30,0,0,0,0,0,0,7,21,149.15,0,0.134,0.4,4.8420000000000005,346.8,100.0,22,990.0
1999,6,30,23,0,0,0,0,0,0,0,7,21,153.07,0,0.134,0.5,4.82,324.8,100.0,22,990.0
1999,6,30,23,30,0,0,0,0,0,0,3,21,155.41,0,0.134,0.5,4.7780000000000005,324.8,100.0,21,990.0
1999,7,1,0,0,0,0,0,0,0,0,7,21,155.70000000000002,0,0.134,0.5,4.736,305.2,100.0,21,990.0
1999,7,1,0,30,0,0,0,0,0,0,7,21,153.86,0,0.134,0.5,4.684,305.2,100.0,21,980.0
1999,7,1,1,0,0,0,0,0,0,0,3,21,150.3,0,0.134,0.5,4.633,297.7,100.0,21,980.0
1999,7,1,1,30,0,0,0,0,0,0,3,20,145.54,0,0.134,0.4,4.589,297.7,100.0,20,980.0
1999,7,1,2,0,0,0,0,0,0,0,3,20,140.01,0,0.134,0.4,4.546,298.6,100.0,20,980.0
1999,7,1,2,30,0,0,0,0,0,0,3,20,133.99,0,0.134,0.30000000000000004,4.518,298.6,100.0,20,980.0
1999,7,1,3,0,0,0,0,0,0,0,4,20,127.66,0,0.134,0.30000000000000004,4.491,302.6,100.0,20,980.0
1999,7,1,3,30,0,0,0,0,0,0,7,19,121.12,0,0.134,0.2,4.483,302.6,100.0,20,980.0
1999,7,1,4,0,0,0,0,0,0,0,7,19,114.44,0,0.134,0.2,4.476,306.7,100.0,20,990.0
1999,7,1,4,30,0,0,0,0,0,0,7,19,107.67,0,0.134,0.2,4.482,306.7,100.0,19,990.0
1999,7,1,5,0,0,0,0,0,0,0,7,19,100.83,0,0.134,0.2,4.488,310.1,100.0,19,990.0
1999,7,1,5,30,0,0,0,0,0,0,7,19,93.95,0,0.134,0.1,4.499,310.1,100.0,19,990.0
1999,7,1,6,0,29,0,29,15,271,29,7,20,87.06,4,0.134,0.1,4.511,311.6,100.0,20,990.0
1999,7,1,6,30,32,527,122,32,527,122,0,21,80.16,0,0.134,0.0,4.534,311.6,100.0,21,990.0
1999,7,1,7,0,41,664,232,41,664,232,0,22,73.29,0,0.134,0.0,4.558,318.0,100.0,22,990.0
1999,7,1,7,30,48,746,346,48,746,346,0,22,66.46000000000001,0,0.134,0.0,4.595,318.0,100.0,22,990.0
1999,7,1,8,0,205,258,335,50,805,456,3,22,59.7,0,0.134,0.0,4.633,323.5,99.93,23,990.0
1999,7,1,8,30,208,16,218,54,842,561,4,22,53.04,0,0.134,0.0,4.6850000000000005,323.5,99.94,24,990.0
1999,7,1,9,0,278,374,536,56,870,655,7,22,46.550000000000004,0,0.134,0.1,4.737,8.700000000000001,92.96000000000001,25,990.0
1999,7,1,9,30,338,310,575,59,891,738,8,22,40.31,0,0.134,0.0,4.773,8.700000000000001,92.95,25,990.0
1999,7,1,10,0,326,432,682,61,905,808,8,20,34.46,0,0.134,0.0,4.809,341.5,76.83,26,990.0
1999,7,1,10,30,399,339,695,63,915,862,7,20,29.25,0,0.134,0.0,4.844,341.5,76.81,26,990.0
1999,7,1,11,0,439,260,675,65,921,900,7,21,25.09,0,0.134,0.0,4.88,315.40000000000003,80.07000000000001,26,990.0
1999,7,1,11,30,450,262,692,66,924,920,7,21,22.57,0,0.134,0.0,4.904,315.40000000000003,80.04,26,990.0
1999,7,1,12,0,401,43,441,67,924,922,8,21,22.25,0,0.134,0.0,4.928,302.5,76.97,26,990.0
1999,7,1,12,30,360,29,387,67,921,907,6,21,24.23,0,0.134,0.0,4.939,302.5,76.93,26,990.0
1999,7,1,13,0,172,6,178,67,914,874,6,21,28.01,0,0.134,0.0,4.95,289.0,78.14,26,990.0
1999,7,1,13,30,400,101,485,65,905,824,7,21,32.99,0,0.134,0.0,4.953,289.0,82.87,26,980.0
1999,7,1,14,0,365,101,445,63,891,759,4,22,38.69,0,0.134,0.0,4.956,333.5,84.85000000000001,26,980.0
1999,7,1,14,30,61,871,679,61,871,679,1,22,44.85,0,0.134,0.0,4.957,333.5,84.83,25,980.0
1999,7,1,15,0,242,384,483,58,846,587,8,22,51.29,0,0.134,0.0,4.9590000000000005,2.3000000000000003,88.19,25,980.0
1999,7,1,15,30,193,392,401,54,810,485,8,22,57.910000000000004,0,0.134,0.0,4.954,2.3000000000000003,88.18,25,980.0
1999,7,1,16,0,169,236,270,49,761,375,8,23,64.64,0,0.134,0.0,4.949,340.3,88.86,25,980.0
1999,7,1,16,30,102,356,215,43,688,261,8,23,71.46000000000001,0,0.134,0.0,4.949,340.3,94.33,24,980.0
1999,7,1,17,0,2,0,2,34,571,149,8,23,78.33,0,0.134,0.1,4.9510000000000005,296.40000000000003,95.93,24,980.0
1999,7,1,17,30,0,0,0,20,359,50,8,23,85.22,4,0.134,0.2,4.954,296.40000000000003,100.0,23,980.0
1999,7,1,18,0,0,0,0,0,0,0,4,22,92.12,0,0.134,0.30000000000000004,4.957,279.6,99.29,23,980.0
1999,7,1,18,30,0,0,0,0,0,0,8,22,99.0,0,0.134,0.4,4.957,279.6,100.0,23,980.0
1999,7,1,19,0,0,0,0,0,0,0,8,22,105.85000000000001,1,0.134,0.5,4.957,270.3,100.0,23,990.0
1999,7,1,19,30,0,0,0,0,0,0,7,22,112.65,0,0.134,0.5,4.9510000000000005,270.3,100.0,22,990.0
1999,7,1,20,0,0,0,0,0,0,0,3,22,119.37,0,0.134,0.5,4.946,260.1,100.0,22,990.0
1999,7,1,20,30,0,0,0,0,0,0,1,22,125.95,0,0.134,0.5,4.939,260.1,100.0,22,990.0
1999,7,1,21,0,0,0,0,0,0,0,3,21,132.35,0,0.134,0.5,4.934,252.20000000000002,99.7,22,990.0
1999,7,1,21,30,0,0,0,0,0,0,3,21,138.47,0,0.134,0.5,4.932,252.20000000000002,100.0,21,990.0
1999,7,1,22,0,0,0,0,0,0,0,7,21,144.16,0,0.134,0.5,4.93,246.70000000000002,100.0,21,990.0
1999,7,1,22,30,0,0,0,0,0,0,4,21,149.17000000000002,0,0.134,0.4,4.926,246.70000000000002,100.0,21,990.0
1999,7,1,23,0,0,0,0,0,0,0,1,21,153.11,0,0.134,0.4,4.923,243.0,100.0,21,990.0
1999,7,1,23,30,0,0,0,0,0,0,7,20,155.47,0,0.134,0.30000000000000004,4.914,243.0,100.0,20,980.0
1999,7,2,0,0,0,0,0,0,0,0,7,20,155.77,0,0.134,0.2,4.906,239.3,100.0,20,980.0
1999,7,2,0,30,0,0,0,0,0,0,7,20,153.94,0,0.134,0.1,4.898,239.3,100.0,20,980.0
1999,7,2,1,0,0,0,0,0,0,0,7,20,150.38,0,0.134,0.1,4.89,235.10000000000002,100.0,20,980.0
1999,7,2,1,30,0,0,0,0,0,0,8,20,145.61,0,0.134,0.1,4.888,235.10000000000002,100.0,20,980.0
1999,7,2,2,0,0,0,0,0,0,0,4,20,140.08,0,0.134,0.1,4.8870000000000005,229.20000000000002,100.0,20,980.0
1999,7,2,2,30,0,0,0,0,0,0,3,20,134.06,0,0.134,0.1,4.893,229.20000000000002,100.0,20,980.0
1999,7,2,3,0,0,0,0,0,0,0,3,20,127.73,0,0.134,0.1,4.899,222.4,100.0,20,980.0
1999,7,2,3,30,0,0,0,0,0,0,4,20,121.18,0,0.134,0.1,4.906,222.4,100.0,20,980.0
1999,7,2,4,0,0,0,0,0,0,0,7,20,114.5,0,0.134,0.1,4.914,215.3,100.0,20,980.0
1999,7,2,4,30,0,0,0,0,0,0,7,20,107.72,0,0.134,0.1,4.916,215.3,100.0,20,980.0
1999,7,2,5,0,0,0,0,0,0,0,8,20,100.88,0,0.134,0.1,4.9190000000000005,211.9,100.0,20,990.0
1999,7,2,5,30,0,0,0,0,0,0,8,20,94.0,0,0.134,0.0,4.913,211.9,100.0,20,990.0
1999,7,2,6,0,11,0,11,15,248,28,8,20,87.10000000000001,4,0.134,0.0,4.908,211.9,100.0,21,990.0
1999,7,2,6,30,47,0,47,34,509,120,8,20,80.2,0,0.134,0.0,4.899,211.9,100.0,21,990.0
1999,7,2,7,0,24,0,24,44,651,231,8,21,73.33,0,0.134,0.0,4.891,211.9,100.0,22,990.0
1999,7,2,7,30,161,126,211,51,735,345,7,21,66.49,0,0.134,0.0,4.882,211.9,100.0,22,990.0
1999,7,2,8,0,101,0,101,55,795,456,4,22,59.72,0,0.134,0.0,4.874,218.70000000000002,100.0,23,990.0
1999,7,2,8,30,205,15,214,60,834,561,4,22,53.06,0,0.134,0.0,4.871,218.70000000000002,100.0,23,990.0
1999,7,2,9,0,312,104,384,62,864,656,3,22,46.56,0,0.134,0.0,4.868,215.60000000000002,99.58,24,990.0
1999,7,2,9,30,362,160,485,64,885,740,7,22,40.31,0,0.134,0.0,4.874,215.60000000000002,99.56,24,990.0
1999,7,2,10,0,400,175,544,66,901,809,7,22,34.45,0,0.134,0.0,4.881,211.9,92.83,24,990.0
1999,7,2,10,30,430,167,576,67,912,863,7,22,29.23,0,0.134,0.0,4.896,211.9,92.8,24,990.0
1999,7,2,11,0,439,96,526,68,919,901,8,22,25.05,0,0.134,0.0,4.9110000000000005,205.3,86.5,25,990.0
1999,7,2,11,30,457,227,667,68,923,921,3,22,22.51,0,0.134,0.0,4.932,205.3,86.47,25,990.0
1999,7,2,12,0,68,923,923,68,923,923,0,22,22.17,0,0.134,0.0,4.953,199.60000000000002,85.86,25,980.0
1999,7,2,12,30,374,445,781,67,921,908,8,22,24.14,0,0.134,0.0,4.97,199.60000000000002,85.83,25,980.0
1999,7,2,13,0,371,401,726,66,915,874,7,22,27.93,0,0.134,0.0,4.988,197.60000000000002,85.34,25,980.0
1999,7,2,13,30,410,161,545,65,905,825,7,22,32.910000000000004,0,0.134,0.0,4.996,197.60000000000002,85.31,25,980.0
1999,7,2,14,0,73,0,73,63,891,759,6,22,38.62,0,0.134,0.0,5.0040000000000004,194.3,85.47,25,980.0
1999,7,2,14,30,46,0,46,60,872,680,6,22,44.78,0,0.134,0.0,4.994,194.3,90.7,25,980.0
1999,7,2,15,0,99,0,99,57,847,588,6,22,51.22,0,0.134,0.0,4.984,188.60000000000002,92.05,25,980.0
1999,7,2,15,30,128,0,128,53,812,485,6,22,57.85,0,0.134,0.0,4.96,188.60000000000002,92.04,24,980.0
1999,7,2,16,0,168,53,191,49,762,376,6,23,64.59,0,0.134,0.0,4.937,190.4,94.79,24,980.0
1999,7,2,16,30,99,378,220,42,689,262,8,23,71.41,0,0.134,0.0,4.913,190.4,100.0,23,980.0
1999,7,2,17,0,57,379,133,34,572,150,7,23,78.28,0,0.134,0.0,4.889,188.10000000000002,100.0,23,980.0
1999,7,2,17,30,23,261,45,20,359,50,8,22,85.17,4,0.134,0.1,4.874,188.10000000000002,100.0,22,980.0
1999,7,2,18,0,0,0,0,0,0,0,4,22,92.08,0,0.134,0.30000000000000004,4.86,185.60000000000002,100.0,22,980.0
1999,7,2,18,30,0,0,0,0,0,0,8,22,98.96000000000001,0,0.134,0.30000000000000004,4.851,185.60000000000002,100.0,22,980.0
1999,7,2,19,0,0,0,0,0,0,0,8,22,105.82000000000001,1,0.134,0.4,4.8420000000000005,180.5,100.0,22,980.0
1999,7,2,19,30,0,0,0,0,0,0,8,21,112.62,1,0.134,0.4,4.836,180.5,100.0,22,980.0
1999,7,2,20,0,0,0,0,0,0,0,8,21,119.34,1,0.134,0.4,4.83,174.10000000000002,100.0,22,990.0
1999,7,2,20,30,0,0,0,0,0,0,3,21,125.94,1,0.134,0.4,4.824,174.10000000000002,100.0,21,990.0
1999,7,2,21,0,0,0,0,0,0,0,3,21,132.34,1,0.134,0.4,4.8180000000000005,170.9,100.0,21,990.0
1999,7,2,21,30,0,0,0,0,0,0,3,21,138.47,0,0.134,0.4,4.811,170.9,100.0,21,990.0
1999,7,2,22,0,0,0,0,0,0,0,3,21,144.17000000000002,1,0.134,0.4,4.806,167.20000000000002,100.0,21,990.0
1999,7,2,22,30,0,0,0,0,0,0,3,20,149.20000000000002,1,0.134,0.4,4.798,167.20000000000002,100.0,21,990.0
1999,7,2,23,0,0,0,0,0,0,0,3,20,153.16,1,0.134,0.4,4.79,164.60000000000002,100.0,21,990.0
1999,7,2,23,30,0,0,0,0,0,0,4,20,155.53,1,0.134,0.30000000000000004,4.785,164.60000000000002,100.0,20,990.0
1999,7,3,0,0,0,0,0,0,0,0,4,20,155.85,1,0.134,0.30000000000000004,4.78,162.8,100.0,20,980.0
1999,7,3,0,30,0,0,0,0,0,0,4,20,154.03,0,0.134,0.30000000000000004,4.78,162.8,100.0,20,980.0
1999,7,3,1,0,0,0,0,0,0,0,4,20,150.46,1,0.134,0.30000000000000004,4.781,161.20000000000002,100.0,20,980.0
1999,7,3,1,30,0,0,0,0,0,0,4,20,145.70000000000002,1,0.134,0.30000000000000004,4.7860000000000005,161.20000000000002,100.0,20,980.0
1999,7,3,2,0,0,0,0,0,0,0,4,20,140.16,1,0.134,0.30000000000000004,4.791,159.0,100.0,20,980.0
1999,7,3,2,30,0,0,0,0,0,0,1,20,134.14000000000001,1,0.134,0.30000000000000004,4.8020000000000005,159.0,100.0,20,980.0
1999,7,3,3,0,0,0,0,0,0,0,1,20,127.8,1,0.134,0.30000000000000004,4.813,156.9,100.0,20,980.0
1999,7,3,3,30,0,0,0,0,0,0,1,20,121.25,0,0.134,0.30000000000000004,4.825,156.9,100.0,20,980.0
1999,7,3,4,0,0,0,0,0,0,0,1,20,114.56,1,0.134,0.4,4.838,155.70000000000002,100.0,20,980.0
1999,7,3,4,30,0,0,0,0,0,0,1,20,107.78,1,0.134,0.4,4.853,155.70000000000002,100.0,20,980.0
1999,7,3,5,0,0,0,0,0,0,0,1,20,100.93,1,0.134,0.5,4.868,154.10000000000002,100.0,20,990.0
1999,7,3,5,30,0,0,0,0,0,0,0,20,94.05,1,0.134,0.30000000000000004,4.885,154.10000000000002,100.0,20,990.0
1999,7,3,6,0,28,0,28,15,258,28,0,20,87.14,1,0.134,0.2,4.902,152.8,100.0,20,990.0
1999,7,3,6,30,32,518,120,32,518,120,0,20,80.24,0,0.134,0.1,4.922,152.8,100.0,21,990.0
1999,7,3,7,0,42,657,230,42,657,230,0,21,73.36,1,0.134,0.0,4.9430000000000005,144.0,100.0,22,990.0
1999,7,3,7,30,49,740,344,49,740,344,0,22,66.52,0,0.134,0.0,4.955,144.0,100.0,22,990.0
1999,7,3,8,0,52,799,455,52,799,455,0,23,59.75,0,0.134,0.0,4.968,162.8,100.0,23,990.0
1999,7,3,8,30,56,838,559,56,838,559,0,23,53.08,0,0.134,0.0,4.9670000000000005,162.8,100.0,23,990.0
1999,7,3,9,0,59,866,654,59,866,654,0,23,46.57,0,0.134,0.0,4.966,174.9,100.0,24,990.0
1999,7,3,9,30,61,887,738,61,887,738,0,23,40.31,0,0.134,0.0,4.945,174.9,100.0,24,990.0
1999,7,3,10,0,63,902,808,63,902,808,0,22,34.44,0,0.134,0.0,4.925,183.10000000000002,91.53,25,990.0
1999,7,3,10,30,396,344,697,65,913,863,3,22,29.2,0,0.134,0.0,4.898,183.10000000000002,86.2,25,990.0
1999,7,3,11,0,407,355,730,66,920,901,2,21,25.0,0,0.134,0.0,4.871,189.10000000000002,78.48,26,990.0
1999,7,3,11,30,67,924,921,67,924,921,0,21,22.44,0,0.134,0.0,4.857,189.10000000000002,78.45,26,990.0
1999,7,3,12,0,68,924,924,68,924,924,0,22,22.09,0,0.134,0.0,4.844,191.4,78.68,26,990.0
1999,7,3,12,30,67,922,909,67,922,909,0,22,24.05,0,0.134,0.0,4.8500000000000005,191.4,78.65,26,980.0
1999,7,3,13,0,67,915,877,67,915,877,0,22,27.84,0,0.134,0.0,4.856,196.70000000000002,79.13,27,980.0
1999,7,3,13,30,66,905,827,66,905,827,0,22,32.83,1,0.134,0.0,4.874,196.70000000000002,79.10000000000001,27,980.0
1999,7,3,14,0,64,891,761,64,891,761,0,22,38.54,1,0.134,0.0,4.892,203.3,79.45,27,980.0
1999,7,3,14,30,62,872,682,62,872,682,0,22,44.71,1,0.134,0.0,4.902,203.3,79.43,26,980.0
1999,7,3,15,0,59,846,589,59,846,589,0,22,51.160000000000004,1,0.134,0.0,4.913,204.0,81.76,26,980.0
1999,7,3,15,30,55,810,487,55,810,487,0,22,57.79,0,0.134,0.0,4.908,204.0,81.76,26,980.0
1999,7,3,16,0,50,761,377,50,761,377,0,23,64.53,1,0.134,0.0,4.904,217.10000000000002,84.06,26,980.0
1999,7,3,16,30,43,688,263,43,688,263,0,23,71.36,1,0.134,0.0,4.894,217.10000000000002,89.19,25,980.0
1999,7,3,17,0,34,572,151,34,572,151,0,23,78.23,1,0.134,0.1,4.885,225.70000000000002,91.76,25,980.0
1999,7,3,17,30,20,360,51,20,360,51,0,23,85.13,1,0.134,0.1,4.883,225.70000000000002,97.41,24,980.0
1999,7,3,18,0,0,0,0,0,0,0,0,23,92.04,1,0.134,0.2,4.881,216.70000000000002,95.89,24,980.0
1999,7,3,18,30,0,0,0,0,0,0,0,23,98.93,0,0.134,0.2,4.888,216.70000000000002,100.0,23,980.0
1999,7,3,19,0,0,0,0,0,0,0,0,22,105.79,1,0.134,0.30000000000000004,4.8950000000000005,214.70000000000002,98.4,23,980.0
1999,7,3,19,30,0,0,0,0,0,0,0,22,112.60000000000001,1,0.134,0.2,4.9030000000000005,214.70000000000002,98.43,23,980.0
1999,7,3,20,0,0,0,0,0,0,0,7,22,119.32000000000001,1,0.134,0.2,4.912,207.5,97.01,23,990.0
1999,7,3,20,30,0,0,0,0,0,0,7,22,125.92,0,0.134,0.1,4.922,207.5,97.02,23,990.0
1999,7,3,21,0,0,0,0,0,0,0,7,22,132.34,0,0.134,0.0,4.933,137.20000000000002,96.34,23,990.0
1999,7,3,21,30,0,0,0,0,0,0,7,22,138.48,0,0.134,0.0,4.9430000000000005,137.20000000000002,100.0,22,990.0
1999,7,3,22,0,0,0,0,0,0,0,1,22,144.19,0,0.134,0.1,4.954,46.300000000000004,100.0,22,990.0
1999,7,3,22,30,0,0,0,0,0,0,0,22,149.23,0,0.134,0.1,4.964,46.300000000000004,100.0,22,990.0
1999,7,3,23,0,0,0,0,0,0,0,3,22,153.21,0,0.134,0.1,4.9750000000000005,338.5,100.0,22,990.0
1999,7,3,23,30,0,0,0,0,0,0,1,22,155.6,0,0.134,0.1,4.978,338.5,100.0,22,990.0
1999,7,4,0,0,0,0,0,0,0,0,7,22,155.93,0,0.134,0.2,4.981,311.1,100.0,22,980.0
1999,7,4,0,30,0,0,0,0,0,0,3,21,154.12,0,0.134,0.2,4.976,311.1,100.0,22,980.0
1999,7,4,1,0,0,0,0,0,0,0,3,21,150.55,0,0.134,0.30000000000000004,4.971,307.40000000000003,100.0,22,980.0
1999,7,4,1,30,0,0,0,0,0,0,3,21,145.78,0,0.134,0.30000000000000004,4.96,307.40000000000003,100.0,21,980.0
1999,7,4,2,0,0,0,0,0,0,0,6,21,140.24,0,0.134,0.4,4.95,307.90000000000003,100.0,21,980.0
1999,7,4,2,30,0,0,0,0,0,0,6,21,134.21,0,0.134,0.4,4.931,307.90000000000003,100.0,21,980.0
1999,7,4,3,0,0,0,0,0,0,0,6,21,127.86,0,0.134,0.4,4.912,311.0,100.0,21,980.0
1999,7,4,3,30,0,0,0,0,0,0,7,21,121.31,0,0.134,0.4,4.8950000000000005,311.0,100.0,21,980.0
1999,7,4,4,0,0,0,0,0,0,0,7,21,114.62,0,0.134,0.4,4.8790000000000004,318.3,100.0,21,990.0
1999,7,4,4,30,0,0,0,0,0,0,7,21,107.83,0,0.134,0.4,4.865,318.3,100.0,21,990.0
1999,7,4,5,0,0,0,0,0,0,0,7,21,100.98,0,0.134,0.4,4.852,328.5,100.0,21,990.0
1999,7,4,5,30,0,0,0,0,0,0,8,21,94.09,0,0.134,0.30000000000000004,4.8340000000000005,328.5,100.0,21,990.0
1999,7,4,6,0,6,0,6,15,245,27,4,21,87.18,4,0.134,0.30000000000000004,4.817,336.70000000000005,100.0,21,990.0
1999,7,4,6,30,26,0,26,34,507,119,8,21,80.28,4,0.134,0.1,4.793,336.70000000000005,100.0,21,990.0
1999,7,4,7,0,51,0,51,45,648,230,4,22,73.39,0,0.134,0.0,4.7700000000000005,342.90000000000003,100.0,22,990.0
1999,7,4,7,30,141,328,272,53,733,345,8,22,66.55,0,0.134,0.0,4.744,342.90000000000003,100.0,22,990.0
1999,7,4,8,0,190,31,206,57,793,457,8,23,59.77,0,0.134,0.0,4.719,332.6,100.0,23,990.0
1999,7,4,8,30,195,10,201,62,832,562,8,23,53.1,0,0.134,0.0,4.704,332.6,100.0,23,990.0
1999,7,4,9,0,257,26,275,64,864,658,8,23,46.58,0,0.134,0.0,4.689,336.90000000000003,100.0,24,990.0
1999,7,4,9,30,302,33,327,66,885,742,8,23,40.31,0,0.134,0.0,4.68,336.90000000000003,100.0,24,990.0
1999,7,4,10,0,385,85,455,68,901,812,8,23,34.43,0,0.134,0.0,4.672,336.20000000000005,94.79,25,990.0
1999,7,4,10,30,378,46,419,69,912,866,4,23,29.17,0,0.134,0.0,4.667,336.20000000000005,94.75,25,990.0
1999,7,4,11,0,449,131,569,69,920,904,8,22,24.95,0,0.134,0.0,4.663,337.20000000000005,88.04,25,990.0
1999,7,4,11,30,462,193,641,70,924,925,8,22,22.37,0,0.134,0.0,4.664,337.20000000000005,88.0,25,990.0
1999,7,4,12,0,465,154,608,69,925,927,8,22,22.0,0,0.134,0.0,4.665,338.1,81.39,26,990.0
1999,7,4,12,30,372,471,803,69,922,912,7,22,23.96,0,0.134,0.0,4.67,338.1,81.35000000000001,26,990.0
1999,7,4,13,0,323,554,814,68,916,879,8,22,27.75,0,0.134,0.0,4.6770000000000005,339.8,80.27,26,980.0
1999,7,4,13,30,67,907,829,67,907,829,0,22,32.74,0,0.134,0.0,4.686,339.8,80.23,26,980.0
1999,7,4,14,0,65,893,764,65,893,764,0,22,38.47,0,0.134,0.0,4.696,344.0,79.9,26,980.0
1999,7,4,14,30,332,165,449,62,874,684,4,22,44.64,0,0.134,0.0,4.698,344.0,79.89,26,980.0
1999,7,4,15,0,59,848,592,59,848,592,0,22,51.09,0,0.134,0.0,4.7010000000000005,344.3,80.44,26,980.0
1999,7,4,15,30,55,813,489,55,813,489,0,22,57.72,0,0.134,0.0,4.68,344.3,85.34,26,980.0
1999,7,4,16,0,49,764,379,49,764,379,0,23,64.48,0,0.134,0.0,4.6610000000000005,340.40000000000003,89.07000000000001,26,980.0
1999,7,4,16,30,43,692,265,43,692,265,0,23,71.31,0,0.134,0.0,4.627,340.40000000000003,94.55,25,980.0
1999,7,4,17,0,34,576,152,34,576,152,0,23,78.18,0,0.134,0.0,4.593,339.1,96.9,25,980.0
1999,7,4,17,30,20,366,52,20,366,52,0,23,85.09,0,0.134,0.1,4.565,339.1,100.0,24,980.0
1999,7,4,18,0,0,0,0,0,0,0,0,23,92.0,0,0.134,0.30000000000000004,4.538,335.3,100.0,23,980.0
1999,7,4,18,30,0,0,0,0,0,0,0,23,98.9,0,0.134,0.30000000000000004,4.515,335.3,100.0,23,980.0
1999,7,4,19,0,0,0,0,0,0,0,0,22,105.76,1,0.134,0.4,4.492,336.0,99.01,23,990.0
1999,7,4,19,30,0,0,0,0,0,0,0,22,112.58,0,0.134,0.4,4.469,336.0,100.0,22,990.0
1999,7,4,20,0,0,0,0,0,0,0,0,22,119.31,0,0.134,0.4,4.447,332.90000000000003,100.0,22,990.0
1999,7,4,20,30,0,0,0,0,0,0,0,22,125.91,0,0.134,0.4,4.429,332.90000000000003,100.0,22,990.0
1999,7,4,21,0,0,0,0,0,0,0,0,22,132.34,0,0.134,0.4,4.412,328.90000000000003,100.0,22,990.0
1999,7,4,21,30,0,0,0,0,0,0,0,21,138.49,0,0.134,0.4,4.424,328.90000000000003,100.0,22,990.0
1999,7,4,22,0,0,0,0,0,0,0,0,21,144.21,0,0.134,0.5,4.437,324.8,100.0,22,990.0
1999,7,4,22,30,0,0,0,0,0,0,0,21,149.27,0,0.134,0.5,4.465,324.8,100.0,21,990.0
1999,7,4,23,0,0,0,0,0,0,0,0,21,153.27,0,0.134,0.5,4.494,319.40000000000003,100.0,21,990.0
1999,7,4,23,30,0,0,0,0,0,0,0,21,155.68,0,0.134,0.5,4.5120000000000005,319.40000000000003,100.0,21,990.0
1999,7,5,0,0,0,0,0,0,0,0,0,21,156.02,0,0.134,0.5,4.531,314.0,100.0,21,990.0
1999,7,5,0,30,0,0,0,0,0,0,0,21,154.21,0,0.134,0.5,4.545,314.0,100.0,21,990.0
1999,7,5,1,0,0,0,0,0,0,0,0,21,150.65,0,0.134,0.5,4.5600000000000005,308.20000000000005,100.0,21,990.0
1999,7,5,1,30,0,0,0,0,0,0,0,21,145.87,0,0.134,0.5,4.572,308.20000000000005,100.0,21,990.0
1999,7,5,2,0,0,0,0,0,0,0,0,21,140.32,0,0.134,0.5,4.585,304.90000000000003,100.0,21,990.0
1999,7,5,2,30,0,0,0,0,0,0,0,21,134.28,0,0.134,0.4,4.602,304.90000000000003,100.0,21,990.0
1999,7,5,3,0,0,0,0,0,0,0,0,21,127.93,0,0.134,0.4,4.619,304.0,100.0,21,990.0
1999,7,5,3,30,0,0,0,0,0,0,0,21,121.37,0,0.134,0.4,4.632,304.0,100.0,21,990.0
1999,7,5,4,0,0,0,0,0,0,0,0,20,114.68,0,0.134,0.4,4.6450000000000005,305.8,99.68,21,990.0
1999,7,5,4,30,0,0,0,0,0,0,0,20,107.88,0,0.134,0.30000000000000004,4.656,305.8,99.7,21,990.0
1999,7,5,5,0,0,0,0,0,0,0,0,20,101.03,0,0.134,0.2,4.668,303.40000000000003,99.14,21,990.0
1999,7,5,5,30,0,0,0,0,0,0,0,20,94.14,0,0.134,0.1,4.681,303.40000000000003,99.17,21,990.0
1999,7,5,6,0,15,249,27,15,249,27,0,21,87.22,0,0.134,0.1,4.694,286.90000000000003,100.0,21,990.0
1999,7,5,6,30,4,0,4,33,512,119,3,21,80.32000000000001,0,0.134,0.0,4.714,286.90000000000003,100.0,21,990.0
1999,7,5,7,0,44,652,230,44,652,230,1,21,73.43,0,0.134,0.0,4.735,134.0,100.0,22,990.0
1999,7,5,7,30,51,737,344,51,737,344,0,22,66.57000000000001,0,0.134,0.0,4.759,134.0,100.0,23,990.0
1999,7,5,8,0,53,798,455,53,798,455,0,24,59.79,0,0.134,0.1,4.784,50.400000000000006,100.0,24,990.0
1999,7,5,8,30,57,837,560,57,837,560,0,24,53.11,0,0.134,0.0,4.799,50.400000000000006,98.0,25,990.0
1999,7,5,9,0,62,864,656,62,864,656,0,24,46.58,0,0.134,0.0,4.815,63.7,88.97,26,990.0
1999,7,5,9,30,65,885,740,65,885,740,0,24,40.300000000000004,0,0.134,0.0,4.8260000000000005,63.7,88.94,26,990.0
1999,7,5,10,0,67,900,810,67,900,810,0,23,34.410000000000004,0,0.134,0.0,4.838,105.10000000000001,84.21000000000001,26,990.0
1999,7,5,10,30,68,911,865,68,911,865,0,23,29.14,0,0.134,0.0,4.854,105.10000000000001,84.17,26,990.0
1999,7,5,11,0,69,918,903,69,918,903,0,23,24.900000000000002,0,0.134,0.0,4.87,123.60000000000001,85.56,26,990.0
1999,7,5,11,30,70,922,923,70,922,923,0,23,22.29,1,0.134,0.0,4.891,123.60000000000001,85.52,26,990.0
1999,7,5,12,0,404,65,465,71,922,926,8,23,21.91,1,0.134,0.0,4.913,124.2,80.82000000000001,27,990.0
1999,7,5,12,30,409,52,457,70,919,911,8,23,23.86,0,0.134,0.0,4.9350000000000005,124.2,80.77,27,990.0
1999,7,5,13,0,383,64,441,69,913,878,8,23,27.66,1,0.134,0.0,4.957,124.80000000000001,81.66,27,990.0
1999,7,5,13,30,362,64,416,68,903,829,8,23,32.65,1,0.134,0.0,4.981,124.80000000000001,86.56,27,980.0
1999,7,5,14,0,333,63,383,66,888,763,8,24,38.39,1,0.134,0.0,5.006,113.10000000000001,89.24,27,980.0
1999,7,5,14,30,304,73,357,64,869,683,6,24,44.56,1,0.134,0.0,5.025,113.10000000000001,89.22,26,980.0
1999,7,5,15,0,263,72,309,61,842,591,6,24,51.02,1,0.134,0.0,5.0440000000000005,97.60000000000001,91.16,26,980.0
1999,7,5,15,30,221,64,255,57,807,489,6,24,57.660000000000004,0,0.134,0.0,5.0520000000000005,97.60000000000001,96.71000000000001,25,980.0
1999,7,5,16,0,169,66,198,52,756,379,6,24,64.42,1,0.134,0.0,5.061,83.5,97.99000000000001,25,980.0
1999,7,5,16,30,120,58,138,46,683,265,6,24,71.26,1,0.134,0.0,5.063,83.5,100.0,24,980.0
1999,7,5,17,0,71,39,79,36,564,152,6,24,78.14,1,0.134,0.1,5.066,74.4,100.0,24,980.0
1999,7,5,17,30,27,0,27,21,352,52,7,23,85.05,1,0.134,0.1,5.066,74.4,100.0,24,980.0
1999,7,5,18,0,0,0,0,0,0,0,7,23,91.96000000000001,1,0.134,0.2,5.066,70.8,100.0,24,990.0
1999,7,5,18,30,0,0,0,0,0,0,7,23,98.86,0,0.134,0.2,5.0680000000000005,70.8,100.0,23,990.0
1999,7,5,19,0,0,0,0,0,0,0,7,23,105.74000000000001,1,0.134,0.2,5.071,69.8,100.0,23,990.0
1999,7,5,19,30,0,0,0,0,0,0,7,23,112.55,1,0.134,0.2,5.066,69.8,100.0,23,990.0
1999,7,5,20,0,0,0,0,0,0,0,7,23,119.29,1,0.134,0.2,5.062,70.3,100.0,23,990.0
1999,7,5,20,30,0,0,0,0,0,0,7,22,125.91,0,0.134,0.1,5.057,70.3,100.0,22,990.0
1999,7,5,21,0,0,0,0,0,0,0,7,22,132.34,0,0.134,0.1,5.0520000000000005,70.60000000000001,100.0,22,990.0
1999,7,5,21,30,0,0,0,0,0,0,7,22,138.5,0,0.134,0.1,5.0440000000000005,70.60000000000001,100.0,22,990.0
1999,7,5,22,0,0,0,0,0,0,0,8,22,144.24,0,0.134,0.1,5.037,72.2,100.0,22,990.0
1999,7,5,22,30,0,0,0,0,0,0,8,22,149.31,0,0.134,0.1,5.0280000000000005,72.2,100.0,22,990.0
1999,7,5,23,0,0,0,0,0,0,0,8,22,153.33,0,0.134,0.2,5.0200000000000005,73.4,100.0,22,990.0
1999,7,5,23,30,0,0,0,0,0,0,8,22,155.76,0,0.134,0.30000000000000004,5.005,73.4,100.0,22,990.0
1999,7,6,0,0,0,0,0,0,0,0,8,22,156.12,0,0.134,0.4,4.9910000000000005,79.0,100.0,22,990.0
1999,7,6,0,30,0,0,0,0,0,0,8,22,154.32,0,0.134,0.4,4.978,79.0,100.0,22,990.0
1999,7,6,1,0,0,0,0,0,0,0,3,22,150.74,0,0.134,0.5,4.966,90.10000000000001,100.0,22,990.0
1999,7,6,1,30,0,0,0,0,0,0,3,21,145.96,0,0.134,0.5,4.953,90.10000000000001,100.0,22,990.0
1999,7,6,2,0,0,0,0,0,0,0,3,21,140.4,0,0.134,0.5,4.941,105.80000000000001,100.0,22,990.0
1999,7,6,2,30,0,0,0,0,0,0,4,21,134.36,0,0.134,0.5,4.934,105.80000000000001,100.0,21,990.0
1999,7,6,3,0,0,0,0,0,0,0,4,21,128.0,0,0.134,0.5,4.928,119.9,100.0,21,990.0
1999,7,6,3,30,0,0,0,0,0,0,7,21,121.44,0,0.134,0.4,4.9270000000000005,119.9,100.0,21,990.0
1999,7,6,4,0,0,0,0,0,0,0,1,21,114.73,0,0.134,0.4,4.9270000000000005,129.4,100.0,21,990.0
1999,7,6,4,30,0,0,0,0,0,0,1,20,107.94,0,0.134,0.30000000000000004,4.931,129.4,100.0,21,990.0
1999,7,6,5,0,0,0,0,0,0,0,3,20,101.08,0,0.134,0.30000000000000004,4.936,136.3,100.0,21,990.0
1999,7,6,5,30,0,0,0,0,0,0,3,20,94.18,0,0.134,0.2,4.942,136.3,100.0,21,990.0
1999,7,6,6,0,11,0,11,15,248,26,4,21,87.26,4,0.134,0.1,4.948,139.0,100.0,21,990.0
1999,7,6,6,30,49,0,49,33,510,118,3,21,80.35000000000001,4,0.134,0.0,4.955,139.0,100.0,21,990.0
1999,7,6,7,0,95,3,96,43,651,229,3,22,73.45,0,0.134,0.0,4.963,136.20000000000002,100.0,22,990.0
1999,7,6,7,30,160,127,211,51,736,343,3,22,66.6,0,0.134,0.0,4.964,136.20000000000002,100.0,22,990.0
1999,7,6,8,0,202,57,231,56,793,455,3,23,59.81,0,0.134,0.0,4.965,136.9,100.0,23,990.0
1999,7,6,8,30,255,72,299,60,833,560,3,23,53.120000000000005,0,0.134,0.0,4.961,136.9,100.0,23,990.0
1999,7,6,9,0,242,19,255,62,863,655,3,23,46.59,0,0.134,0.0,4.957,143.4,100.0,24,990.0
1999,7,6,9,30,336,62,383,65,884,739,3,23,40.29,0,0.134,0.0,4.968,143.4,100.0,24,990.0
1999,7,6,10,0,315,27,337,66,900,809,3,23,34.38,0,0.134,0.0,4.981,145.0,97.2,24,990.0
1999,7,6,10,30,335,27,359,68,910,864,3,23,29.09,0,0.134,0.0,5.016,145.0,97.17,24,990.0
1999,7,6,11,0,69,917,902,69,917,902,1,22,24.830000000000002,0,0.134,0.0,5.0520000000000005,145.0,93.2,25,990.0
1999,7,6,11,30,287,15,301,70,920,922,3,22,22.2,0,0.134,0.0,5.085,145.0,93.16,25,990.0
1999,7,6,12,0,377,32,408,70,920,925,3,22,21.81,0,0.134,0.0,5.118,144.5,83.91,25,990.0
1999,7,6,12,30,406,50,452,70,917,910,3,22,23.76,0,0.134,0.0,5.144,144.5,83.87,25,990.0
1999,7,6,13,0,425,266,661,70,911,877,3,21,27.560000000000002,0,0.134,0.0,5.17,143.4,82.63,25,990.0
1999,7,6,13,30,252,13,263,68,901,828,4,21,32.56,0,0.134,0.0,5.186,143.4,82.59,25,990.0
1999,7,6,14,0,310,32,336,67,886,763,3,21,38.300000000000004,0,0.134,0.0,5.202,144.9,82.63,25,990.0
1999,7,6,14,30,227,546,617,65,867,683,8,21,44.49,0,0.134,0.0,5.199,144.9,82.61,25,990.0
1999,7,6,15,0,220,17,232,60,842,591,7,22,50.96,0,0.134,0.0,5.196,149.4,83.71000000000001,25,990.0
1999,7,6,15,30,229,97,281,56,807,489,8,22,57.6,0,0.134,0.0,5.175,149.4,83.71000000000001,25,990.0
1999,7,6,16,0,171,230,271,50,759,379,3,22,64.37,0,0.134,0.0,5.155,158.10000000000002,86.02,25,990.0
1999,7,6,16,30,44,687,265,44,687,265,0,22,71.21000000000001,0,0.134,0.0,5.125,158.10000000000002,91.31,24,990.0
1999,7,6,17,0,35,572,153,35,572,153,0,23,78.09,0,0.134,0.1,5.096,175.5,96.03,24,990.0
1999,7,6,17,30,21,364,52,21,364,52,0,23,85.0,0,0.134,0.2,5.079,175.5,100.0,23,990.0
1999,7,6,18,0,0,0,0,0,0,0,0,22,91.93,0,0.134,0.30000000000000004,5.063,175.4,99.41,23,990.0
1999,7,6,18,30,0,0,0,0,0,0,0,22,98.83,0,0.134,0.30000000000000004,5.061,175.4,99.45,23,990.0
1999,7,6,19,0,0,0,0,0,0,0,0,22,105.71000000000001,1,0.134,0.4,5.059,177.0,97.15,23,990.0
1999,7,6,19,30,0,0,0,0,0,0,0,22,112.54,0,0.134,0.4,5.066,177.0,100.0,23,990.0
1999,7,6,20,0,0,0,0,0,0,0,3,22,119.28,0,0.134,0.5,5.074,177.0,100.0,23,990.0
1999,7,6,20,30,0,0,0,0,0,0,3,22,125.9,0,0.134,0.5,5.082,177.0,100.0,22,990.0
1999,7,6,21,0,0,0,0,0,0,0,4,22,132.34,0,0.134,0.5,5.091,175.9,100.0,22,990.0
1999,7,6,21,30,0,0,0,0,0,0,4,22,138.52,0,0.134,0.5,5.096,175.9,100.0,22,990.0
1999,7,6,22,0,0,0,0,0,0,0,4,21,144.27,0,0.134,0.5,5.101,170.8,99.77,22,990.0
1999,7,6,22,30,0,0,0,0,0,0,4,21,149.36,0,0.134,0.4,5.096,170.8,100.0,22,990.0
1999,7,6,23,0,0,0,0,0,0,0,4,21,153.4,0,0.134,0.4,5.093,165.8,100.0,22,990.0
1999,7,6,23,30,0,0,0,0,0,0,4,21,155.85,0,0.134,0.4,5.079,165.8,100.0,21,990.0
1999,7,7,0,0,0,0,0,0,0,0,4,21,156.23,0,0.134,0.4,5.065,162.70000000000002,100.0,21,990.0
1999,7,7,0,30,0,0,0,0,0,0,4,21,154.42000000000002,0,0.134,0.4,5.045,162.70000000000002,100.0,21,990.0
1999,7,7,1,0,0,0,0,0,0,0,4,21,150.85,0,0.134,0.4,5.025,164.9,100.0,21,990.0
1999,7,7,1,30,0,0,0,0,0,0,3,21,146.06,0,0.134,0.4,5.011,164.9,100.0,21,990.0
1999,7,7,2,0,0,0,0,0,0,0,0,21,140.49,0,0.134,0.4,4.997,173.20000000000002,100.0,21,990.0
1999,7,7,2,30,0,0,0,0,0,0,3,20,134.44,0,0.134,0.4,4.993,173.20000000000002,100.0,20,990.0
1999,7,7,3,0,0,0,0,0,0,0,3,20,128.07,0,0.134,0.4,4.99,187.10000000000002,100.0,20,990.0
1999,7,7,3,30,0,0,0,0,0,0,4,20,121.5,0,0.134,0.30000000000000004,4.9910000000000005,187.10000000000002,100.0,20,990.0
1999,7,7,4,0,0,0,0,0,0,0,4,20,114.79,0,0.134,0.2,4.992,192.8,100.0,20,990.0
1999,7,7,4,30,0,0,0,0,0,0,3,20,107.99000000000001,0,0.134,0.2,4.995,192.8,100.0,20,990.0
1999,7,7,5,0,0,0,0,0,0,0,1,20,101.13,0,0.134,0.2,4.998,198.0,100.0,20,990.0
1999,7,7,5,30,0,0,0,0,0,0,4,20,94.22,0,0.134,0.1,4.995,198.0,100.0,20,990.0
1999,7,7,6,0,14,241,26,14,241,26,0,20,87.3,0,0.134,0.0,4.992,189.10000000000002,100.0,20,990.0
1999,7,7,6,30,12,0,12,33,505,117,4,20,80.38,0,0.134,0.0,4.986,189.10000000000002,100.0,20,990.0
1999,7,7,7,0,45,0,45,44,646,228,4,21,73.48,0,0.134,0.0,4.981,169.0,100.0,21,990.0
1999,7,7,7,30,87,0,87,52,732,342,4,21,66.62,0,0.134,0.0,4.969,169.0,100.0,21,990.0
1999,7,7,8,0,115,0,115,57,790,454,4,22,59.82,0,0.134,0.0,4.958,167.10000000000002,100.0,22,990.0
1999,7,7,8,30,199,12,207,61,830,560,4,22,53.120000000000005,0,0.134,0.0,4.946,167.10000000000002,100.0,22,990.0
1999,7,7,9,0,237,17,249,65,859,656,4,21,46.58,0,0.134,0.0,4.9350000000000005,163.20000000000002,99.84,23,990.0
1999,7,7,9,30,307,36,335,67,881,740,4,21,40.28,0,0.134,0.0,4.929,163.20000000000002,93.97,23,990.0
1999,7,7,10,0,339,37,371,70,896,810,4,21,34.35,0,0.134,0.0,4.923,155.8,85.11,24,990.0
1999,7,7,10,30,278,15,292,72,907,865,4,21,29.05,0,0.134,0.0,4.923,155.8,85.08,24,990.0
1999,7,7,11,0,244,12,255,74,913,904,4,20,24.76,0,0.134,0.0,4.923,154.3,77.98,25,990.0
1999,7,7,11,30,257,13,270,75,917,925,4,20,22.11,0,0.134,0.0,4.932,154.3,77.95,25,990.0
1999,7,7,12,0,276,14,289,74,918,928,4,20,21.7,0,0.134,0.0,4.941,155.60000000000002,73.63,26,990.0
1999,7,7,12,30,293,16,308,74,915,913,4,20,23.650000000000002,0,0.134,0.0,4.96,155.60000000000002,73.59,26,990.0
1999,7,7,13,0,278,15,291,72,909,880,3,20,27.45,0,0.134,0.0,4.98,155.3,73.92,26,990.0
1999,7,7,13,30,309,22,328,71,899,830,3,20,32.47,0,0.134,0.0,5.002,155.3,73.89,26,990.0
1999,7,7,14,0,263,16,276,69,885,765,3,21,38.22,0,0.134,0.0,5.024,157.0,74.24,26,990.0
1999,7,7,14,30,205,8,211,67,865,685,3,21,44.410000000000004,0,0.134,0.0,5.037,157.0,74.22,26,990.0
1999,7,7,15,0,201,10,208,63,840,593,4,21,50.89,0,0.134,0.0,5.051,168.3,75.59,26,990.0
1999,7,7,15,30,85,0,85,59,804,490,4,21,57.54,0,0.134,0.0,5.0440000000000005,168.3,80.19,25,990.0
1999,7,7,16,0,165,41,183,52,756,380,3,21,64.31,0,0.134,0.0,5.038,180.60000000000002,82.96000000000001,25,990.0
1999,7,7,16,30,46,682,266,46,682,266,1,21,71.16,0,0.134,0.0,5.019,180.60000000000002,88.06,24,990.0
1999,7,7,17,0,61,0,61,36,568,153,3,22,78.05,0,0.134,0.0,5.0,188.60000000000002,90.64,24,990.0
1999,7,7,17,30,21,0,21,21,358,53,3,22,84.97,4,0.134,0.1,4.992,188.60000000000002,96.28,23,990.0
1999,7,7,18,0,0,0,0,0,0,0,3,22,91.89,0,0.134,0.2,4.984,196.4,98.83,23,990.0
1999,7,7,18,30,0,0,0,0,0,0,0,22,98.81,0,0.134,0.2,4.985,196.4,100.0,22,990.0
1999,7,7,19,0,0,0,0,0,0,0,0,22,105.69,1,0.134,0.30000000000000004,4.987,195.4,100.0,22,990.0
1999,7,7,19,30,0,0,0,0,0,0,3,22,112.52,0,0.134,0.30000000000000004,4.988,195.4,100.0,22,990.0
1999,7,7,20,0,0,0,0,0,0,0,4,22,119.27,0,0.134,0.30000000000000004,4.99,195.5,100.0,22,990.0
1999,7,7,20,30,0,0,0,0,0,0,4,21,125.9,0,0.134,0.2,4.99,195.5,100.0,21,990.0
1999,7,7,21,0,0,0,0,0,0,0,4,21,132.35,0,0.134,0.2,4.99,196.60000000000002,100.0,21,990.0
1999,7,7,21,30,0,0,0,0,0,0,1,21,138.54,0,0.134,0.2,4.9910000000000005,196.60000000000002,100.0,21,990.0
1999,7,7,22,0,0,0,0,0,0,0,4,21,144.3,0,0.134,0.2,4.992,198.70000000000002,100.0,21,990.0
1999,7,7,22,30,0,0,0,0,0,0,4,21,149.41,0,0.134,0.2,4.994,198.70000000000002,100.0,21,990.0
1999,7,7,23,0,0,0,0,0,0,0,4,21,153.47,0,0.134,0.2,4.997,200.70000000000002,100.0,21,990.0
1999,7,7,23,30,0,0,0,0,0,0,4,20,155.95000000000002,0,0.134,0.2,4.999,200.70000000000002,100.0,20,990.0
1999,7,8,0,0,0,0,0,0,0,0,4,20,156.34,0,0.134,0.2,5.001,200.8,100.0,20,990.0
1999,7,8,0,30,0,0,0,0,0,0,4,20,154.54,0,0.134,0.1,4.998,200.8,100.0,20,990.0
1999,7,8,1,0,0,0,0,0,0,0,4,20,150.96,0,0.134,0.1,4.995,199.8,100.0,20,990.0
1999,7,8,1,30,0,0,0,0,0,0,4,20,146.15,0,0.134,0.1,4.9910000000000005,199.8,100.0,20,990.0
1999,7,8,2,0,0,0,0,0,0,0,4,20,140.58,0,0.134,0.1,4.988,199.10000000000002,100.0,20,990.0
1999,7,8,2,30,0,0,0,0,0,0,4,20,134.52,0,0.134,0.0,4.982,199.10000000000002,100.0,20,990.0
1999,7,8,3,0,0,0,0,0,0,0,4,20,128.15,0,0.134,0.0,4.977,196.4,100.0,20,990.0
1999,7,8,3,30,0,0,0,0,0,0,4,20,121.57000000000001,0,0.134,0.0,4.97,196.4,100.0,20,990.0
1999,7,8,4,0,0,0,0,0,0,0,4,20,114.85000000000001,0,0.134,0.0,4.963,192.3,100.0,20,990.0
1999,7,8,4,30,0,0,0,0,0,0,1,20,108.04,0,0.134,0.0,4.955,192.3,100.0,20,990.0
1999,7,8,5,0,0,0,0,0,0,0,4,20,101.17,0,0.134,0.0,4.948,189.8,100.0,20,990.0
1999,7,8,5,30,0,0,0,0,0,0,4,20,94.27,0,0.134,0.0,4.9430000000000005,189.8,100.0,20,990.0
1999,7,8,6,0,7,0,7,15,229,25,4,20,87.34,4,0.134,0.0,4.939,191.4,100.0,20,990.0
1999,7,8,6,30,34,0,34,34,495,116,4,20,80.41,0,0.134,0.0,4.941,191.4,98.01,21,990.0
1999,7,8,7,0,80,0,80,46,637,227,4,20,73.51,0,0.134,0.0,4.9430000000000005,191.70000000000002,93.32000000000001,22,990.0
1999,7,8,7,30,155,65,181,54,724,342,4,20,66.64,0,0.134,0.0,4.949,191.70000000000002,93.32000000000001,22,990.0
1999,7,8,8,0,209,80,249,60,783,454,4,20,59.83,0,0.134,0.0,4.956,185.60000000000002,87.71000000000001,23,990.0
1999,7,8,8,30,65,823,559,65,823,559,1,20,53.13,0,0.134,0.0,4.969,185.60000000000002,87.7,24,990.0
1999,7,8,9,0,312,222,465,68,854,655,3,20,46.58,0,0.134,0.0,4.982,178.60000000000002,82.28,25,990.0
1999,7,8,9,30,297,30,320,71,876,740,4,20,40.26,0,0.134,0.0,5.003,178.60000000000002,82.26,25,990.0
1999,7,8,10,0,374,67,431,74,891,810,4,20,34.32,0,0.134,0.0,5.025,174.0,77.7,25,990.0
1999,7,8,10,30,422,104,514,76,902,865,4,20,28.990000000000002,0,0.134,0.0,5.047,174.0,77.66,25,990.0
1999,7,8,11,0,438,269,683,78,908,904,8,20,24.69,0,0.134,0.0,5.069,171.8,73.79,26,990.0
1999,7,8,11,30,440,77,512,79,912,924,4,20,22.01,0,0.134,0.0,5.09,171.8,73.75,26,990.0
1999,7,8,12,0,207,10,217,79,912,927,4,21,21.59,0,0.134,0.0,5.111,170.20000000000002,74.46000000000001,26,990.0
1999,7,8,12,30,328,21,347,79,909,913,4,21,23.53,0,0.134,0.0,5.126,170.20000000000002,74.42,26,990.0
1999,7,8,13,0,265,14,278,78,902,880,4,21,27.34,0,0.134,0.0,5.142,171.9,75.47,27,990.0
1999,7,8,13,30,389,72,450,76,892,831,4,21,32.37,0,0.134,0.0,5.152,171.9,75.44,26,990.0
1999,7,8,14,0,353,68,407,73,879,765,4,21,38.13,0,0.134,0.0,5.163,176.60000000000002,76.67,26,990.0
1999,7,8,14,30,252,19,266,71,859,685,4,21,44.34,0,0.134,0.0,5.165,176.60000000000002,76.66,26,990.0
1999,7,8,15,0,202,10,209,66,834,593,4,21,50.82,0,0.134,0.0,5.167,181.10000000000002,78.42,26,990.0
1999,7,8,15,30,170,6,174,62,798,491,4,21,57.480000000000004,0,0.134,0.0,5.1530000000000005,181.10000000000002,83.2,25,990.0
1999,7,8,16,0,150,13,156,55,749,381,4,22,64.25,0,0.134,0.0,5.139,185.10000000000002,85.56,25,990.0
1999,7,8,16,30,107,3,108,48,675,267,4,22,71.11,0,0.134,0.0,5.111,185.10000000000002,90.83,24,990.0
1999,7,8,17,0,56,0,56,38,559,154,4,23,78.0,0,0.134,0.0,5.0840000000000005,186.10000000000002,94.34,24,990.0
1999,7,8,17,30,19,0,19,22,348,53,4,23,84.93,4,0.134,0.1,5.055,186.10000000000002,100.0,23,990.0
1999,7,8,18,0,0,0,0,0,0,0,4,23,91.86,0,0.134,0.2,5.026,182.5,100.0,23,990.0
1999,7,8,18,30,0,0,0,0,0,0,1,22,98.78,0,0.134,0.2,5.0040000000000004,182.5,100.0,23,990.0
1999,7,8,19,0,0,0,0,0,0,0,1,22,105.67,1,0.134,0.30000000000000004,4.9830000000000005,178.10000000000002,100.0,23,990.0
1999,7,8,19,30,0,0,0,0,0,0,1,22,112.51,1,0.134,0.30000000000000004,4.964,178.10000000000002,100.0,22,990.0
1999,7,8,20,0,0,0,0,0,0,0,1,22,119.26,1,0.134,0.30000000000000004,4.946,175.4,100.0,22,990.0
1999,7,8,20,30,0,0,0,0,0,0,0,22,125.9,1,0.134,0.30000000000000004,4.929,175.4,100.0,22,990.0
1999,7,8,21,0,0,0,0,0,0,0,0,22,132.37,1,0.134,0.4,4.913,175.8,100.0,22,990.0
1999,7,8,21,30,0,0,0,0,0,0,0,21,138.56,0,0.134,0.4,4.896,175.8,100.0,21,990.0
1999,7,8,22,0,0,0,0,0,0,0,0,21,144.34,1,0.134,0.4,4.88,177.20000000000002,100.0,21,990.0
1999,7,8,22,30,0,0,0,0,0,0,0,21,149.47,1,0.134,0.30000000000000004,4.865,177.20000000000002,100.0,21,990.0
1999,7,8,23,0,0,0,0,0,0,0,0,21,153.56,1,0.134,0.30000000000000004,4.8500000000000005,180.5,100.0,21,990.0
1999,7,8,23,30,0,0,0,0,0,0,4,20,156.05,1,0.134,0.2,4.8340000000000005,180.5,100.0,20,990.0
1999,7,9,0,0,0,0,0,0,0,0,4,20,156.45000000000002,1,0.134,0.1,4.8180000000000005,181.5,100.0,20,990.0
1999,7,9,0,30,0,0,0,0,0,0,4,20,154.66,0,0.134,0.1,4.803,181.5,100.0,20,990.0
1999,7,9,1,0,0,0,0,0,0,0,4,20,151.07,1,0.134,0.1,4.789,182.3,100.0,20,990.0
1999,7,9,1,30,0,0,0,0,0,0,4,20,146.26,1,0.134,0.0,4.773,182.3,100.0,20,990.0
1999,7,9,2,0,0,0,0,0,0,0,3,20,140.67000000000002,1,0.134,0.0,4.757,182.10000000000002,100.0,20,990.0
1999,7,9,2,30,0,0,0,0,0,0,3,20,134.6,0,0.134,0.0,4.74,182.10000000000002,100.0,20,990.0
1999,7,9,3,0,0,0,0,0,0,0,0,20,128.22,0,0.134,0.0,4.723,182.8,100.0,20,990.0
1999,7,9,3,30,0,0,0,0,0,0,0,20,121.63,0,0.134,0.0,4.711,182.8,100.0,20,990.0
1999,7,9,4,0,0,0,0,0,0,0,0,20,114.91,0,0.134,0.0,4.699,182.9,100.0,20,990.0
1999,7,9,4,30,0,0,0,0,0,0,0,20,108.10000000000001,0,0.134,0.0,4.686,182.9,100.0,20,990.0
1999,7,9,5,0,0,0,0,0,0,0,0,20,101.22,0,0.134,0.0,4.675,182.9,100.0,20,990.0
1999,7,9,5,30,0,0,0,0,0,0,0,20,94.31,0,0.134,0.0,4.663,182.9,100.0,20,990.0
1999,7,9,6,0,15,217,25,15,217,25,0,20,87.37,0,0.134,0.0,4.651,181.60000000000002,99.3,21,990.0
1999,7,9,6,30,35,486,116,35,486,116,0,20,80.44,0,0.134,0.0,4.627,181.60000000000002,99.33,22,990.0
1999,7,9,7,0,47,635,227,47,635,227,0,21,73.53,0,0.134,0.0,4.604,178.8,94.15,23,990.0
1999,7,9,7,30,55,723,342,55,723,342,0,21,66.65,0,0.134,0.0,4.5680000000000005,178.8,88.63,23,990.0
1999,7,9,8,0,60,785,455,60,785,455,0,21,59.84,0,0.134,0.0,4.533,173.60000000000002,83.46000000000001,24,990.0
1999,7,9,8,30,65,827,562,65,827,562,0,21,53.13,0,0.134,0.0,4.499,173.60000000000002,83.45,24,990.0
1999,7,9,9,0,68,858,659,68,858,659,0,20,46.57,0,0.134,0.0,4.466,168.20000000000002,77.78,25,990.0
1999,7,9,9,30,71,880,744,71,880,744,0,20,40.24,0,0.134,0.0,4.439,168.20000000000002,77.75,25,990.0
1999,7,9,10,0,73,897,815,73,897,815,0,20,34.28,0,0.134,0.0,4.413,166.20000000000002,73.26,26,990.0
1999,7,9,10,30,75,909,871,75,909,871,0,20,28.94,0,0.134,0.0,4.402,166.20000000000002,73.23,26,990.0
1999,7,9,11,0,76,916,910,76,916,910,0,21,24.61,0,0.134,0.0,4.392,166.70000000000002,74.03,26,990.0
1999,7,9,11,30,77,920,931,77,920,931,0,21,21.91,0,0.134,0.0,4.388,166.70000000000002,73.99,26,990.0
1999,7,9,12,0,79,919,934,79,919,934,1,21,21.46,0,0.134,0.0,4.384,169.20000000000002,74.71000000000001,27,990.0
1999,7,9,12,30,78,916,920,78,916,920,0,21,23.41,0,0.134,0.0,4.381,169.20000000000002,74.66,27,990.0
1999,7,9,13,0,78,910,887,78,910,887,0,21,27.23,0,0.134,0.0,4.378,173.70000000000002,71.05,27,990.0
1999,7,9,13,30,76,900,837,76,900,837,1,21,32.27,0,0.134,0.0,4.382,173.70000000000002,75.3,27,990.0
1999,7,9,14,0,362,276,580,73,886,772,3,21,38.04,0,0.134,0.0,4.386,180.0,76.73,27,990.0
1999,7,9,14,30,324,253,506,71,866,691,3,21,44.26,0,0.134,0.0,4.386,180.0,76.72,26,980.0
1999,7,9,15,0,277,247,433,65,842,599,3,21,50.75,0,0.134,0.0,4.386,187.4,78.28,26,980.0
1999,7,9,15,30,61,806,495,61,806,495,0,21,57.42,0,0.134,0.0,4.375,187.4,78.28,26,980.0
1999,7,9,16,0,54,759,385,54,759,385,0,22,64.2,0,0.134,0.0,4.365,194.10000000000002,80.31,26,980.0
1999,7,9,16,30,47,685,270,47,685,270,0,22,71.06,0,0.134,0.0,4.344,194.10000000000002,85.21000000000001,25,980.0
1999,7,9,17,0,37,570,156,37,570,156,0,22,77.96000000000001,0,0.134,0.0,4.324,199.4,93.55,25,980.0
1999,7,9,17,30,22,360,54,22,360,54,0,22,84.89,0,0.134,0.0,4.313,199.4,99.37,24,990.0
1999,7,9,18,0,0,0,0,0,0,0,0,22,91.83,0,0.134,0.1,4.303,204.60000000000002,99.53,23,990.0
1999,7,9,18,30,0,0,0,0,0,0,0,22,98.75,0,0.134,0.1,4.311,204.60000000000002,100.0,22,990.0
1999,7,9,19,0,0,0,0,0,0,0,0,22,105.65,1,0.134,0.1,4.32,204.20000000000002,100.0,22,990.0
1999,7,9,19,30,0,0,0,0,0,0,0,22,112.5,0,0.134,0.1,4.341,204.20000000000002,100.0,22,990.0
1999,7,9,20,0,0,0,0,0,0,0,0,22,119.26,0,0.134,0.1,4.362,203.70000000000002,100.0,22,990.0
1999,7,9,20,30,0,0,0,0,0,0,0,21,125.91,0,0.134,0.1,4.384,203.70000000000002,100.0,22,990.0
1999,7,9,21,0,0,0,0,0,0,0,0,21,132.38,0,0.134,0.1,4.406,203.3,100.0,22,990.0
1999,7,9,21,30,0,0,0,0,0,0,0,21,138.59,0,0.134,0.1,4.425,203.3,100.0,21,990.0
1999,7,9,22,0,0,0,0,0,0,0,0,21,144.39000000000001,0,0.134,0.1,4.444,205.0,100.0,21,990.0
1999,7,9,22,30,0,0,0,0,0,0,0,21,149.54,0,0.134,0.1,4.455,205.0,100.0,21,990.0
1999,7,9,23,0,0,0,0,0,0,0,0,21,153.64000000000001,0,0.134,0.1,4.468,209.10000000000002,100.0,21,990.0
1999,7,9,23,30,0,0,0,0,0,0,0,20,156.16,0,0.134,0.1,4.476,209.10000000000002,100.0,21,990.0
1999,7,10,0,0,0,0,0,0,0,0,0,20,156.58,0,0.134,0.1,4.484,213.20000000000002,100.0,21,990.0
1999,7,10,0,30,0,0,0,0,0,0,0,20,154.78,0,0.134,0.1,4.49,213.20000000000002,100.0,20,990.0
1999,7,10,1,0,0,0,0,0,0,0,0,20,151.18,0,0.134,0.1,4.497,216.10000000000002,100.0,20,990.0
1999,7,10,1,30,0,0,0,0,0,0,0,20,146.36,0,0.134,0.1,4.505,216.10000000000002,100.0,20,990.0
1999,7,10,2,0,0,0,0,0,0,0,0,20,140.76,0,0.134,0.1,4.514,217.4,100.0,20,990.0
1999,7,10,2,30,0,0,0,0,0,0,0,20,134.68,0,0.134,0.1,4.522,217.4,100.0,20,990.0
1999,7,10,3,0,0,0,0,0,0,0,0,20,128.29,0,0.134,0.1,4.53,217.5,100.0,20,990.0
1999,7,10,3,30,0,0,0,0,0,0,0,20,121.7,0,0.134,0.1,4.541,217.5,100.0,20,990.0
1999,7,10,4,0,0,0,0,0,0,0,3,20,114.97,0,0.134,0.1,4.5520000000000005,215.8,100.0,20,990.0
1999,7,10,4,30,0,0,0,0,0,0,4,19,108.15,0,0.134,0.0,4.567,215.8,100.0,20,990.0
1999,7,10,5,0,0,0,0,0,0,0,4,19,101.27,0,0.134,0.0,4.583,213.10000000000002,100.0,20,990.0
1999,7,10,5,30,0,0,0,0,0,0,4,19,94.35000000000001,0,0.134,0.0,4.596,213.10000000000002,100.0,20,990.0
1999,7,10,6,0,2,0,2,14,223,24,4,20,87.41,4,0.134,0.0,4.609,210.5,100.0,20,990.0
1999,7,10,6,30,9,0,9,34,492,116,4,20,80.47,0,0.134,0.0,4.615,210.5,99.58,21,990.0
1999,7,10,7,0,71,0,71,46,640,227,4,21,73.55,0,0.134,0.0,4.621,209.20000000000002,97.27,22,990.0
1999,7,10,7,30,133,7,136,54,727,342,4,21,66.67,0,0.134,0.0,4.624,209.20000000000002,97.27,23,990.0
1999,7,10,8,0,191,34,208,58,791,455,4,21,59.85,0,0.134,0.0,4.627,205.10000000000002,90.87,24,990.0
1999,7,10,8,30,265,191,380,62,831,561,3,21,53.13,0,0.134,0.0,4.644,205.10000000000002,85.57000000000001,24,990.0
1999,7,10,9,0,288,337,521,65,861,658,3,20,46.550000000000004,0,0.134,0.0,4.662,202.4,77.86,25,990.0
1999,7,10,9,30,68,882,742,68,882,742,0,20,40.21,0,0.134,0.0,4.679,202.4,77.84,25,990.0
1999,7,10,10,0,72,897,813,72,897,813,0,20,34.24,0,0.134,0.0,4.696,201.4,72.76,26,990.0
1999,7,10,10,30,73,908,869,73,908,869,0,20,28.87,0,0.134,0.0,4.7090000000000005,201.4,72.72,26,990.0
1999,7,10,11,0,76,914,908,76,914,908,0,20,24.52,0,0.134,0.0,4.722,199.70000000000002,73.36,26,990.0
1999,7,10,11,30,76,918,929,76,918,929,0,20,21.79,0,0.134,0.0,4.74,199.70000000000002,73.32000000000001,26,990.0
1999,7,10,12,0,76,919,932,76,919,932,0,21,21.34,0,0.134,0.0,4.758,198.4,69.99,27,990.0
1999,7,10,12,30,75,916,917,75,916,917,0,21,23.28,0,0.134,0.0,4.7860000000000005,198.4,69.95,27,990.0
1999,7,10,13,0,74,910,884,74,910,884,1,21,27.12,0,0.134,0.0,4.814,196.8,70.91,27,980.0
1999,7,10,13,30,373,360,678,72,900,835,3,21,32.17,0,0.134,0.0,4.848,196.8,70.88,27,980.0
1999,7,10,14,0,373,226,551,70,886,769,3,21,37.95,0,0.134,0.0,4.882,197.0,72.07000000000001,27,980.0
1999,7,10,14,30,329,231,495,67,867,689,3,21,44.18,0,0.134,0.0,4.917,197.0,76.42,27,980.0
1999,7,10,15,0,278,242,432,63,841,597,3,21,50.68,0,0.134,0.0,4.953,200.3,78.54,27,980.0
1999,7,10,15,30,233,173,327,59,805,494,3,21,57.35,0,0.134,0.0,4.9830000000000005,200.3,78.54,26,980.0
1999,7,10,16,0,53,757,383,53,757,383,0,22,64.14,0,0.134,0.0,5.013,207.4,80.60000000000001,26,980.0
1999,7,10,16,30,46,684,269,46,684,269,0,22,71.01,0,0.134,0.0,5.035,207.4,85.53,25,980.0
1999,7,10,17,0,75,97,96,36,571,155,3,23,77.92,0,0.134,0.0,5.057,211.70000000000002,88.76,25,980.0
1999,7,10,17,30,28,52,33,21,363,54,3,23,84.86,4,0.134,0.1,5.079,211.70000000000002,94.23,24,980.0
1999,7,10,18,0,0,0,0,0,0,0,3,23,91.8,0,0.134,0.30000000000000004,5.102,210.70000000000002,95.44,24,980.0
1999,7,10,18,30,0,0,0,0,0,0,3,23,98.73,0,0.134,0.30000000000000004,5.125,210.70000000000002,100.0,23,980.0
1999,7,10,19,0,0,0,0,0,0,0,3,23,105.64,1,0.134,0.4,5.149,204.5,100.0,23,990.0
1999,7,10,19,30,0,0,0,0,0,0,4,23,112.49000000000001,0,0.134,0.4,5.168,204.5,100.0,23,990.0
1999,7,10,20,0,0,0,0,0,0,0,4,22,119.26,0,0.134,0.4,5.188,199.9,98.53,23,990.0
1999,7,10,20,30,0,0,0,0,0,0,4,22,125.92,0,0.134,0.4,5.206,199.9,100.0,22,990.0
1999,7,10,21,0,0,0,0,0,0,0,4,22,132.4,0,0.134,0.4,5.2250000000000005,198.9,100.0,22,990.0
1999,7,10,21,30,0,0,0,0,0,0,4,22,138.62,0,0.134,0.4,5.242,198.9,100.0,22,990.0
1999,7,10,22,0,0,0,0,0,0,0,4,22,144.44,0,0.134,0.4,5.259,200.20000000000002,100.0,22,990.0
1999,7,10,22,30,0,0,0,0,0,0,4,21,149.61,0,0.134,0.30000000000000004,5.271,200.20000000000002,100.0,21,990.0
1999,7,10,23,0,0,0,0,0,0,0,4,21,153.74,0,0.134,0.30000000000000004,5.283,206.3,100.0,21,990.0
1999,7,10,23,30,0,0,0,0,0,0,4,21,156.28,0,0.134,0.2,5.288,206.3,100.0,21,990.0
1999,7,11,0,0,0,0,0,0,0,0,4,21,156.71,0,0.134,0.1,5.293,212.9,100.0,21,990.0
1999,7,11,0,30,0,0,0,0,0,0,4,21,154.91,0,0.134,0.0,5.292,212.9,100.0,21,980.0
1999,7,11,1,0,0,0,0,0,0,0,4,21,151.3,0,0.134,0.0,5.292,218.60000000000002,100.0,21,980.0
1999,7,11,1,30,0,0,0,0,0,0,4,21,146.47,0,0.134,0.0,5.287,218.60000000000002,100.0,21,980.0
1999,7,11,2,0,0,0,0,0,0,0,4,21,140.86,0,0.134,0.0,5.283,222.5,100.0,21,980.0
1999,7,11,2,30,0,0,0,0,0,0,1,21,134.77,0,0.134,0.0,5.28,222.5,100.0,21,980.0
1999,7,11,3,0,0,0,0,0,0,0,4,21,128.37,0,0.134,0.0,5.2780000000000005,224.0,100.0,21,980.0
1999,7,11,3,30,0,0,0,0,0,0,3,21,121.77,0,0.134,0.0,5.273,224.0,100.0,21,980.0
1999,7,11,4,0,0,0,0,0,0,0,1,21,115.03,0,0.134,0.0,5.268,221.3,100.0,21,980.0
1999,7,11,4,30,0,0,0,0,0,0,1,20,108.2,0,0.134,0.0,5.263,221.3,100.0,21,990.0
1999,7,11,5,0,0,0,0,0,0,0,4,20,101.31,0,0.134,0.0,5.26,214.3,100.0,21,990.0
1999,7,11,5,30,0,0,0,0,0,0,4,20,94.39,0,0.134,0.0,5.252,214.3,100.0,21,990.0
1999,7,11,6,0,2,0,2,14,240,24,4,21,87.44,4,0.134,0.0,5.244,203.60000000000002,100.0,21,990.0
1999,7,11,6,30,10,0,10,32,505,115,4,21,80.5,0,0.134,0.0,5.235,203.60000000000002,100.0,21,990.0
1999,7,11,7,0,23,0,23,42,650,226,4,21,73.57000000000001,0,0.134,0.0,5.227,196.60000000000002,97.03,22,990.0
1999,7,11,7,30,121,0,121,49,735,340,4,21,66.68,0,0.134,0.0,5.216,196.60000000000002,97.04,22,990.0
1999,7,11,8,0,93,0,93,54,793,452,4,21,59.85,0,0.134,0.0,5.205,203.5,90.75,23,990.0
1999,7,11,8,30,75,0,75,58,833,558,3,21,53.120000000000005,0,0.134,0.0,5.194,203.5,90.75,23,990.0
1999,7,11,9,0,200,7,205,61,863,654,3,21,46.54,0,0.134,0.0,5.183,204.3,84.98,24,990.0
1999,7,11,9,30,173,4,177,63,884,739,3,21,40.18,0,0.134,0.0,5.18,204.3,84.96000000000001,24,990.0
1999,7,11,10,0,289,19,305,65,900,809,3,21,34.19,0,0.134,0.0,5.1770000000000005,203.70000000000002,79.83,25,990.0
1999,7,11,10,30,66,910,865,66,910,865,1,21,28.810000000000002,0,0.134,0.0,5.189,203.70000000000002,79.8,25,990.0
1999,7,11,11,0,68,917,903,68,917,903,1,21,24.43,0,0.134,0.0,5.202,198.9,75.19,26,990.0
1999,7,11,11,30,440,311,729,68,921,925,3,21,21.68,0,0.134,0.0,5.22,198.9,75.16,26,990.0
1999,7,11,12,0,432,64,492,68,922,928,3,21,21.21,0,0.134,0.0,5.239,192.9,75.65,26,980.0
1999,7,11,12,30,68,919,913,68,919,913,0,21,23.150000000000002,0,0.134,0.0,5.259,192.9,75.61,26,980.0
1999,7,11,13,0,67,913,881,67,913,881,0,21,27.0,0,0.134,0.0,5.28,194.0,77.29,26,980.0
1999,7,11,13,30,66,904,832,66,904,832,0,21,32.07,0,0.134,0.0,5.296,194.0,77.26,26,980.0
1999,7,11,14,0,64,890,767,64,890,767,0,21,37.86,0,0.134,0.0,5.312,197.9,78.55,26,980.0
1999,7,11,14,30,61,871,687,61,871,687,0,21,44.1,0,0.134,0.0,5.321,197.9,78.53,26,980.0
1999,7,11,15,0,286,130,369,57,846,595,3,22,50.61,0,0.134,0.0,5.331,198.0,80.09,26,980.0
1999,7,11,15,30,54,812,493,54,812,493,0,22,57.29,0,0.134,0.0,5.331,198.0,84.97,26,980.0
1999,7,11,16,0,49,764,382,49,764,382,0,22,64.09,0,0.134,0.0,5.331,188.4,86.8,26,980.0
1999,7,11,16,30,43,692,269,43,692,269,0,22,70.96000000000001,0,0.134,0.0,5.3180000000000005,188.4,86.82000000000001,25,980.0
1999,7,11,17,0,34,580,156,34,580,156,1,23,77.88,0,0.134,0.0,5.306,197.4,90.27,25,980.0
1999,7,11,17,30,20,376,54,20,376,54,7,23,84.82000000000001,4,0.134,0.1,5.295,197.4,95.84,24,980.0
1999,7,11,18,0,0,0,0,0,0,0,1,23,91.77,0,0.134,0.2,5.2860000000000005,202.3,95.35000000000001,24,980.0
1999,7,11,18,30,0,0,0,0,0,0,3,23,98.71000000000001,0,0.134,0.2,5.275,202.3,100.0,24,980.0
1999,7,11,19,0,0,0,0,0,0,0,3,22,105.62,1,0.134,0.30000000000000004,5.264,202.5,98.62,24,980.0
1999,7,11,19,30,0,0,0,0,0,0,3,22,112.48,0,0.134,0.30000000000000004,5.253,202.5,98.65,23,990.0
1999,7,11,20,0,0,0,0,0,0,0,1,22,119.26,0,0.134,0.30000000000000004,5.242,204.70000000000002,97.15,23,990.0
1999,7,11,20,30,0,0,0,0,0,0,1,22,125.93,0,0.134,0.30000000000000004,5.228,204.70000000000002,97.16,23,990.0
1999,7,11,21,0,0,0,0,0,0,0,3,22,132.43,0,0.134,0.4,5.215,207.0,96.01,23,990.0
1999,7,11,21,30,0,0,0,0,0,0,3,22,138.66,0,0.134,0.4,5.203,207.0,100.0,23,990.0
1999,7,11,22,0,0,0,0,0,0,0,3,22,144.49,0,0.134,0.4,5.192,213.4,100.0,23,990.0
1999,7,11,22,30,0,0,0,0,0,0,1,22,149.68,0,0.134,0.4,5.1770000000000005,213.4,100.0,22,990.0
1999,7,11,23,0,0,0,0,0,0,0,4,22,153.84,0,0.134,0.5,5.162,220.8,100.0,22,990.0
1999,7,11,23,30,0,0,0,0,0,0,3,21,156.4,0,0.134,0.4,5.139,220.8,100.0,21,990.0
1999,7,12,0,0,0,0,0,0,0,0,4,21,156.84,0,0.134,0.4,5.117,226.4,100.0,21,990.0
1999,7,12,0,30,0,0,0,0,0,0,4,21,155.04,0,0.134,0.30000000000000004,5.087,226.4,100.0,21,980.0
1999,7,12,1,0,0,0,0,0,0,0,4,21,151.43,0,0.134,0.2,5.057,232.0,100.0,21,980.0
1999,7,12,1,30,0,0,0,0,0,0,4,20,146.58,0,0.134,0.1,5.024,232.0,100.0,21,980.0
1999,7,12,2,0,0,0,0,0,0,0,4,20,140.96,0,0.134,0.1,4.992,234.70000000000002,100.0,21,980.0
1999,7,12,2,30,0,0,0,0,0,0,4,20,134.85,0,0.134,0.0,4.958,234.70000000000002,100.0,20,980.0
1999,7,12,3,0,0,0,0,0,0,0,4,20,128.44,0,0.134,0.0,4.925,238.10000000000002,100.0,20,980.0
1999,7,12,3,30,0,0,0,0,0,0,4,20,121.83,0,0.134,0.0,4.893,238.10000000000002,100.0,20,980.0
1999,7,12,4,0,0,0,0,0,0,0,1,20,115.09,0,0.134,0.0,4.861,235.8,100.0,20,990.0
1999,7,12,4,30,0,0,0,0,0,0,4,20,108.25,0,0.134,0.0,4.835,235.8,100.0,20,990.0
1999,7,12,5,0,0,0,0,0,0,0,4,20,101.35000000000001,0,0.134,0.0,4.8100000000000005,231.20000000000002,100.0,20,990.0
1999,7,12,5,30,0,0,0,0,0,0,4,20,94.42,0,0.134,0.0,4.7940000000000005,231.20000000000002,100.0,20,990.0
1999,7,12,6,0,0,0,0,13,252,24,4,21,87.47,4,0.134,0.0,4.7780000000000005,225.5,100.0,21,990.0
1999,7,12,6,30,3,0,3,30,518,116,4,21,80.52,0,0.134,0.0,4.782,225.5,100.0,21,990.0
1999,7,12,7,0,94,2,94,40,659,226,3,21,73.59,0,0.134,0.0,4.7860000000000005,220.9,99.01,22,990.0
1999,7,12,7,30,157,79,189,47,743,341,3,21,66.69,0,0.134,0.0,4.791,220.9,99.01,23,990.0
1999,7,12,8,0,52,799,454,52,799,454,0,21,59.85,0,0.134,0.0,4.797,213.5,94.0,24,990.0
1999,7,12,8,30,56,838,560,56,838,560,0,21,53.11,0,0.134,0.0,4.815,213.5,88.5,24,990.0
1999,7,12,9,0,58,868,656,58,868,656,1,22,46.52,0,0.134,0.0,4.8340000000000005,198.60000000000002,83.92,25,990.0
1999,7,12,9,30,61,888,740,61,888,740,1,22,40.15,0,0.134,0.0,4.869,198.60000000000002,83.9,25,990.0
1999,7,12,10,0,377,70,435,63,904,811,3,22,34.14,0,0.134,0.0,4.905,186.3,79.43,26,990.0
1999,7,12,10,30,64,914,866,64,914,866,0,22,28.73,0,0.134,0.0,4.95,186.3,79.41,26,990.0
1999,7,12,11,0,67,920,906,67,920,906,1,22,24.330000000000002,0,0.134,0.0,4.995,174.70000000000002,79.46000000000001,27,990.0
1999,7,12,11,30,452,92,538,68,923,927,3,22,21.55,0,0.134,0.0,5.043,174.70000000000002,79.43,27,990.0
1999,7,12,12,0,70,922,931,70,922,931,0,22,21.07,0,0.134,0.0,5.091,165.8,74.99,27,980.0
1999,7,12,12,30,398,388,755,70,919,916,8,22,23.02,0,0.134,0.0,5.14,165.8,74.96000000000001,27,980.0
1999,7,12,13,0,426,279,675,70,912,884,7,22,26.88,0,0.134,0.0,5.19,165.0,76.9,27,980.0
1999,7,12,13,30,69,902,834,69,902,834,0,22,31.96,0,0.134,0.0,5.231,165.0,81.53,27,980.0
1999,7,12,14,0,66,888,769,66,888,769,0,23,37.77,0,0.134,0.0,5.273,170.4,83.72,27,980.0
1999,7,12,14,30,64,869,689,64,869,689,0,23,44.02,0,0.134,0.0,5.293,170.4,83.7,27,980.0
1999,7,12,15,0,60,844,597,60,844,597,0,23,50.54,0,0.134,0.0,5.314,174.70000000000002,85.09,27,980.0
1999,7,12,15,30,56,809,494,56,809,494,0,23,57.230000000000004,0,0.134,0.0,5.3180000000000005,174.70000000000002,85.09,26,980.0
1999,7,12,16,0,51,761,384,51,761,384,1,23,64.04,0,0.134,0.0,5.323,177.8,87.05,26,980.0
1999,7,12,16,30,45,689,270,45,689,270,0,23,70.92,0,0.134,0.0,5.324,177.8,92.37,25,980.0
1999,7,12,17,0,61,358,136,36,574,157,8,24,77.84,0,0.134,0.0,5.3260000000000005,185.4,95.31,25,980.0
1999,7,12,17,30,25,251,48,21,368,55,8,24,84.79,4,0.134,0.1,5.32,185.4,100.0,24,980.0
1999,7,12,18,0,0,0,0,0,0,0,3,24,91.75,0,0.134,0.30000000000000004,5.315,186.9,100.0,24,980.0
1999,7,12,18,30,0,0,0,0,0,0,7,23,98.69,0,0.134,0.30000000000000004,5.311,186.9,100.0,24,980.0
1999,7,12,19,0,0,0,0,0,0,0,7,23,105.61,1,0.134,0.4,5.307,184.4,100.0,24,980.0
1999,7,12,19,30,0,0,0,0,0,0,8,23,112.48,0,0.134,0.4,5.295,184.4,100.0,23,990.0
1999,7,12,20,0,0,0,0,0,0,0,7,23,119.27,0,0.134,0.5,5.284,187.0,100.0,23,990.0
1999,7,12,20,30,0,0,0,0,0,0,8,23,125.95,0,0.134,0.5,5.268,187.0,100.0,23,990.0
1999,7,12,21,0,0,0,0,0,0,0,7,23,132.46,0,0.134,0.5,5.253,193.4,100.0,23,990.0
1999,7,12,21,30,0,0,0,0,0,0,7,22,138.70000000000002,0,0.134,0.5,5.232,193.4,100.0,23,990.0
1999,7,12,22,0,0,0,0,0,0,0,0,22,144.55,0,0.134,0.5,5.212,203.3,100.0,23,990.0
1999,7,12,22,30,0,0,0,0,0,0,1,22,149.76,0,0.134,0.4,5.183,203.3,100.0,22,990.0
1999,7,12,23,0,0,0,0,0,0,0,3,22,153.94,0,0.134,0.4,5.156,209.8,100.0,22,990.0
1999,7,12,23,30,0,0,0,0,0,0,8,21,156.53,0,0.134,0.30000000000000004,5.124,209.8,100.0,22,990.0
1999,7,13,0,0,0,0,0,0,0,0,8,21,156.98,0,0.134,0.30000000000000004,5.0920000000000005,213.5,100.0,22,990.0
1999,7,13,0,30,0,0,0,0,0,0,3,21,155.18,0,0.134,0.2,5.066,213.5,100.0,21,990.0
1999,7,13,1,0,0,0,0,0,0,0,0,21,151.55,0,0.134,0.2,5.04,215.10000000000002,100.0,21,990.0
1999,7,13,1,30,0,0,0,0,0,0,1,21,146.69,0,0.134,0.1,5.016,215.10000000000002,100.0,21,990.0
1999,7,13,2,0,0,0,0,0,0,0,1,21,141.05,0,0.134,0.1,4.994,214.20000000000002,100.0,21,990.0
1999,7,13,2,30,0,0,0,0,0,0,1,21,134.94,0,0.134,0.1,4.978,214.20000000000002,100.0,21,990.0
1999,7,13,3,0,0,0,0,0,0,0,3,21,128.52,0,0.134,0.1,4.962,210.5,100.0,21,990.0
1999,7,13,3,30,0,0,0,0,0,0,4,21,121.9,0,0.134,0.1,4.954,210.5,100.0,21,990.0
1999,7,13,4,0,0,0,0,0,0,0,4,21,115.14,0,0.134,0.1,4.947,209.20000000000002,100.0,21,990.0
1999,7,13,4,30,0,0,0,0,0,0,4,21,108.3,0,0.134,0.1,4.939,209.20000000000002,100.0,21,990.0
1999,7,13,5,0,0,0,0,0,0,0,3,21,101.4,0,0.134,0.1,4.933,209.8,100.0,21,990.0
1999,7,13,5,30,0,0,0,0,0,0,7,21,94.46000000000001,0,0.134,0.0,4.9270000000000005,209.8,100.0,21,990.0
1999,7,13,6,0,0,0,0,14,229,24,4,21,87.5,4,0.134,0.0,4.922,210.60000000000002,100.0,21,990.0
1999,7,13,6,30,3,0,3,33,499,115,4,22,80.54,0,0.134,0.0,4.9190000000000005,210.60000000000002,100.0,22,990.0
1999,7,13,7,0,23,0,23,44,645,226,4,23,73.60000000000001,0,0.134,0.0,4.917,212.4,100.0,23,990.0
1999,7,13,7,30,153,56,176,52,731,341,3,23,66.7,0,0.134,0.0,4.922,212.4,100.0,23,990.0
1999,7,13,8,0,203,60,234,56,792,454,3,23,59.85,0,0.134,0.0,4.9270000000000005,211.4,98.89,24,990.0
1999,7,13,8,30,230,31,249,60,832,560,4,23,53.1,0,0.134,0.0,4.942,211.4,98.88,24,990.0
1999,7,13,9,0,139,0,139,63,862,657,4,23,46.49,0,0.134,0.0,4.958,194.4,92.13,25,990.0
1999,7,13,9,30,206,8,213,66,883,741,4,23,40.11,0,0.134,0.0,4.9750000000000005,194.4,92.11,25,990.0
1999,7,13,10,0,134,0,134,67,900,812,8,23,34.09,0,0.134,0.0,4.993,176.60000000000002,84.18,26,990.0
1999,7,13,10,30,196,8,203,68,911,868,7,23,28.650000000000002,0,0.134,0.0,5.019,176.60000000000002,84.15,26,990.0
1999,7,13,11,0,280,15,294,68,918,906,8,22,24.22,0,0.134,0.0,5.046,164.4,78.2,27,990.0
1999,7,13,11,30,308,17,324,69,922,928,7,22,21.42,0,0.134,0.0,5.087,164.4,78.16,27,990.0
1999,7,13,12,0,185,8,193,69,922,931,4,22,20.92,0,0.134,0.0,5.128,153.70000000000002,78.02,27,990.0
1999,7,13,12,30,423,61,480,69,919,916,8,22,22.88,0,0.134,0.0,5.174,153.70000000000002,77.99,27,990.0
1999,7,13,13,0,438,116,542,69,913,884,8,22,26.75,0,0.134,0.0,5.221,146.1,77.93,27,980.0
1999,7,13,13,30,328,468,726,68,903,835,8,22,31.85,0,0.134,0.0,5.255,146.1,77.9,27,980.0
1999,7,13,14,0,223,563,669,66,889,770,8,23,37.68,4,0.134,0.0,5.289,145.20000000000002,79.04,27,980.0
1999,7,13,14,30,329,239,502,64,870,690,8,23,43.94,0,0.134,0.0,5.308,145.20000000000002,79.02,27,980.0
1999,7,13,15,0,284,217,422,61,844,598,8,23,50.47,0,0.134,0.0,5.327,150.9,81.23,27,980.0
1999,7,13,15,30,230,219,349,57,809,495,4,23,57.17,0,0.134,0.0,5.335,150.9,86.14,26,980.0
1999,7,13,16,0,52,760,385,52,760,385,0,24,63.99,0,0.134,0.0,5.343,153.0,89.8,26,980.0
1999,7,13,16,30,45,688,271,45,688,271,7,24,70.87,3,0.134,0.0,5.345,153.0,95.29,25,980.0
1999,7,13,17,0,36,573,157,36,573,157,7,24,77.8,3,0.134,0.1,5.348,167.70000000000002,98.99000000000001,25,980.0
1999,7,13,17,30,22,367,55,22,367,55,8,24,84.76,4,0.134,0.2,5.354,167.70000000000002,99.01,25,980.0
1999,7,13,18,0,0,0,0,0,0,0,7,24,91.73,0,0.134,0.30000000000000004,5.361,163.70000000000002,96.95,25,980.0
1999,7,13,18,30,0,0,0,0,0,0,7,24,98.68,0,0.134,0.30000000000000004,5.362,163.70000000000002,100.0,24,990.0
1999,7,13,19,0,0,0,0,0,0,0,7,24,105.60000000000001,1,0.134,0.4,5.364,154.70000000000002,100.0,24,990.0
1999,7,13,19,30,0,0,0,0,0,0,8,24,112.48,0,0.134,0.4,5.357,154.70000000000002,100.0,24,990.0
1999,7,13,20,0,0,0,0,0,0,0,7,23,119.28,0,0.134,0.5,5.351,150.3,99.3,24,990.0
1999,7,13,20,30,0,0,0,0,0,0,7,23,125.97,0,0.134,0.5,5.3340000000000005,150.3,99.31,24,990.0
1999,7,13,21,0,0,0,0,0,0,0,7,23,132.49,0,0.134,0.5,5.3180000000000005,154.70000000000002,98.19,24,990.0
1999,7,13,21,30,0,0,0,0,0,0,4,23,138.75,0,0.134,0.5,5.293,154.70000000000002,100.0,24,990.0
1999,7,13,22,0,0,0,0,0,0,0,4,23,144.62,0,0.134,0.5,5.269,157.60000000000002,100.0,24,990.0
1999,7,13,22,30,0,0,0,0,0,0,4,23,149.85,0,0.134,0.4,5.244,157.60000000000002,100.0,23,990.0
1999,7,13,23,0,0,0,0,0,0,0,4,23,154.06,0,0.134,0.4,5.219,156.70000000000002,100.0,23,990.0
1999,7,13,23,30,0,0,0,0,0,0,4,23,156.67000000000002,1,0.134,0.4,5.2,156.70000000000002,100.0,23,990.0
1999,7,14,0,0,0,0,0,0,0,0,4,23,157.13,0,0.134,0.4,5.181,153.20000000000002,100.0,23,990.0
1999,7,14,0,30,0,0,0,0,0,0,4,23,155.33,0,0.134,0.30000000000000004,5.166,153.20000000000002,100.0,23,980.0
1999,7,14,1,0,0,0,0,0,0,0,3,23,151.68,0,0.134,0.2,5.152,148.3,100.0,23,980.0
1999,7,14,1,30,0,0,0,0,0,0,3,23,146.8,0,0.134,0.2,5.146,148.3,100.0,23,980.0
1999,7,14,2,0,0,0,0,0,0,0,1,22,141.15,0,0.134,0.2,5.14,138.1,98.99000000000001,23,980.0
1999,7,14,2,30,0,0,0,0,0,0,0,22,135.03,0,0.134,0.1,5.131,138.1,98.99000000000001,23,980.0
1999,7,14,3,0,0,0,0,0,0,0,3,22,128.59,0,0.134,0.1,5.122,121.30000000000001,97.77,23,980.0
1999,7,14,3,30,0,0,0,0,0,0,0,22,121.96000000000001,0,0.134,0.1,5.112,121.30000000000001,100.0,23,980.0
1999,7,14,4,0,0,0,0,0,0,0,3,22,115.2,0,0.134,0.1,5.103,113.5,100.0,23,990.0
1999,7,14,4,30,0,0,0,0,0,0,3,22,108.35000000000001,0,0.134,0.1,5.093,113.5,100.0,23,990.0
1999,7,14,5,0,0,0,0,0,0,0,1,22,101.44,0,0.134,0.1,5.0840000000000005,149.20000000000002,100.0,23,990.0
1999,7,14,5,30,0,0,0,0,0,0,0,22,94.49,0,0.134,0.1,5.071,149.20000000000002,100.0,22,990.0
1999,7,14,6,0,14,231,24,14,231,24,0,22,87.53,0,0.134,0.2,5.0600000000000005,218.0,100.0,22,990.0
1999,7,14,6,30,42,0,42,32,502,115,4,22,80.56,0,0.134,0.1,5.035,218.0,100.0,22,990.0
1999,7,14,7,0,53,0,53,43,647,226,4,23,73.61,0,0.134,0.1,5.011,236.5,100.0,23,990.0
1999,7,14,7,30,122,0,122,51,734,341,4,23,66.7,0,0.134,0.1,4.9830000000000005,236.5,100.0,23,990.0
1999,7,14,8,0,149,0,150,55,793,454,4,24,59.84,0,0.134,0.1,4.955,230.10000000000002,100.0,24,990.0
1999,7,14,8,30,134,0,134,60,834,561,4,24,53.08,0,0.134,0.1,4.934,230.10000000000002,100.0,24,990.0
1999,7,14,9,0,279,40,307,63,863,658,3,24,46.46,0,0.134,0.1,4.913,211.3,97.38,25,990.0
1999,7,14,9,30,360,118,451,66,885,743,3,24,40.07,0,0.134,0.0,4.9110000000000005,211.3,97.36,25,990.0
1999,7,14,10,0,403,165,540,68,900,814,3,23,34.03,0,0.134,0.0,4.91,161.70000000000002,93.38,26,990.0
1999,7,14,10,30,409,73,474,69,911,870,3,23,28.57,0,0.134,0.0,4.9350000000000005,161.70000000000002,93.36,26,990.0
1999,7,14,11,0,456,160,603,70,919,909,3,23,24.11,0,0.134,0.0,4.96,127.9,84.07000000000001,26,990.0
1999,7,14,11,30,467,190,645,70,922,930,3,23,21.28,0,0.134,0.0,4.992,127.9,84.04,26,990.0
1999,7,14,12,0,442,325,746,69,923,933,3,23,20.77,0,0.134,0.0,5.025,112.9,84.4,26,990.0
1999,7,14,12,30,462,147,597,69,921,919,3,23,22.73,0,0.134,0.0,5.05,112.9,84.36,26,990.0
1999,7,14,13,0,67,916,886,67,916,886,0,23,26.62,0,0.134,0.0,5.0760000000000005,102.10000000000001,85.08,26,980.0
1999,7,14,13,30,66,906,837,66,906,837,0,23,31.740000000000002,0,0.134,0.0,5.095,102.10000000000001,85.04,26,980.0
1999,7,14,14,0,64,893,771,64,893,771,0,23,37.58,0,0.134,0.0,5.115,89.4,86.2,26,980.0
1999,7,14,14,30,61,874,692,61,874,692,0,23,43.85,0,0.134,0.0,5.125,89.4,86.18,26,980.0
1999,7,14,15,0,58,849,599,58,849,599,0,24,50.4,0,0.134,0.0,5.1370000000000005,61.300000000000004,89.11,26,980.0
1999,7,14,15,30,54,814,496,54,814,496,0,24,57.11,0,0.134,0.0,5.152,61.300000000000004,94.53,25,980.0
1999,7,14,16,0,50,765,386,50,765,386,0,24,63.93,0,0.134,0.0,5.168,42.0,97.25,25,980.0
1999,7,14,16,30,44,693,272,44,693,272,0,24,70.83,0,0.134,0.0,5.176,42.0,100.0,25,980.0
1999,7,14,17,0,36,577,158,36,577,158,0,24,77.77,0,0.134,0.1,5.184,10.8,100.0,25,980.0
1999,7,14,17,30,22,371,56,22,371,56,0,24,84.73,0,0.134,0.2,5.181,10.8,100.0,24,980.0
1999,7,14,18,0,0,0,0,0,0,0,0,24,91.7,0,0.134,0.30000000000000004,5.179,354.5,100.0,24,980.0
1999,7,14,18,30,0,0,0,0,0,0,3,24,98.66,0,0.134,0.30000000000000004,5.176,354.5,100.0,24,980.0
1999,7,14,19,0,0,0,0,0,0,0,3,23,105.60000000000001,1,0.134,0.4,5.174,336.3,98.26,24,980.0
1999,7,14,19,30,0,0,0,0,0,0,0,23,112.48,0,0.134,0.4,5.171,336.3,100.0,24,980.0
1999,7,14,20,0,0,0,0,0,0,0,3,23,119.29,0,0.134,0.4,5.168,308.20000000000005,100.0,24,980.0
1999,7,14,20,30,0,0,0,0,0,0,1,23,125.99000000000001,0,0.134,0.4,5.159,308.20000000000005,100.0,23,990.0
1999,7,14,21,0,0,0,0,0,0,0,7,23,132.52,0,0.134,0.5,5.15,286.7,100.0,23,990.0
1999,7,14,21,30,0,0,0,0,0,0,0,23,138.8,0,0.134,0.5,5.132,286.7,100.0,23,990.0
1999,7,14,22,0,0,0,0,0,0,0,3,23,144.69,0,0.134,0.5,5.114,278.7,100.0,23,990.0
1999,7,14,22,30,0,0,0,0,0,0,1,23,149.94,0,0.134,0.5,5.061,278.7,100.0,23,990.0
1999,7,14,23,0,0,0,0,0,0,0,0,22,154.17000000000002,0,0.134,0.5,5.01,275.2,99.62,23,990.0
1999,7,14,23,30,0,0,0,0,0,0,0,22,156.81,0,0.134,0.5,4.93,275.2,100.0,22,980.0
1999,7,15,0,0,0,0,0,0,0,0,3,22,157.29,0,0.134,0.5,4.851,270.90000000000003,100.0,22,980.0
1999,7,15,0,30,0,0,0,0,0,0,1,22,155.48,0,0.134,0.5,4.769,270.90000000000003,100.0,22,980.0
1999,7,15,1,0,0,0,0,0,0,0,1,22,151.82,0,0.134,0.6000000000000001,4.688,267.5,100.0,22,980.0
1999,7,15,1,30,0,0,0,0,0,0,1,22,146.92000000000002,0,0.134,0.6000000000000001,4.624,267.5,100.0,22,980.0
1999,7,15,2,0,0,0,0,0,0,0,0,22,141.26,0,0.134,0.6000000000000001,4.561,265.0,100.0,22,980.0
1999,7,15,2,30,0,0,0,0,0,0,4,21,135.11,0,0.134,0.6000000000000001,4.531,265.0,100.0,22,980.0
1999,7,15,3,0,0,0,0,0,0,0,3,21,128.67000000000002,0,0.134,0.6000000000000001,4.501,260.40000000000003,100.0,22,980.0
1999,7,15,3,30,0,0,0,0,0,0,4,21,122.03,0,0.134,0.6000000000000001,4.5,260.40000000000003,100.0,21,980.0
1999,7,15,4,0,0,0,0,0,0,0,4,21,115.26,0,0.134,0.6000000000000001,4.499,253.20000000000002,100.0,21,980.0
1999,7,15,4,30,0,0,0,0,0,0,4,21,108.4,0,0.134,0.6000000000000001,4.523,253.20000000000002,100.0,21,980.0
1999,7,15,5,0,0,0,0,0,0,0,7,21,101.48,0,0.134,0.6000000000000001,4.547,242.60000000000002,100.0,21,990.0
1999,7,15,5,30,0,0,0,0,0,0,7,21,94.52,0,0.134,0.5,4.582,242.60000000000002,100.0,21,990.0
1999,7,15,6,0,12,0,12,14,203,23,7,21,87.55,4,0.134,0.4,4.617,233.10000000000002,100.0,21,990.0
1999,7,15,6,30,55,23,59,35,484,114,8,21,80.58,0,0.134,0.2,4.654,233.10000000000002,99.64,22,990.0
1999,7,15,7,0,40,0,40,47,634,226,8,23,73.62,0,0.134,0.0,4.6930000000000005,215.60000000000002,100.0,23,990.0
1999,7,15,7,30,50,0,50,55,723,341,8,23,66.7,0,0.134,0.0,4.732,215.60000000000002,100.0,23,990.0
1999,7,15,8,0,115,0,115,60,785,455,7,24,59.84,0,0.134,0.0,4.772,155.60000000000002,100.0,24,990.0
1999,7,15,8,30,134,0,134,65,826,562,7,24,53.07,0,0.134,0.0,4.821,155.60000000000002,100.0,24,990.0
1999,7,15,9,0,219,11,228,69,855,659,4,23,46.43,0,0.134,0.0,4.87,141.0,93.10000000000001,25,990.0
1999,7,15,9,30,327,357,601,72,877,744,3,23,40.02,0,0.134,0.0,4.917,141.0,93.08,25,990.0
1999,7,15,10,0,352,382,670,75,893,815,3,22,33.96,0,0.134,0.0,4.964,147.3,82.13,26,990.0
1999,7,15,10,30,434,152,568,76,904,871,3,22,28.48,0,0.134,0.0,5.014,147.3,82.10000000000001,26,990.0
1999,7,15,11,0,78,910,910,78,910,910,0,22,23.990000000000002,0,0.134,0.0,5.065,148.9,80.59,27,990.0
1999,7,15,11,30,79,914,932,79,914,932,1,22,21.14,0,0.134,0.0,5.121,148.9,80.55,27,990.0
1999,7,15,12,0,79,914,935,79,914,935,0,22,20.62,0,0.134,0.0,5.178,147.3,75.93,27,980.0
1999,7,15,12,30,79,911,920,79,911,920,0,22,22.580000000000002,0,0.134,0.0,5.231,147.3,80.48,27,980.0
1999,7,15,13,0,78,905,888,78,905,888,0,22,26.490000000000002,0,0.134,0.0,5.2860000000000005,145.5,81.05,27,980.0
1999,7,15,13,30,76,895,838,76,895,838,0,22,31.62,0,0.134,0.0,5.329,145.5,81.03,26,980.0
1999,7,15,14,0,74,881,773,74,881,773,0,22,37.480000000000004,0,0.134,0.0,5.372,143.9,82.23,26,980.0
1999,7,15,14,30,71,861,693,71,861,693,0,22,43.77,0,0.134,0.0,5.3950000000000005,143.9,82.22,26,980.0
1999,7,15,15,0,67,835,600,67,835,600,0,23,50.33,0,0.134,0.0,5.418,144.70000000000002,84.73,26,980.0
1999,7,15,15,30,63,799,497,63,799,497,0,23,57.050000000000004,0,0.134,0.0,5.415,144.70000000000002,89.9,25,980.0
1999,7,15,16,0,57,748,386,57,748,386,0,23,63.88,0,0.134,0.0,5.412,147.8,92.09,25,980.0
1999,7,15,16,30,50,674,272,50,674,272,0,23,70.79,0,0.134,0.0,5.385,147.8,97.77,24,980.0
1999,7,15,17,0,39,556,158,39,556,158,0,23,77.73,0,0.134,0.0,5.359,146.1,99.79,24,980.0
1999,7,15,17,30,23,345,55,23,345,55,0,23,84.71000000000001,0,0.134,0.0,5.323,146.1,100.0,23,980.0
1999,7,15,18,0,0,0,0,0,0,0,0,23,91.68,0,0.134,0.1,5.288,142.4,100.0,23,980.0
1999,7,15,18,30,0,0,0,0,0,0,0,23,98.65,0,0.134,0.1,5.246,142.4,100.0,23,980.0
1999,7,15,19,0,0,0,0,0,0,0,0,23,105.59,1,0.134,0.2,5.204,134.20000000000002,100.0,23,990.0
1999,7,15,19,30,0,0,0,0,0,0,1,23,112.49000000000001,0,0.134,0.2,5.154,134.20000000000002,100.0,23,990.0
1999,7,15,20,0,0,0,0,0,0,0,7,23,119.31,0,0.134,0.2,5.105,130.4,100.0,23,990.0
1999,7,15,20,30,0,0,0,0,0,0,7,22,126.02,0,0.134,0.2,5.056,130.4,100.0,23,990.0
1999,7,15,21,0,0,0,0,0,0,0,7,22,132.56,0,0.134,0.2,5.008,137.9,100.0,23,990.0
1999,7,15,21,30,0,0,0,0,0,0,6,22,138.86,0,0.134,0.2,4.9670000000000005,137.9,100.0,23,990.0
1999,7,15,22,0,0,0,0,0,0,0,6,22,144.76,0,0.134,0.30000000000000004,4.926,161.10000000000002,100.0,23,990.0
1999,7,15,22,30,0,0,0,0,0,0,6,22,150.04,0,0.134,0.30000000000000004,4.8950000000000005,161.10000000000002,100.0,23,990.0
1999,7,15,23,0,0,0,0,0,0,0,6,22,154.3,0,0.134,0.30000000000000004,4.864,197.10000000000002,100.0,23,990.0
1999,7,15,23,30,0,0,0,0,0,0,6,22,156.96,0,0.134,0.30000000000000004,4.843,197.10000000000002,100.0,22,990.0
1999,7,16,0,0,0,0,0,0,0,0,6,22,157.44,0,0.134,0.4,4.824,227.0,100.0,22,980.0
1999,7,16,0,30,0,0,0,0,0,0,6,21,155.63,0,0.134,0.4,4.808,227.0,100.0,22,980.0
1999,7,16,1,0,0,0,0,0,0,0,6,21,151.96,0,0.134,0.4,4.793,238.9,100.0,22,980.0
1999,7,16,1,30,0,0,0,0,0,0,7,21,147.04,0,0.134,0.4,4.777,238.9,100.0,21,980.0
1999,7,16,2,0,0,0,0,0,0,0,7,21,141.36,0,0.134,0.4,4.7620000000000005,243.70000000000002,100.0,21,980.0
1999,7,16,2,30,0,0,0,0,0,0,7,21,135.2,0,0.134,0.4,4.741,243.70000000000002,100.0,21,980.0
1999,7,16,3,0,0,0,0,0,0,0,7,21,128.75,0,0.134,0.4,4.721,240.10000000000002,100.0,21,980.0
1999,7,16,3,30,0,0,0,0,0,0,7,20,122.09,0,0.134,0.30000000000000004,4.696,240.10000000000002,100.0,21,980.0
1999,7,16,4,0,0,0,0,0,0,0,0,20,115.31,0,0.134,0.30000000000000004,4.671,223.70000000000002,100.0,21,980.0
1999,7,16,4,30,0,0,0,0,0,0,1,20,108.44,0,0.134,0.30000000000000004,4.6450000000000005,223.70000000000002,100.0,20,980.0
1999,7,16,5,0,0,0,0,0,0,0,0,20,101.52,0,0.134,0.30000000000000004,4.62,204.9,100.0,20,980.0
1999,7,16,5,30,0,0,0,0,0,0,0,20,94.56,0,0.134,0.2,4.604,204.9,100.0,20,980.0
1999,7,16,6,0,6,0,6,14,200,23,3,20,87.57000000000001,4,0.134,0.1,4.589,192.3,100.0,21,990.0
1999,7,16,6,30,33,0,33,35,480,114,3,21,80.60000000000001,4,0.134,0.0,4.585,192.3,100.0,21,990.0
1999,7,16,7,0,66,0,66,48,628,225,3,22,73.63,0,0.134,0.0,4.582,169.8,100.0,22,990.0
1999,7,16,7,30,144,26,155,57,718,342,4,22,66.7,0,0.134,0.0,4.587,169.8,100.0,22,990.0
1999,7,16,8,0,62,782,456,62,782,456,0,22,59.83,0,0.134,0.0,4.5920000000000005,121.5,99.97,23,990.0
1999,7,16,8,30,68,824,563,68,824,563,0,22,53.04,0,0.134,0.0,4.601,121.5,99.98,23,990.0
1999,7,16,9,0,71,856,661,71,856,661,0,22,46.4,0,0.134,0.0,4.611,107.30000000000001,91.5,24,990.0
1999,7,16,9,30,360,111,445,74,878,747,3,22,39.97,0,0.134,0.0,4.625,107.30000000000001,91.49,24,990.0
1999,7,16,10,0,314,25,335,76,895,819,3,22,33.89,0,0.134,0.0,4.639,99.0,84.41,25,990.0
1999,7,16,10,30,430,118,534,78,906,875,3,22,28.39,0,0.134,0.0,4.657,99.0,84.38,25,990.0
1999,7,16,11,0,78,914,915,78,914,915,1,22,23.87,0,0.134,0.0,4.6770000000000005,94.60000000000001,79.12,26,990.0
1999,7,16,11,30,79,918,936,79,918,936,0,22,20.990000000000002,0,0.134,0.0,4.683,94.60000000000001,79.08,26,990.0
1999,7,16,12,0,79,919,940,79,919,940,0,22,20.45,0,0.134,0.0,4.689,98.4,74.76,27,990.0
1999,7,16,12,30,79,916,926,79,916,926,0,22,22.43,0,0.134,0.0,4.679,98.4,74.73,27,980.0
1999,7,16,13,0,78,910,894,78,910,894,1,22,26.35,0,0.134,0.0,4.6690000000000005,102.60000000000001,75.49,27,980.0
1999,7,16,13,30,310,22,329,76,901,844,3,22,31.51,0,0.134,0.0,4.6530000000000005,102.60000000000001,75.46000000000001,27,980.0
1999,7,16,14,0,377,115,469,74,886,779,3,22,37.39,0,0.134,0.0,4.638,100.4,76.21000000000001,27,980.0
1999,7,16,14,30,325,132,421,71,867,699,3,22,43.69,1,0.134,0.0,4.619,100.4,80.8,27,980.0
1999,7,16,15,0,275,89,332,68,841,606,4,23,50.26,1,0.134,0.0,4.6000000000000005,96.10000000000001,83.62,27,980.0
1999,7,16,15,30,231,82,275,63,805,502,4,23,56.99,0,0.134,0.0,4.574,96.10000000000001,83.62,26,980.0
1999,7,16,16,0,177,83,214,58,755,391,4,23,63.83,1,0.134,0.0,4.549,94.10000000000001,87.55,26,980.0
1999,7,16,16,30,126,75,151,50,681,275,4,23,70.75,1,0.134,0.1,4.53,94.10000000000001,92.9,25,980.0
1999,7,16,17,0,75,56,87,40,562,160,4,24,77.7,1,0.134,0.2,4.511,69.9,94.82000000000001,25,980.0
1999,7,16,17,30,29,15,31,24,352,56,1,24,84.68,1,0.134,0.2,4.494,69.9,100.0,24,980.0
1999,7,16,18,0,0,0,0,0,0,0,1,22,91.67,1,0.134,0.30000000000000004,4.477,47.5,92.79,24,980.0
1999,7,16,18,30,0,0,0,0,0,0,1,22,98.64,0,0.134,0.30000000000000004,4.4750000000000005,47.5,92.83,24,980.0
1999,7,16,19,0,0,0,0,0,0,0,1,22,105.59,1,0.134,0.4,4.473,26.3,91.25,24,990.0
1999,7,16,19,30,0,0,0,0,0,0,0,22,112.49000000000001,0,0.134,0.4,4.478,26.3,96.93,24,990.0
1999,7,16,20,0,0,0,0,0,0,0,0,22,119.32000000000001,0,0.134,0.5,4.484,12.5,96.73,24,990.0
1999,7,16,20,30,0,0,0,0,0,0,0,22,126.05,0,0.134,0.5,4.489,12.5,96.75,23,990.0
1999,7,16,21,0,0,0,0,0,0,0,0,22,132.6,0,0.134,0.5,4.495,3.7,96.74000000000001,23,990.0
1999,7,16,21,30,0,0,0,0,0,0,0,22,138.92000000000002,0,0.134,0.5,4.497,3.7,100.0,22,990.0
1999,7,16,22,0,0,0,0,0,0,0,0,22,144.84,0,0.134,0.5,4.5,355.8,100.0,22,990.0
1999,7,16,22,30,0,0,0,0,0,0,0,22,150.14000000000001,0,0.134,0.4,4.501,355.8,100.0,22,990.0
1999,7,16,23,0,0,0,0,0,0,0,0,22,154.43,0,0.134,0.4,4.503,349.20000000000005,100.0,22,990.0
1999,7,16,23,30,0,0,0,0,0,0,0,21,157.11,0,0.134,0.30000000000000004,4.507,349.20000000000005,100.0,22,990.0
1999,7,17,0,0,0,0,0,0,0,0,0,21,157.61,0,0.134,0.30000000000000004,4.511,345.1,100.0,22,990.0
1999,7,17,0,30,0,0,0,0,0,0,7,21,155.79,0,0.134,0.30000000000000004,4.519,345.1,100.0,21,990.0
1999,7,17,1,0,0,0,0,0,0,0,4,21,152.1,0,0.134,0.30000000000000004,4.5280000000000005,340.90000000000003,100.0,21,990.0
1999,7,17,1,30,0,0,0,0,0,0,7,21,147.16,0,0.134,0.30000000000000004,4.54,340.90000000000003,100.0,21,990.0
1999,7,17,2,0,0,0,0,0,0,0,7,21,141.46,0,0.134,0.4,4.553,337.6,100.0,21,990.0
1999,7,17,2,30,0,0,0,0,0,0,7,21,135.29,0,0.134,0.4,4.564,337.6,100.0,21,990.0
1999,7,17,3,0,0,0,0,0,0,0,7,21,128.82,0,0.134,0.4,4.575,338.0,100.0,21,990.0
1999,7,17,3,30,0,0,0,0,0,0,7,21,122.16,0,0.134,0.4,4.583,338.0,100.0,21,990.0
1999,7,17,4,0,0,0,0,0,0,0,7,21,115.37,0,0.134,0.5,4.591,343.1,100.0,21,990.0
1999,7,17,4,30,0,0,0,0,0,0,7,21,108.49000000000001,0,0.134,0.5,4.601,343.1,100.0,21,990.0
1999,7,17,5,0,0,0,0,0,0,0,7,21,101.56,0,0.134,0.5,4.611,350.6,100.0,21,990.0
1999,7,17,5,30,0,0,0,0,0,0,8,21,94.59,0,0.134,0.4,4.625,350.6,100.0,21,990.0
1999,7,17,6,0,7,0,7,14,192,22,4,21,87.60000000000001,4,0.134,0.30000000000000004,4.641,355.5,100.0,22,990.0
1999,7,17,6,30,37,0,37,36,470,113,8,21,80.61,4,0.134,0.1,4.66,355.5,100.0,22,990.0
1999,7,17,7,0,74,0,74,50,619,224,8,22,73.64,0,0.134,0.0,4.68,341.40000000000003,100.0,22,990.0
1999,7,17,7,30,136,11,140,60,710,340,7,22,66.7,0,0.134,0.0,4.696,341.40000000000003,100.0,22,990.0
1999,7,17,8,0,114,0,114,65,775,455,4,23,59.81,0,0.134,0.0,4.712,1.2000000000000002,100.0,23,990.0
1999,7,17,8,30,149,0,149,71,817,562,4,23,53.02,0,0.134,0.0,4.719,1.2000000000000002,100.0,23,990.0
1999,7,17,9,0,214,10,221,72,853,661,4,24,46.36,0,0.134,0.0,4.727,352.3,100.0,24,990.0
1999,7,17,9,30,203,7,209,75,875,747,4,24,39.92,0,0.134,0.0,4.734,352.3,100.0,24,990.0
1999,7,17,10,0,356,46,395,76,894,819,4,23,33.82,0,0.134,0.0,4.741,351.0,93.13,25,990.0
1999,7,17,10,30,394,56,444,78,905,875,4,23,28.29,0,0.134,0.0,4.78,351.0,93.10000000000001,26,990.0
1999,7,17,11,0,418,60,473,78,913,914,4,23,23.740000000000002,0,0.134,0.0,4.82,40.5,85.01,27,990.0
1999,7,17,11,30,468,133,592,79,916,936,3,23,20.84,0,0.134,0.0,4.896,40.5,84.98,27,990.0
1999,7,17,12,0,449,299,730,80,916,939,3,22,20.29,0,0.134,0.0,4.973,102.2,78.56,27,990.0
1999,7,17,12,30,79,913,924,79,913,924,0,22,22.27,0,0.134,0.0,5.022,102.2,78.52,27,990.0
1999,7,17,13,0,410,344,719,79,906,892,7,22,26.22,0,0.134,0.0,5.072,114.60000000000001,77.92,28,990.0
1999,7,17,13,30,367,378,690,77,896,842,8,22,31.39,0,0.134,0.0,5.1000000000000005,114.60000000000001,77.89,28,980.0
1999,7,17,14,0,347,349,625,74,882,777,8,22,37.29,0,0.134,0.0,5.1290000000000004,123.5,78.56,28,980.0
1999,7,17,14,30,312,57,354,72,863,697,8,22,43.61,0,0.134,0.0,5.15,123.5,78.55,27,980.0
1999,7,17,15,0,156,653,575,67,837,604,8,23,50.19,0,0.134,0.0,5.172,128.1,82.10000000000001,27,980.0
1999,7,17,15,30,112,683,485,63,801,500,8,23,56.93,0,0.134,0.0,5.1850000000000005,128.1,87.07000000000001,27,980.0
1999,7,17,16,0,72,690,377,57,751,389,8,24,63.78,3,0.134,0.0,5.199,124.30000000000001,90.44,27,980.0
1999,7,17,16,30,50,678,274,50,678,274,1,24,70.71000000000001,0,0.134,0.0,5.198,124.30000000000001,90.46000000000001,26,980.0
1999,7,17,17,0,39,561,159,39,561,159,0,24,77.67,0,0.134,0.1,5.198,107.2,91.78,26,980.0
1999,7,17,17,30,23,353,56,23,353,56,7,24,84.66,4,0.134,0.1,5.181,107.2,97.4,25,990.0
1999,7,17,18,0,0,0,0,0,0,0,0,23,91.65,0,0.134,0.2,5.164,52.800000000000004,91.61,25,990.0
1999,7,17,18,30,0,0,0,0,0,0,0,23,98.64,0,0.134,0.30000000000000004,5.144,52.800000000000004,97.27,24,990.0
1999,7,17,19,0,0,0,0,0,0,0,0,23,105.59,1,0.134,0.4,5.125,26.200000000000003,95.89,24,990.0
1999,7,17,19,30,0,0,0,0,0,0,4,23,112.51,0,0.134,0.4,5.106,26.200000000000003,100.0,24,990.0
1999,7,17,20,0,0,0,0,0,0,0,4,23,119.35000000000001,0,0.134,0.4,5.087,23.900000000000002,100.0,24,990.0
1999,7,17,20,30,0,0,0,0,0,0,4,23,126.08,0,0.134,0.4,5.072,23.900000000000002,100.0,23,990.0
1999,7,17,21,0,0,0,0,0,0,0,3,22,132.65,0,0.134,0.4,5.057,21.1,99.95,23,990.0
1999,7,17,21,30,0,0,0,0,0,0,4,22,138.98,0,0.134,0.30000000000000004,5.047,21.1,100.0,22,990.0
1999,7,17,22,0,0,0,0,0,0,0,4,22,144.92000000000002,0,0.134,0.30000000000000004,5.038,18.1,100.0,22,990.0
1999,7,17,22,30,0,0,0,0,0,0,3,22,150.25,0,0.134,0.2,5.03,18.1,100.0,22,990.0
1999,7,17,23,0,0,0,0,0,0,0,1,22,154.56,0,0.134,0.2,5.023,13.5,100.0,22,990.0
1999,7,17,23,30,0,0,0,0,0,0,0,22,157.27,0,0.134,0.2,5.015,13.5,100.0,22,990.0
1999,7,18,0,0,0,0,0,0,0,0,4,22,157.78,0,0.134,0.2,5.007,5.9,100.0,22,990.0
1999,7,18,0,30,0,0,0,0,0,0,0,21,155.95000000000002,0,0.134,0.1,5.0,5.9,100.0,22,990.0
1999,7,18,1,0,0,0,0,0,0,0,7,21,152.24,0,0.134,0.1,4.994,0.7000000000000001,100.0,22,990.0
1999,7,18,1,30,0,0,0,0,0,0,8,21,147.29,0,0.134,0.1,4.996,0.7000000000000001,100.0,21,980.0
1999,7,18,2,0,0,0,0,0,0,0,8,21,141.57,0,0.134,0.1,4.998,1.7000000000000002,100.0,21,980.0
1999,7,18,2,30,0,0,0,0,0,0,8,21,135.38,0,0.134,0.1,5.009,1.7000000000000002,100.0,21,980.0
1999,7,18,3,0,0,0,0,0,0,0,7,21,128.9,0,0.134,0.1,5.0200000000000005,11.9,100.0,21,980.0
1999,7,18,3,30,0,0,0,0,0,0,7,21,122.22,0,0.134,0.1,5.043,11.9,100.0,21,990.0
1999,7,18,4,0,0,0,0,0,0,0,7,21,115.42,0,0.134,0.2,5.067,22.3,100.0,21,990.0
1999,7,18,4,30,0,0,0,0,0,0,7,21,108.53,0,0.134,0.2,5.095,22.3,100.0,21,990.0
1999,7,18,5,0,0,0,0,0,0,0,7,21,101.59,0,0.134,0.2,5.124,30.900000000000002,100.0,21,990.0
1999,7,18,5,30,0,0,0,0,0,0,1,21,94.61,0,0.134,0.1,5.1450000000000005,30.900000000000002,100.0,21,990.0
1999,7,18,6,0,21,0,21,14,193,22,3,21,87.62,4,0.134,0.1,5.166,42.5,100.0,21,990.0
1999,7,18,6,30,40,399,106,36,470,112,4,21,80.62,4,0.134,0.0,5.187,42.5,100.0,21,990.0
1999,7,18,7,0,69,502,210,49,620,224,8,22,73.64,0,0.134,0.0,5.208,58.0,100.0,22,990.0
1999,7,18,7,30,105,0,105,58,711,339,4,22,66.69,0,0.134,0.0,5.248,58.0,100.0,22,990.0
1999,7,18,8,0,140,0,140,64,772,453,7,23,59.800000000000004,4,0.134,0.0,5.289,62.1,100.0,23,990.0
1999,7,18,8,30,267,123,341,70,814,560,3,23,52.99,0,0.134,0.0,5.352,62.1,100.0,23,990.0
1999,7,18,9,0,318,126,405,73,846,657,3,24,46.32,0,0.134,0.0,5.415,107.0,100.0,24,990.0
1999,7,18,9,30,365,171,496,76,868,743,3,24,39.86,0,0.134,0.0,5.47,107.0,100.0,24,990.0
1999,7,18,10,0,393,94,471,79,884,814,3,24,33.74,0,0.134,0.0,5.525,126.30000000000001,100.0,24,990.0
1999,7,18,10,30,436,177,592,81,896,871,3,24,28.19,0,0.134,0.0,5.554,126.30000000000001,100.0,24,990.0
1999,7,18,11,0,82,903,910,82,903,910,0,24,23.61,0,0.134,0.0,5.5840000000000005,112.2,100.0,24,990.0
1999,7,18,11,30,82,908,932,82,908,932,0,24,20.67,0,0.134,0.0,5.583,112.2,100.0,24,990.0
1999,7,18,12,0,434,62,493,81,910,936,2,24,20.11,0,0.134,0.0,5.583,114.9,100.0,25,990.0
1999,7,18,12,30,80,908,922,80,908,922,0,24,22.11,0,0.134,0.0,5.5440000000000005,114.9,100.0,24,990.0
1999,7,18,13,0,363,32,393,77,905,890,3,24,26.07,0,0.134,0.0,5.506,111.30000000000001,100.0,24,990.0
1999,7,18,13,30,328,484,741,76,896,842,8,24,31.27,0,0.134,0.0,5.4110000000000005,111.30000000000001,100.0,24,990.0
1999,7,18,14,0,381,197,539,70,887,777,8,24,37.19,0,0.134,0.0,5.316,105.2,100.0,24,990.0
1999,7,18,14,30,211,9,218,67,869,697,8,24,43.53,0,0.134,0.0,5.2090000000000005,105.2,100.0,24,990.0
1999,7,18,15,0,246,401,504,62,847,605,7,24,50.120000000000005,0,0.134,0.0,5.102,102.9,100.0,24,990.0
1999,7,18,15,30,224,281,377,58,812,502,7,24,56.88,0,0.134,0.0,5.001,102.9,100.0,24,990.0
1999,7,18,16,0,13,0,13,52,765,391,6,24,63.74,0,0.134,0.0,4.901,99.0,100.0,24,990.0
1999,7,18,16,30,5,0,5,46,694,276,6,23,70.67,0,0.134,0.0,4.827,99.0,100.0,23,990.0
1999,7,18,17,0,6,0,6,37,579,161,6,23,77.64,0,0.134,0.0,4.755,92.9,100.0,23,990.0
1999,7,18,17,30,2,0,2,22,375,57,6,22,84.64,4,0.134,0.1,4.7250000000000005,92.9,100.0,23,990.0
1999,7,18,18,0,0,0,0,0,0,0,6,22,91.64,0,0.134,0.2,4.696,85.80000000000001,100.0,23,990.0
1999,7,18,18,30,0,0,0,0,0,0,7,22,98.63,0,0.134,0.2,4.699,85.80000000000001,100.0,22,990.0
1999,7,18,19,0,0,0,0,0,0,0,7,22,105.60000000000001,1,0.134,0.2,4.703,79.30000000000001,100.0,22,990.0
1999,7,18,19,30,0,0,0,0,0,0,7,22,112.52,0,0.134,0.2,4.712,79.30000000000001,100.0,22,990.0
1999,7,18,20,0,0,0,0,0,0,0,7,22,119.37,0,0.134,0.2,4.722,72.3,100.0,22,990.0
1999,7,18,20,30,0,0,0,0,0,0,7,22,126.11,0,0.134,0.2,4.727,72.3,100.0,22,990.0
1999,7,18,21,0,0,0,0,0,0,0,7,22,132.7,0,0.134,0.30000000000000004,4.732,62.900000000000006,100.0,22,990.0
1999,7,18,21,30,0,0,0,0,0,0,7,21,139.05,0,0.134,0.30000000000000004,4.736,62.900000000000006,100.0,21,990.0
1999,7,18,22,0,0,0,0,0,0,0,3,21,145.01,0,0.134,0.30000000000000004,4.741,52.0,100.0,21,990.0
1999,7,18,22,30,0,0,0,0,0,0,7,21,150.36,0,0.134,0.30000000000000004,4.747,52.0,100.0,21,990.0
1999,7,18,23,0,0,0,0,0,0,0,7,21,154.70000000000002,0,0.134,0.30000000000000004,4.753,45.300000000000004,100.0,21,990.0
1999,7,18,23,30,0,0,0,0,0,0,7,21,157.44,0,0.134,0.2,4.756,45.300000000000004,100.0,21,990.0
1999,7,19,0,0,0,0,0,0,0,0,7,21,157.96,0,0.134,0.2,4.759,44.5,100.0,21,990.0
1999,7,19,0,30,0,0,0,0,0,0,7,21,156.12,0,0.134,0.2,4.761,44.5,100.0,21,990.0
1999,7,19,1,0,0,0,0,0,0,0,7,21,152.39000000000001,0,0.134,0.2,4.763,47.2,100.0,21,990.0
1999,7,19,1,30,0,0,0,0,0,0,7,21,147.41,0,0.134,0.2,4.765,47.2,100.0,21,990.0
1999,7,19,2,0,0,0,0,0,0,0,7,21,141.67000000000002,0,0.134,0.30000000000000004,4.768,53.2,100.0,21,990.0
1999,7,19,2,30,0,0,0,0,0,0,3,20,135.47,0,0.134,0.30000000000000004,4.7700000000000005,53.2,100.0,21,990.0
1999,7,19,3,0,0,0,0,0,0,0,3,20,128.97,0,0.134,0.30000000000000004,4.773,61.7,100.0,21,990.0
1999,7,19,3,30,0,0,0,0,0,0,7,20,122.29,0,0.134,0.30000000000000004,4.765,61.7,100.0,21,990.0
1999,7,19,4,0,0,0,0,0,0,0,3,20,115.47,0,0.134,0.30000000000000004,4.757,72.3,100.0,21,990.0
1999,7,19,4,30,0,0,0,0,0,0,3,20,108.58,0,0.134,0.30000000000000004,4.743,72.3,100.0,20,990.0
1999,7,19,5,0,0,0,0,0,0,0,1,20,101.63,0,0.134,0.30000000000000004,4.729,82.5,100.0,20,990.0
1999,7,19,5,30,0,0,0,0,0,0,3,20,94.64,0,0.134,0.2,4.716,82.5,100.0,20,990.0
1999,7,19,6,0,23,0,23,14,220,23,3,21,87.63,4,0.134,0.1,4.704,88.2,100.0,21,990.0
1999,7,19,6,30,33,497,114,33,497,114,3,21,80.63,4,0.134,0.0,4.699,88.2,100.0,21,990.0
1999,7,19,7,0,45,644,226,45,644,226,0,22,73.64,0,0.134,0.0,4.694,94.2,100.0,22,990.0
1999,7,19,7,30,53,732,343,53,732,343,0,22,66.68,0,0.134,0.0,4.702,94.2,100.0,22,990.0
1999,7,19,8,0,58,792,457,58,792,457,0,23,59.78,0,0.134,0.0,4.712,101.9,100.0,23,990.0
1999,7,19,8,30,63,832,564,63,832,564,0,23,52.96,0,0.134,0.0,4.7330000000000005,101.9,100.0,23,990.0
1999,7,19,9,0,66,862,662,66,862,662,0,23,46.28,0,0.134,0.0,4.7540000000000004,100.80000000000001,96.12,24,990.0
1999,7,19,9,30,69,884,748,69,884,748,0,23,39.800000000000004,0,0.134,0.0,4.7780000000000005,100.80000000000001,96.10000000000001,24,990.0
1999,7,19,10,0,71,900,820,71,900,820,0,22,33.660000000000004,0,0.134,0.0,4.8020000000000005,103.0,87.44,25,990.0
1999,7,19,10,30,362,35,394,72,911,877,3,22,28.080000000000002,0,0.134,0.0,4.824,103.0,87.4,25,990.0
1999,7,19,11,0,74,918,916,74,918,916,0,22,23.47,0,0.134,0.0,4.846,106.30000000000001,81.19,26,990.0
1999,7,19,11,30,75,921,938,75,921,938,0,22,20.51,0,0.134,0.0,4.867,106.30000000000001,81.14,26,990.0
1999,7,19,12,0,468,228,683,74,922,942,3,22,19.93,0,0.134,0.0,4.888,109.30000000000001,77.33,27,990.0
1999,7,19,12,30,438,73,507,74,920,928,7,22,21.94,0,0.134,0.0,4.915,109.30000000000001,77.28,27,990.0
1999,7,19,13,0,394,374,731,72,914,895,8,22,25.93,0,0.134,0.0,4.942,110.60000000000001,78.16,27,980.0
1999,7,19,13,30,327,490,747,71,905,846,8,22,31.150000000000002,0,0.134,0.0,4.971,110.60000000000001,78.12,27,980.0
1999,7,19,14,0,345,360,633,68,891,780,7,23,37.09,0,0.134,0.0,5.0,115.80000000000001,79.22,27,980.0
1999,7,19,14,30,315,60,359,66,872,699,8,23,43.44,0,0.134,0.0,5.024,115.80000000000001,83.99,26,980.0
1999,7,19,15,0,92,0,92,61,848,606,6,23,50.050000000000004,0,0.134,0.0,5.048,99.5,87.9,26,980.0
1999,7,19,15,30,11,0,11,57,813,502,6,23,56.82,0,0.134,0.0,5.07,99.5,87.9,26,980.0
1999,7,19,16,0,73,0,73,52,765,391,6,24,63.690000000000005,0,0.134,0.0,5.093,87.0,90.72,26,980.0
1999,7,19,16,30,86,0,86,45,694,275,6,24,70.63,0,0.134,0.0,5.112,87.0,96.27,25,980.0
1999,7,19,17,0,77,138,106,36,580,161,6,24,77.61,0,0.134,0.1,5.131,93.9,97.76,25,980.0
1999,7,19,17,30,29,89,38,22,376,57,7,24,84.62,4,0.134,0.2,5.151,93.9,100.0,24,980.0
1999,7,19,18,0,0,0,0,0,0,0,7,23,91.63,0,0.134,0.30000000000000004,5.172,106.80000000000001,97.84,24,980.0
1999,7,19,18,30,0,0,0,0,0,0,7,23,98.63,0,0.134,0.30000000000000004,5.1930000000000005,106.80000000000001,97.87,24,980.0
1999,7,19,19,0,0,0,0,0,0,0,7,23,105.61,1,0.134,0.4,5.215,123.10000000000001,95.75,24,990.0
1999,7,19,19,30,0,0,0,0,0,0,7,23,112.54,0,0.134,0.4,5.231,123.10000000000001,95.77,24,990.0
1999,7,19,20,0,0,0,0,0,0,0,7,23,119.4,0,0.134,0.4,5.247,140.5,94.7,24,990.0
1999,7,19,20,30,0,0,0,0,0,0,7,23,126.15,1,0.134,0.4,5.2540000000000004,140.5,100.0,23,990.0
1999,7,19,21,0,0,0,0,0,0,0,8,22,132.75,1,0.134,0.5,5.2620000000000005,152.9,99.9,23,990.0
1999,7,19,21,30,0,0,0,0,0,0,8,22,139.12,0,0.134,0.5,5.261,152.9,99.9,23,990.0
1999,7,19,22,0,0,0,0,0,0,0,8,22,145.1,1,0.134,0.5,5.261,159.4,99.27,23,990.0
1999,7,19,22,30,0,0,0,0,0,0,8,22,150.48,1,0.134,0.5,5.245,159.4,100.0,23,990.0
1999,7,19,23,0,0,0,0,0,0,0,8,22,154.85,1,0.134,0.6000000000000001,5.23,165.60000000000002,100.0,23,990.0
1999,7,19,23,30,0,0,0,0,0,0,3,22,157.61,1,0.134,0.6000000000000001,5.2090000000000005,165.60000000000002,100.0,22,990.0
1999,7,20,0,0,0,0,0,0,0,0,3,22,158.14000000000001,1,0.134,0.6000000000000001,5.188,171.60000000000002,100.0,22,990.0
1999,7,20,0,30,0,0,0,0,0,0,3,22,156.29,0,0.134,0.6000000000000001,5.17,171.60000000000002,100.0,22,980.0
1999,7,20,1,0,0,0,0,0,0,0,3,22,152.54,0,0.134,0.6000000000000001,5.154,175.60000000000002,100.0,22,980.0
1999,7,20,1,30,0,0,0,0,0,0,3,22,147.54,0,0.134,0.6000000000000001,5.147,175.60000000000002,100.0,22,980.0
1999,7,20,2,0,0,0,0,0,0,0,3,22,141.78,0,0.134,0.6000000000000001,5.141,178.70000000000002,100.0,22,980.0
1999,7,20,2,30,0,0,0,0,0,0,3,22,135.56,0,0.134,0.6000000000000001,5.1450000000000005,178.70000000000002,100.0,22,980.0
1999,7,20,3,0,0,0,0,0,0,0,3,22,129.05,0,0.134,0.6000000000000001,5.15,179.20000000000002,100.0,22,980.0
1999,7,20,3,30,0,0,0,0,0,0,1,22,122.35000000000001,0,0.134,0.6000000000000001,5.151,179.20000000000002,100.0,22,990.0
1999,7,20,4,0,0,0,0,0,0,0,1,22,115.53,0,0.134,0.6000000000000001,5.1530000000000005,179.10000000000002,100.0,22,990.0
1999,7,20,4,30,0,0,0,0,0,0,1,22,108.62,0,0.134,0.6000000000000001,5.151,179.10000000000002,100.0,22,990.0
1999,7,20,5,0,0,0,0,0,0,0,3,21,101.66,0,0.134,0.6000000000000001,5.15,180.0,99.89,22,990.0
1999,7,20,5,30,0,0,0,0,0,0,3,21,94.66,0,0.134,0.5,5.141,180.0,99.91,22,990.0
1999,7,20,6,0,22,0,22,14,214,22,3,22,87.65,4,0.134,0.5,5.132,176.60000000000002,100.0,22,990.0
1999,7,20,6,30,33,491,113,33,491,113,0,22,80.64,0,0.134,0.30000000000000004,5.124,176.60000000000002,100.0,22,990.0
1999,7,20,7,0,45,639,225,45,639,225,0,22,73.64,0,0.134,0.1,5.117,171.70000000000002,100.0,22,990.0
1999,7,20,7,30,53,727,342,53,727,342,0,22,66.67,0,0.134,0.1,5.104,171.70000000000002,100.0,22,990.0
1999,7,20,8,0,58,789,456,58,789,456,0,23,59.75,0,0.134,0.1,5.0920000000000005,132.8,100.0,23,990.0
1999,7,20,8,30,268,176,374,63,829,563,3,23,52.93,0,0.134,0.0,5.0840000000000005,132.8,100.0,23,990.0
1999,7,20,9,0,65,861,661,65,861,661,0,23,46.230000000000004,0,0.134,0.0,5.077,121.0,100.0,24,990.0
1999,7,20,9,30,339,323,588,68,882,747,3,23,39.730000000000004,0,0.134,0.0,5.085,121.0,100.0,24,990.0
1999,7,20,10,0,367,54,413,69,899,819,3,24,33.57,0,0.134,0.0,5.093,111.30000000000001,100.0,24,990.0
1999,7,20,10,30,425,96,511,71,910,875,3,24,27.97,0,0.134,0.0,5.109,111.30000000000001,100.0,24,990.0
1999,7,20,11,0,71,918,915,71,918,915,0,23,23.330000000000002,0,0.134,0.0,5.125,117.2,92.06,25,990.0
1999,7,20,11,30,72,922,937,72,922,937,0,23,20.330000000000002,0,0.134,0.0,5.142,117.2,92.03,25,990.0
1999,7,20,12,0,409,43,450,72,923,941,7,23,19.75,0,0.134,0.0,5.16,129.3,90.83,25,990.0
1999,7,20,12,30,466,185,639,72,920,926,8,23,21.77,0,0.134,0.0,5.172,129.3,90.79,25,990.0
1999,7,20,13,0,362,475,790,71,914,894,7,23,25.79,0,0.134,0.0,5.184,133.6,85.08,26,980.0
1999,7,20,13,30,318,525,768,69,905,845,7,23,31.03,0,0.134,0.0,5.186,133.6,85.06,26,980.0
1999,7,20,14,0,356,328,618,67,892,779,7,23,36.99,0,0.134,0.0,5.189,134.20000000000002,84.93,26,980.0
1999,7,20,14,30,277,382,555,64,873,699,7,23,43.36,1,0.134,0.0,5.1690000000000005,134.20000000000002,84.91,26,980.0
1999,7,20,15,0,239,376,481,60,849,606,7,23,49.980000000000004,1,0.134,0.0,5.15,137.6,85.74,26,980.0
1999,7,20,15,30,224,231,351,57,814,503,7,23,56.76,1,0.134,0.0,5.112,137.6,90.95,25,980.0
1999,7,20,16,0,179,211,273,52,766,392,7,23,63.65,0,0.134,0.0,5.075,157.9,93.99,25,980.0
1999,7,20,16,30,124,218,197,45,695,276,8,23,70.60000000000001,0,0.134,0.0,5.025,157.9,99.78,25,980.0
1999,7,20,17,0,66,311,133,37,580,161,7,24,77.59,0,0.134,0.1,4.976,155.8,100.0,25,980.0
1999,7,20,17,30,27,218,48,22,376,58,7,24,84.60000000000001,4,0.134,0.2,4.931,155.8,100.0,24,980.0
1999,7,20,18,0,0,0,0,0,0,0,8,23,91.62,0,0.134,0.4,4.886,163.20000000000002,97.29,24,980.0
1999,7,20,18,30,0,0,0,0,0,0,7,23,98.63,0,0.134,0.4,4.848,163.20000000000002,97.32000000000001,24,980.0
1999,7,20,19,0,0,0,0,0,0,0,7,23,105.62,1,0.134,0.4,4.811,174.4,95.28,24,990.0
1999,7,20,19,30,0,0,0,0,0,0,7,23,112.56,0,0.134,0.4,4.787,174.4,100.0,24,990.0
1999,7,20,20,0,0,0,0,0,0,0,7,23,119.43,0,0.134,0.4,4.764,182.70000000000002,100.0,24,990.0
1999,7,20,20,30,0,0,0,0,0,0,7,23,126.2,0,0.134,0.4,4.751,182.70000000000002,100.0,23,990.0
1999,7,20,21,0,0,0,0,0,0,0,7,22,132.81,0,0.134,0.4,4.738,201.0,99.51,23,990.0
1999,7,20,21,30,0,0,0,0,0,0,7,22,139.19,0,0.134,0.4,4.728,201.0,99.52,23,990.0
1999,7,20,22,0,0,0,0,0,0,0,7,22,145.20000000000002,0,0.134,0.4,4.718,223.60000000000002,98.77,23,990.0
1999,7,20,22,30,0,0,0,0,0,0,7,22,150.6,0,0.134,0.4,4.708,223.60000000000002,100.0,22,990.0
1999,7,20,23,0,0,0,0,0,0,0,7,22,155.0,0,0.134,0.5,4.698,236.5,100.0,22,990.0
1999,7,20,23,30,0,0,0,0,0,0,7,22,157.79,0,0.134,0.5,4.692,236.5,100.0,22,990.0
1999,7,21,0,0,0,0,0,0,0,0,7,22,158.33,0,0.134,0.6000000000000001,4.686,239.60000000000002,100.0,22,990.0
1999,7,21,0,30,0,0,0,0,0,0,8,21,156.47,0,0.134,0.6000000000000001,4.687,239.60000000000002,100.0,21,990.0
1999,7,21,1,0,0,0,0,0,0,0,8,21,152.69,0,0.134,0.6000000000000001,4.689,238.70000000000002,100.0,21,990.0
1999,7,21,1,30,0,0,0,0,0,0,8,21,147.67000000000002,0,0.134,0.6000000000000001,4.695,238.70000000000002,100.0,21,990.0
1999,7,21,2,0,0,0,0,0,0,0,7,21,141.89000000000001,0,0.134,0.6000000000000001,4.702,237.10000000000002,100.0,21,990.0
1999,7,21,2,30,0,0,0,0,0,0,7,20,135.65,0,0.134,0.5,4.708,237.10000000000002,100.0,21,990.0
1999,7,21,3,0,0,0,0,0,0,0,7,20,129.12,0,0.134,0.5,4.714,233.70000000000002,100.0,21,990.0
1999,7,21,3,30,0,0,0,0,0,0,3,20,122.41,0,0.134,0.5,4.7170000000000005,233.70000000000002,100.0,20,990.0
1999,7,21,4,0,0,0,0,0,0,0,7,20,115.58,0,0.134,0.5,4.72,230.4,100.0,20,990.0
1999,7,21,4,30,0,0,0,0,0,0,8,20,108.66,0,0.134,0.4,4.7250000000000005,230.4,100.0,20,990.0
1999,7,21,5,0,0,0,0,0,0,0,7,20,101.69,0,0.134,0.4,4.731,226.3,100.0,20,990.0
1999,7,21,5,30,0,0,0,0,0,0,8,20,94.69,0,0.134,0.30000000000000004,4.748,226.3,100.0,20,990.0
1999,7,21,6,0,4,0,4,13,217,22,8,21,87.66,4,0.134,0.2,4.766,222.10000000000002,100.0,21,990.0
1999,7,21,6,30,22,0,22,33,495,114,8,21,80.64,0,0.134,0.1,4.7940000000000005,222.10000000000002,100.0,22,990.0
1999,7,21,7,0,96,277,174,45,640,226,8,22,73.63,0,0.134,0.0,4.823,206.9,100.0,23,990.0
1999,7,21,7,30,129,395,286,54,728,342,7,23,66.65,0,0.134,0.0,4.855,206.9,100.0,23,990.0
1999,7,21,8,0,201,279,342,59,789,457,7,24,59.730000000000004,0,0.134,0.0,4.888,167.10000000000002,100.0,24,990.0
1999,7,21,8,30,268,127,346,63,830,564,8,24,52.89,0,0.134,0.0,4.9270000000000005,167.10000000000002,100.0,24,990.0
1999,7,21,9,0,307,273,496,67,860,662,7,24,46.18,0,0.134,0.0,4.966,157.0,100.0,25,990.0
1999,7,21,9,30,340,321,588,70,881,748,8,24,39.67,0,0.134,0.0,5.001,157.0,100.0,25,990.0
1999,7,21,10,0,370,347,660,72,897,820,7,23,33.480000000000004,0,0.134,0.0,5.037,153.1,93.78,25,990.0
1999,7,21,10,30,420,281,670,73,908,877,8,23,27.85,0,0.134,0.0,5.062,153.1,93.75,25,990.0
1999,7,21,11,0,437,319,731,74,916,917,8,23,23.18,0,0.134,0.0,5.088,153.8,92.57000000000001,26,990.0
1999,7,21,11,30,326,20,345,75,920,939,8,23,20.150000000000002,0,0.134,0.0,5.106,153.8,92.52,26,990.0
1999,7,21,12,0,476,166,632,74,921,942,7,23,19.56,0,0.134,0.0,5.124,154.9,86.49,26,990.0
1999,7,21,12,30,413,49,459,74,918,928,8,23,21.59,0,0.134,0.0,5.15,154.9,86.45,26,990.0
1999,7,21,13,0,401,51,447,73,912,896,8,23,25.64,0,0.134,0.0,5.1770000000000005,154.4,86.46000000000001,26,990.0
1999,7,21,13,30,400,77,467,72,902,846,8,23,30.91,0,0.134,0.0,5.205,154.4,86.43,26,990.0
1999,7,21,14,0,378,235,567,71,887,781,7,23,36.89,0,0.134,0.0,5.2330000000000005,155.5,86.2,26,980.0
1999,7,21,14,30,296,393,582,68,868,700,8,23,43.28,0,0.134,0.0,5.25,155.5,86.18,26,980.0
1999,7,21,15,0,275,290,463,65,842,607,7,23,49.92,0,0.134,0.0,5.269,160.4,87.49,26,980.0
1999,7,21,15,30,237,186,340,60,807,503,7,23,56.71,0,0.134,0.0,5.274,160.4,92.81,25,980.0
1999,7,21,16,0,168,303,302,54,759,392,8,24,63.6,0,0.134,0.0,5.28,156.0,96.99000000000001,25,980.0
1999,7,21,16,30,96,438,242,48,686,276,8,24,70.56,0,0.134,0.0,5.268,156.0,96.99000000000001,25,980.0
1999,7,21,17,0,51,482,155,37,574,161,7,24,77.56,0,0.134,0.0,5.257,246.60000000000002,96.62,25,980.0
1999,7,21,17,30,24,334,55,23,369,57,7,24,84.59,4,0.134,0.0,5.247,246.60000000000002,100.0,25,980.0
1999,7,21,18,0,0,0,0,0,0,0,1,23,91.62,0,0.134,0.0,5.238,116.60000000000001,97.06,25,980.0
1999,7,21,18,30,0,0,0,0,0,0,7,23,98.63,0,0.134,0.0,5.235,116.60000000000001,97.09,24,990.0
1999,7,21,19,0,0,0,0,0,0,0,7,23,105.63,1,0.134,0.1,5.2330000000000005,75.9,95.54,24,990.0
1999,7,21,19,30,0,0,0,0,0,0,7,23,112.58,0,0.134,0.1,5.244,75.9,95.57000000000001,24,990.0
1999,7,21,20,0,0,0,0,0,0,0,7,23,119.46000000000001,0,0.134,0.1,5.256,71.8,94.67,24,990.0
1999,7,21,20,30,0,0,0,0,0,0,7,23,126.24000000000001,1,0.134,0.1,5.276,71.8,100.0,24,990.0
1999,7,21,21,0,0,0,0,0,0,0,7,22,132.87,1,0.134,0.1,5.296,64.10000000000001,99.67,24,990.0
1999,7,21,21,30,0,0,0,0,0,0,7,22,139.27,0,0.134,0.1,5.3180000000000005,64.10000000000001,99.68,23,990.0
1999,7,21,22,0,0,0,0,0,0,0,7,22,145.3,1,0.134,0.2,5.34,53.0,98.79,23,990.0
1999,7,21,22,30,0,0,0,0,0,0,7,22,150.73,1,0.134,0.2,5.357,53.0,98.78,23,990.0
1999,7,21,23,0,0,0,0,0,0,0,7,22,155.16,1,0.134,0.2,5.375,45.1,97.73,23,990.0
1999,7,21,23,30,0,0,0,0,0,0,7,22,157.97,1,0.134,0.1,5.389,45.1,97.7,23,990.0
1999,7,22,0,0,0,0,0,0,0,0,7,22,158.52,1,0.134,0.1,5.404,353.1,96.87,23,990.0
1999,7,22,0,30,0,0,0,0,0,0,7,22,156.65,0,0.134,0.1,5.415,353.1,100.0,23,990.0
1999,7,22,1,0,0,0,0,0,0,0,7,22,152.85,0,0.134,0.2,5.426,248.3,100.0,23,990.0
1999,7,22,1,30,0,0,0,0,0,0,7,22,147.8,0,0.134,0.2,5.4350000000000005,248.3,100.0,22,990.0
1999,7,22,2,0,0,0,0,0,0,0,7,22,141.99,0,0.134,0.30000000000000004,5.445,232.20000000000002,100.0,22,990.0
1999,7,22,2,30,0,0,0,0,0,0,7,22,135.74,0,0.134,0.4,5.449,232.20000000000002,100.0,22,990.0
1999,7,22,3,0,0,0,0,0,0,0,7,22,129.2,0,0.134,0.5,5.453,222.9,100.0,22,990.0
1999,7,22,3,30,0,0,0,0,0,0,7,21,122.47,0,0.134,0.5,5.448,222.9,100.0,22,990.0
1999,7,22,4,0,0,0,0,0,0,0,7,21,115.63,0,0.134,0.5,5.444,216.10000000000002,100.0,22,990.0
1999,7,22,4,30,0,0,0,0,0,0,7,21,108.7,0,0.134,0.4,5.43,216.10000000000002,100.0,21,990.0
1999,7,22,5,0,0,0,0,0,0,0,8,21,101.72,0,0.134,0.4,5.417,211.10000000000002,100.0,21,990.0
1999,7,22,5,30,0,0,0,0,0,0,7,21,94.71000000000001,0,0.134,0.2,5.401,211.10000000000002,100.0,21,990.0
1999,7,22,6,0,3,0,3,13,211,22,7,21,87.67,4,0.134,0.1,5.3870000000000005,204.5,100.0,21,990.0
1999,7,22,6,30,18,0,18,33,488,113,8,21,80.64,0,0.134,0.0,5.3740000000000006,204.5,100.0,21,990.0
1999,7,22,7,0,70,0,70,45,637,225,7,22,73.63,0,0.134,0.0,5.361,201.4,100.0,22,990.0
1999,7,22,7,30,134,8,138,54,725,341,8,22,66.64,0,0.134,0.0,5.351,201.4,100.0,22,990.0
1999,7,22,8,0,160,5,163,58,788,455,7,23,59.7,0,0.134,0.0,5.3420000000000005,186.5,100.0,23,990.0
1999,7,22,8,30,122,0,122,62,829,563,6,23,52.85,0,0.134,0.0,5.329,186.5,100.0,23,990.0
1999,7,22,9,0,219,11,226,62,863,660,6,23,46.12,0,0.134,0.0,5.317,143.1,100.0,24,990.0
1999,7,22,9,30,244,16,256,64,885,747,6,23,39.59,1,0.134,0.0,5.281,143.1,100.0,24,990.0
1999,7,22,10,0,107,0,107,62,904,817,6,23,33.39,0,0.134,0.0,5.246,163.20000000000002,100.0,24,990.0
1999,7,22,10,30,167,5,172,63,916,874,6,23,27.73,0,0.134,0.0,5.2090000000000005,163.20000000000002,100.0,24,990.0
1999,7,22,11,0,125,0,125,61,925,913,6,23,23.02,0,0.134,0.0,5.172,189.10000000000002,100.0,24,990.0
1999,7,22,11,30,190,8,198,62,929,935,6,23,19.97,0,0.134,0.0,5.17,189.10000000000002,100.0,24,990.0
1999,7,22,12,0,294,16,309,62,929,939,6,23,19.36,0,0.134,0.0,5.168,213.0,100.0,24,990.0
1999,7,22,12,30,202,9,211,62,927,925,6,23,21.41,0,0.134,0.0,5.183,213.0,100.0,23,990.0
1999,7,22,13,0,218,10,227,61,921,893,6,23,25.490000000000002,0,0.134,0.0,5.199,240.60000000000002,100.0,23,990.0
1999,7,22,13,30,361,40,396,60,912,844,6,23,30.79,0,0.134,0.0,5.218,240.60000000000002,100.0,23,990.0
1999,7,22,14,0,385,143,500,58,898,778,7,23,36.79,0,0.134,0.0,5.238,261.3,100.0,23,990.0
1999,7,22,14,30,342,171,467,56,880,698,8,23,43.2,0,0.134,0.0,5.253,261.3,100.0,23,980.0
1999,7,22,15,0,250,394,505,54,855,605,7,23,49.85,0,0.134,0.0,5.268,271.40000000000003,100.0,23,980.0
1999,7,22,15,30,228,263,373,50,821,502,7,23,56.660000000000004,0,0.134,0.0,5.275,271.40000000000003,100.0,23,980.0
1999,7,22,16,0,181,200,270,47,772,391,8,23,63.56,0,0.134,0.0,5.282,284.40000000000003,100.0,23,980.0
1999,7,22,16,30,76,562,263,42,702,276,8,23,70.53,0,0.134,0.0,5.2780000000000005,284.40000000000003,100.0,23,980.0
1999,7,22,17,0,69,274,129,35,587,161,7,23,77.54,0,0.134,0.1,5.274,223.4,100.0,23,980.0
1999,7,22,17,30,27,198,46,21,385,58,7,22,84.57000000000001,1,0.134,0.2,5.266,223.4,100.0,23,990.0
1999,7,22,18,0,0,0,0,0,0,0,7,22,91.61,1,0.134,0.30000000000000004,5.26,203.4,100.0,23,990.0
1999,7,22,18,30,0,0,0,0,0,0,7,22,98.64,0,0.134,0.30000000000000004,5.25,203.4,100.0,23,990.0
1999,7,22,19,0,0,0,0,0,0,0,7,22,105.64,1,0.134,0.30000000000000004,5.24,212.20000000000002,100.0,23,990.0
1999,7,22,19,30,0,0,0,0,0,0,7,22,112.60000000000001,1,0.134,0.30000000000000004,5.23,212.20000000000002,100.0,22,990.0
1999,7,22,20,0,0,0,0,0,0,0,7,22,119.5,1,0.134,0.30000000000000004,5.221,235.9,100.0,22,990.0
1999,7,22,20,30,0,0,0,0,0,0,3,22,126.29,1,0.134,0.30000000000000004,5.214,235.9,100.0,22,990.0
1999,7,22,21,0,0,0,0,0,0,0,3,22,132.94,1,0.134,0.4,5.208,257.2,100.0,22,990.0
1999,7,22,21,30,0,0,0,0,0,0,3,22,139.35,0,0.134,0.4,5.205,257.2,100.0,22,990.0
1999,7,22,22,0,0,0,0,0,0,0,3,21,145.41,1,0.134,0.5,5.202,265.7,99.57000000000001,22,990.0
1999,7,22,22,30,0,0,0,0,0,0,3,21,150.86,1,0.134,0.5,5.199,265.7,100.0,21,990.0
1999,7,22,23,0,0,0,0,0,0,0,3,21,155.32,1,0.134,0.5,5.196,261.5,100.0,21,990.0
1999,7,22,23,30,0,0,0,0,0,0,0,21,158.16,1,0.134,0.4,5.192,261.5,100.0,21,990.0
1999,7,23,0,0,0,0,0,0,0,0,0,21,158.72,1,0.134,0.4,5.189,252.70000000000002,100.0,21,990.0
1999,7,23,0,30,0,0,0,0,0,0,0,20,156.83,0,0.134,0.30000000000000004,5.183,252.70000000000002,100.0,20,990.0
1999,7,23,1,0,0,0,0,0,0,0,0,20,153.0,1,0.134,0.2,5.178,247.70000000000002,100.0,20,990.0
1999,7,23,1,30,0,0,0,0,0,0,1,20,147.93,0,0.134,0.1,5.166,247.70000000000002,100.0,20,990.0
1999,7,23,2,0,0,0,0,0,0,0,0,20,142.1,0,0.134,0.1,5.154,246.60000000000002,100.0,20,990.0
1999,7,23,2,30,0,0,0,0,0,0,0,20,135.83,0,0.134,0.0,5.144,246.60000000000002,100.0,20,990.0
1999,7,23,3,0,0,0,0,0,0,0,3,20,129.27,0,0.134,0.0,5.134,247.60000000000002,100.0,20,990.0
1999,7,23,3,30,0,0,0,0,0,0,3,20,122.53,0,0.134,0.0,5.125,247.60000000000002,100.0,20,990.0
1999,7,23,4,0,0,0,0,0,0,0,3,20,115.67,0,0.134,0.0,5.1160000000000005,248.20000000000002,100.0,20,990.0
1999,7,23,4,30,0,0,0,0,0,0,1,20,108.74000000000001,0,0.134,0.0,5.109,248.20000000000002,100.0,20,990.0
1999,7,23,5,0,0,0,0,0,0,0,3,20,101.75,0,0.134,0.0,5.103,248.20000000000002,100.0,20,990.0
1999,7,23,5,30,0,0,0,0,0,0,3,20,94.72,0,0.134,0.0,5.096,248.20000000000002,100.0,20,990.0
1999,7,23,6,0,18,0,18,13,233,22,3,21,87.68,4,0.134,0.0,5.09,248.8,100.0,21,990.0
1999,7,23,6,30,50,264,93,31,510,114,7,21,80.64,0,0.134,0.0,5.089,248.8,100.0,21,990.0
1999,7,23,7,0,41,654,226,41,654,226,1,21,73.62,0,0.134,0.0,5.088,248.9,100.0,22,990.0
1999,7,23,7,30,154,228,245,48,741,342,7,21,66.62,0,0.134,0.0,5.09,248.9,100.0,22,990.0
1999,7,23,8,0,211,87,256,53,798,456,3,22,59.67,0,0.134,0.0,5.093,237.20000000000002,100.0,23,990.0
1999,7,23,8,30,191,9,197,57,838,564,3,22,52.800000000000004,0,0.134,0.0,5.1000000000000005,237.20000000000002,100.0,23,990.0
1999,7,23,9,0,317,110,394,59,868,662,3,23,46.06,0,0.134,0.0,5.107,222.9,100.0,23,990.0
1999,7,23,9,30,363,225,537,62,889,748,3,23,39.52,0,0.134,0.0,5.134,222.9,100.0,23,990.0
1999,7,23,10,0,401,111,495,63,904,820,3,23,33.29,0,0.134,0.0,5.1610000000000005,196.20000000000002,97.2,24,990.0
1999,7,23,10,30,65,915,876,65,915,876,0,23,27.6,0,0.134,0.0,5.196,196.20000000000002,97.17,24,990.0
1999,7,23,11,0,437,307,720,65,923,916,3,23,22.86,0,0.134,0.0,5.232,176.5,89.62,25,990.0
1999,7,23,11,30,471,212,672,66,926,938,3,23,19.77,0,0.134,0.0,5.258,176.5,89.57000000000001,25,990.0
1999,7,23,12,0,427,53,478,67,926,942,3,22,19.16,0,0.134,0.0,5.284,165.5,82.81,26,990.0
1999,7,23,12,30,66,924,928,66,924,928,0,22,21.23,0,0.134,0.0,5.304,165.5,82.77,26,990.0
1999,7,23,13,0,66,918,896,66,918,896,0,22,25.330000000000002,0,0.134,0.0,5.324,162.5,82.98,26,980.0
1999,7,23,13,30,64,909,846,64,909,846,0,22,30.67,0,0.134,0.0,5.333,162.5,88.0,26,980.0
1999,7,23,14,0,62,896,781,62,896,781,0,23,36.69,0,0.134,0.0,5.343,164.8,90.35000000000001,26,980.0
1999,7,23,14,30,343,166,464,60,877,700,3,23,43.12,0,0.134,0.0,5.344,164.8,90.33,25,980.0
1999,7,23,15,0,293,169,403,57,852,607,3,23,49.78,0,0.134,0.0,5.346,169.0,93.41,25,980.0
1999,7,23,15,30,150,567,462,53,818,504,8,23,56.6,0,0.134,0.0,5.331,169.0,99.15,25,980.0
1999,7,23,16,0,7,0,7,49,770,392,8,24,63.52,0,0.134,0.0,5.317,182.20000000000002,100.0,25,980.0
1999,7,23,16,30,70,0,70,43,700,276,6,24,70.5,0,0.134,0.0,5.2940000000000005,182.20000000000002,100.0,24,980.0
1999,7,23,17,0,78,61,91,35,587,162,6,24,77.52,0,0.134,0.1,5.271,180.20000000000002,100.0,24,980.0
1999,7,23,17,30,30,25,32,21,384,58,7,23,84.56,4,0.134,0.2,5.2540000000000004,180.20000000000002,100.0,23,980.0
1999,7,23,18,0,0,0,0,0,0,0,7,23,91.61,0,0.134,0.30000000000000004,5.237,182.5,100.0,23,980.0
1999,7,23,18,30,0,0,0,0,0,0,8,23,98.65,0,0.134,0.30000000000000004,5.222,182.5,100.0,23,990.0
1999,7,23,19,0,0,0,0,0,0,0,8,23,105.66,1,0.134,0.4,5.208,191.0,100.0,23,990.0
1999,7,23,19,30,0,0,0,0,0,0,7,22,112.63,0,0.134,0.4,5.194,191.0,100.0,23,990.0
1999,7,23,20,0,0,0,0,0,0,0,0,22,119.54,0,0.134,0.4,5.181,209.0,100.0,23,990.0
1999,7,23,20,30,0,0,0,0,0,0,0,22,126.35000000000001,0,0.134,0.4,5.16,209.0,100.0,22,990.0
1999,7,23,21,0,0,0,0,0,0,0,3,22,133.01,0,0.134,0.4,5.14,232.9,100.0,22,990.0
1999,7,23,21,30,0,0,0,0,0,0,0,22,139.44,0,0.134,0.30000000000000004,5.1160000000000005,232.9,100.0,22,990.0
1999,7,23,22,0,0,0,0,0,0,0,1,22,145.52,0,0.134,0.30000000000000004,5.093,248.0,100.0,22,990.0
1999,7,23,22,30,0,0,0,0,0,0,0,21,151.0,0,0.134,0.2,5.07,248.0,100.0,21,990.0
1999,7,23,23,0,0,0,0,0,0,0,0,21,155.49,0,0.134,0.2,5.048,254.8,100.0,21,990.0
1999,7,23,23,30,0,0,0,0,0,0,1,21,158.36,0,0.134,0.1,5.0280000000000005,254.8,100.0,21,990.0
1999,7,24,0,0,0,0,0,0,0,0,1,21,158.92000000000002,0,0.134,0.1,5.009,258.40000000000003,100.0,21,990.0
1999,7,24,0,30,0,0,0,0,0,0,0,21,157.02,0,0.134,0.1,4.993,258.40000000000003,100.0,21,990.0
1999,7,24,1,0,0,0,0,0,0,0,0,21,153.16,0,0.134,0.1,4.977,257.1,100.0,21,990.0
1999,7,24,1,30,0,0,0,0,0,0,0,21,148.06,0,0.134,0.1,4.9670000000000005,257.1,100.0,21,980.0
1999,7,24,2,0,0,0,0,0,0,0,3,21,142.21,0,0.134,0.1,4.958,254.10000000000002,100.0,21,980.0
1999,7,24,2,30,0,0,0,0,0,0,10,20,135.91,0,0.134,0.1,4.955,254.10000000000002,100.0,21,980.0
1999,7,24,3,0,0,0,0,0,0,0,4,20,129.34,0,0.134,0.2,4.953,250.60000000000002,100.0,21,980.0
1999,7,24,3,30,0,0,0,0,0,0,4,20,122.59,0,0.134,0.2,4.954,250.60000000000002,100.0,21,990.0
1999,7,24,4,0,0,0,0,0,0,0,4,20,115.72,0,0.134,0.30000000000000004,4.956,249.20000000000002,100.0,21,990.0
1999,7,24,4,30,0,0,0,0,0,0,7,20,108.77,0,0.134,0.30000000000000004,4.963,249.20000000000002,100.0,20,990.0
1999,7,24,5,0,0,0,0,0,0,0,7,20,101.77,0,0.134,0.4,4.971,249.9,100.0,20,990.0
1999,7,24,5,30,0,0,0,0,0,0,4,20,94.74,0,0.134,0.30000000000000004,4.982,249.9,100.0,20,990.0
1999,7,24,6,0,8,0,8,13,217,22,4,20,87.69,4,0.134,0.2,4.993,254.20000000000002,100.0,21,990.0
1999,7,24,6,30,43,0,43,33,497,113,3,20,80.64,0,0.134,0.1,5.006,254.20000000000002,100.0,21,990.0
1999,7,24,7,0,54,0,54,45,640,226,4,21,73.60000000000001,0,0.134,0.0,5.0200000000000005,272.5,100.0,22,990.0
1999,7,24,7,30,112,0,112,53,729,343,4,21,66.6,0,0.134,0.0,5.026,272.5,100.0,22,990.0
1999,7,24,8,0,185,24,198,59,788,458,3,22,59.64,0,0.134,0.0,5.033,278.7,100.0,22,990.0
1999,7,24,8,30,29,0,29,64,829,566,3,22,52.76,0,0.134,0.0,5.029,278.7,100.0,22,990.0
1999,7,24,9,0,320,195,456,67,860,665,4,23,46.0,0,0.134,0.0,5.026,267.2,100.0,23,990.0
1999,7,24,9,30,352,78,413,70,882,751,3,23,39.44,0,0.134,0.0,5.022,267.2,100.0,23,990.0
1999,7,24,10,0,397,94,476,72,898,824,7,23,33.18,0,0.134,0.0,5.019,265.40000000000003,100.0,23,990.0
1999,7,24,10,30,409,112,509,74,910,881,8,23,27.47,4,0.134,0.0,5.013,265.40000000000003,100.0,23,990.0
1999,7,24,11,0,427,113,532,75,917,921,7,22,22.69,4,0.134,0.0,5.008,265.5,93.95,24,990.0
1999,7,24,11,30,394,347,721,75,921,944,8,22,19.580000000000002,4,0.134,0.0,5.001,265.5,93.91,24,990.0
1999,7,24,12,0,461,278,724,75,922,948,7,22,18.95,0,0.134,0.0,4.995,262.8,86.82000000000001,25,990.0
1999,7,24,12,30,448,296,725,75,920,934,8,22,21.04,0,0.134,0.0,4.989,262.8,86.77,25,990.0
1999,7,24,13,0,265,14,278,74,914,902,7,22,25.18,0,0.134,0.0,4.984,253.3,85.98,25,990.0
1999,7,24,13,30,249,15,263,72,905,852,7,22,30.54,1,0.134,0.0,4.9830000000000005,253.3,85.95,25,980.0
1999,7,24,14,0,232,13,242,70,891,786,7,22,36.59,1,0.134,0.0,4.982,253.3,85.82000000000001,25,980.0
1999,7,24,14,30,302,309,528,68,872,705,3,22,43.04,1,0.134,0.0,4.971,253.3,85.8,25,980.0
1999,7,24,15,0,261,305,458,63,848,612,3,22,49.72,1,0.134,0.0,4.961,254.70000000000002,86.57000000000001,25,980.0
1999,7,24,15,30,227,277,380,59,813,507,3,22,56.550000000000004,0,0.134,0.0,4.942,254.70000000000002,86.57000000000001,25,980.0
1999,7,24,16,0,165,293,296,53,766,395,3,23,63.480000000000004,1,0.134,0.0,4.924,237.3,89.57000000000001,25,980.0
1999,7,24,16,30,115,279,208,46,694,278,3,23,70.48,1,0.134,0.0,4.899,237.3,95.08,24,980.0
1999,7,24,17,0,70,239,122,37,580,163,3,23,77.5,1,0.134,0.1,4.875,241.8,96.93,24,980.0
1999,7,24,17,30,29,153,43,22,375,58,8,23,84.55,1,0.134,0.2,4.854,241.8,100.0,23,980.0
1999,7,24,18,0,0,0,0,0,0,0,8,22,91.61,1,0.134,0.30000000000000004,4.8340000000000005,253.70000000000002,99.83,23,990.0
1999,7,24,18,30,0,0,0,0,0,0,8,22,98.66,0,0.134,0.30000000000000004,4.824,253.70000000000002,100.0,23,990.0
1999,7,24,19,0,0,0,0,0,0,0,8,22,105.68,1,0.134,0.4,4.814,261.1,100.0,23,990.0
1999,7,24,19,30,0,0,0,0,0,0,7,22,112.66,0,0.134,0.4,4.814,261.1,100.0,22,990.0
1999,7,24,20,0,0,0,0,0,0,0,7,22,119.58,0,0.134,0.5,4.814,269.6,100.0,22,990.0
1999,7,24,20,30,0,0,0,0,0,0,6,22,126.4,0,0.134,0.5,4.824,269.6,100.0,22,990.0
1999,7,24,21,0,0,0,0,0,0,0,6,22,133.08,0,0.134,0.5,4.835,278.5,100.0,22,990.0
1999,7,24,21,30,0,0,0,0,0,0,8,21,139.53,0,0.134,0.5,4.852,278.5,100.0,21,990.0
1999,7,24,22,0,0,0,0,0,0,0,7,21,145.63,0,0.134,0.5,4.869,286.0,100.0,21,990.0
1999,7,24,22,30,0,0,0,0,0,0,8,21,151.14000000000001,0,0.134,0.5,4.878,286.0,100.0,21,990.0
1999,7,24,23,0,0,0,0,0,0,0,7,21,155.67000000000002,0,0.134,0.5,4.8870000000000005,287.3,100.0,21,990.0
1999,7,24,23,30,0,0,0,0,0,0,7,20,158.56,0,0.134,0.4,4.889,287.3,100.0,21,990.0
1999,7,25,0,0,0,0,0,0,0,0,7,20,159.13,0,0.134,0.4,4.892,283.5,100.0,21,990.0
1999,7,25,0,30,0,0,0,0,0,0,7,20,157.21,0,0.134,0.30000000000000004,4.891,283.5,100.0,20,990.0
1999,7,25,1,0,0,0,0,0,0,0,7,20,153.33,0,0.134,0.30000000000000004,4.89,279.40000000000003,100.0,20,980.0
1999,7,25,1,30,0,0,0,0,0,0,4,20,148.19,0,0.134,0.2,4.8950000000000005,279.40000000000003,100.0,20,980.0
1999,7,25,2,0,0,0,0,0,0,0,4,20,142.32,0,0.134,0.2,4.9,278.0,100.0,20,980.0
1999,7,25,2,30,0,0,0,0,0,0,4,20,136.0,0,0.134,0.2,4.922,278.0,100.0,20,980.0
1999,7,25,3,0,0,0,0,0,0,0,4,20,129.41,0,0.134,0.30000000000000004,4.944,281.2,100.0,20,990.0
1999,7,25,3,30,0,0,0,0,0,0,4,20,122.65,0,0.134,0.4,4.978,281.2,100.0,20,990.0
1999,7,25,4,0,0,0,0,0,0,0,4,20,115.77,0,0.134,0.5,5.013,288.7,100.0,21,990.0
1999,7,25,4,30,0,0,0,0,0,0,4,20,108.81,0,0.134,0.5,5.037,288.7,100.0,21,990.0
1999,7,25,5,0,0,0,0,0,0,0,1,21,101.8,0,0.134,0.5,5.061,291.90000000000003,100.0,21,990.0
1999,7,25,5,30,0,0,0,0,0,0,1,21,94.75,0,0.134,0.4,5.07,291.90000000000003,100.0,21,990.0
1999,7,25,6,0,6,0,6,13,199,21,4,21,87.69,4,0.134,0.30000000000000004,5.08,283.2,100.0,21,990.0
1999,7,25,6,30,35,0,35,34,479,112,4,21,80.64,0,0.134,0.1,5.088,283.2,100.0,21,990.0
1999,7,25,7,0,32,0,32,47,629,225,4,22,73.59,0,0.134,0.0,5.096,289.40000000000003,100.0,22,990.0
1999,7,25,7,30,124,0,124,56,719,342,4,22,66.57000000000001,0,0.134,0.0,5.119,289.40000000000003,100.0,22,990.0
1999,7,25,8,0,128,0,128,62,780,457,3,23,59.6,0,0.134,0.0,5.142,271.5,100.0,23,990.0
1999,7,25,8,30,196,10,203,67,822,565,4,23,52.71,0,0.134,0.0,5.171,271.5,100.0,23,990.0
1999,7,25,9,0,300,62,344,71,853,664,3,23,45.94,0,0.134,0.0,5.2010000000000005,256.90000000000003,100.0,24,990.0
1999,7,25,9,30,314,37,343,74,875,751,3,23,39.35,0,0.134,0.0,5.221,256.90000000000003,100.0,24,990.0
1999,7,25,10,0,409,164,547,76,891,824,2,22,33.08,0,0.134,0.0,5.2410000000000005,268.1,93.13,24,990.0
1999,7,25,10,30,436,222,634,78,903,881,7,22,27.330000000000002,0,0.134,0.0,5.258,268.1,93.10000000000001,24,990.0
1999,7,25,11,0,399,42,438,79,911,921,6,22,22.52,0,0.134,0.0,5.275,253.0,87.45,25,990.0
1999,7,25,11,30,259,13,272,80,915,943,6,22,19.37,0,0.134,0.0,5.298,253.0,87.42,25,990.0
1999,7,25,12,0,315,18,332,80,915,947,8,22,18.740000000000002,0,0.134,0.0,5.321,179.3,87.66,25,990.0
1999,7,25,12,30,323,19,341,80,912,933,4,22,20.85,0,0.134,0.0,5.344,179.3,87.62,25,990.0
1999,7,25,13,0,293,16,309,79,906,900,4,22,25.02,0,0.134,0.0,5.368,176.10000000000002,88.23,25,980.0
1999,7,25,13,30,325,25,347,78,896,851,4,22,30.42,0,0.134,0.0,5.388,176.10000000000002,88.19,25,980.0
1999,7,25,14,0,388,159,516,76,881,785,4,23,36.49,0,0.134,0.0,5.408,193.3,89.14,25,980.0
1999,7,25,14,30,73,862,704,73,862,704,1,23,42.96,0,0.134,0.0,5.415,193.3,89.13,25,980.0
1999,7,25,15,0,294,130,378,67,838,610,3,23,49.660000000000004,0,0.134,0.0,5.422,188.10000000000002,90.4,25,980.0
1999,7,25,15,30,63,803,506,63,803,506,0,23,56.51,0,0.134,0.0,5.417,188.10000000000002,90.4,25,980.0
1999,7,25,16,0,56,756,394,56,756,394,0,23,63.45,0,0.134,0.0,5.414,181.9,92.33,25,980.0
1999,7,25,16,30,49,683,277,49,683,277,0,23,70.45,0,0.134,0.0,5.404,181.9,98.01,24,980.0
1999,7,25,17,0,39,568,162,39,568,162,0,24,77.49,1,0.134,0.1,5.3950000000000005,180.3,100.0,24,980.0
1999,7,25,17,30,23,362,57,23,362,57,0,23,84.55,1,0.134,0.1,5.39,180.3,100.0,24,980.0
1999,7,25,18,0,0,0,0,0,0,0,0,23,91.61,1,0.134,0.2,5.385,200.3,100.0,24,980.0
1999,7,25,18,30,0,0,0,0,0,0,0,23,98.67,1,0.134,0.2,5.384,200.3,100.0,23,990.0
1999,7,25,19,0,0,0,0,0,0,0,0,23,105.7,1,0.134,0.30000000000000004,5.383,212.8,100.0,23,990.0
1999,7,25,19,30,0,0,0,0,0,0,0,23,112.7,1,0.134,0.30000000000000004,5.383,212.8,100.0,23,990.0
1999,7,25,20,0,0,0,0,0,0,0,7,23,119.63,1,0.134,0.30000000000000004,5.383,217.4,100.0,23,990.0
1999,7,25,20,30,0,0,0,0,0,0,7,23,126.46000000000001,1,0.134,0.2,5.3790000000000004,217.4,100.0,23,990.0
1999,7,25,21,0,0,0,0,0,0,0,7,22,133.15,1,0.134,0.2,5.376,241.3,99.53,23,990.0
1999,7,25,21,30,0,0,0,0,0,0,7,22,139.62,1,0.134,0.2,5.361,241.3,99.52,23,990.0
1999,7,25,22,0,0,0,0,0,0,0,7,22,145.75,1,0.134,0.30000000000000004,5.346,262.8,97.08,23,990.0
1999,7,25,22,30,0,0,0,0,0,0,7,22,151.29,0,0.134,0.30000000000000004,5.3180000000000005,262.8,100.0,22,990.0
1999,7,25,23,0,0,0,0,0,0,0,7,22,155.85,0,0.134,0.4,5.291,269.1,100.0,22,990.0
1999,7,25,23,30,0,0,0,0,0,0,6,22,158.77,0,0.134,0.4,5.259,269.1,100.0,22,990.0
1999,7,26,0,0,0,0,0,0,0,0,6,22,159.35,0,0.134,0.4,5.228,272.40000000000003,100.0,22,980.0
1999,7,26,0,30,0,0,0,0,0,0,6,22,157.41,0,0.134,0.4,5.196,272.40000000000003,100.0,22,980.0
1999,7,26,1,0,0,0,0,0,0,0,8,22,153.49,0,0.134,0.5,5.164,272.7,100.0,22,980.0
1999,7,26,1,30,0,0,0,0,0,0,8,21,148.33,0,0.134,0.5,5.1290000000000004,272.7,100.0,22,980.0
1999,7,26,2,0,0,0,0,0,0,0,7,21,142.43,0,0.134,0.5,5.094,265.90000000000003,100.0,22,980.0
1999,7,26,2,30,0,0,0,0,0,0,0,21,136.09,0,0.134,0.5,5.059,265.90000000000003,100.0,21,980.0
1999,7,26,3,0,0,0,0,0,0,0,0,21,129.48,0,0.134,0.5,5.025,251.8,100.0,21,980.0
1999,7,26,3,30,0,0,0,0,0,0,0,21,122.7,0,0.134,0.5,4.9910000000000005,251.8,100.0,21,980.0
1999,7,26,4,0,0,0,0,0,0,0,0,21,115.81,0,0.134,0.6000000000000001,4.957,233.9,100.0,21,980.0
1999,7,26,4,30,0,0,0,0,0,0,0,21,108.84,0,0.134,0.6000000000000001,4.923,233.9,100.0,21,990.0
1999,7,26,5,0,0,0,0,0,0,0,0,21,101.82000000000001,0,0.134,0.6000000000000001,4.889,219.9,100.0,21,990.0
1999,7,26,5,30,0,0,0,0,0,0,0,21,94.77,0,0.134,0.5,4.854,219.9,100.0,21,990.0
1999,7,26,6,0,13,206,22,13,206,22,0,21,87.7,0,0.134,0.4,4.82,215.3,100.0,21,990.0
1999,7,26,6,30,29,0,29,34,488,113,3,21,80.63,0,0.134,0.2,4.793,215.3,100.0,22,990.0
1999,7,26,7,0,53,0,53,46,638,226,3,22,73.57000000000001,0,0.134,0.0,4.766,210.5,100.0,23,990.0
1999,7,26,7,30,80,0,80,54,727,344,3,22,66.54,1,0.134,0.0,4.759,210.5,98.60000000000001,23,990.0
1999,7,26,8,0,112,0,112,60,788,460,3,23,59.56,0,0.134,0.0,4.753,201.70000000000002,94.41,24,990.0
1999,7,26,8,30,116,0,116,65,830,568,3,23,52.660000000000004,0,0.134,0.0,4.771,201.70000000000002,94.4,24,990.0
1999,7,26,9,0,137,0,137,69,859,668,3,22,45.87,0,0.134,0.0,4.789,196.60000000000002,88.25,25,990.0
1999,7,26,9,30,299,28,321,72,881,755,3,22,39.27,0,0.134,0.0,4.8260000000000005,196.60000000000002,88.23,25,990.0
1999,7,26,10,0,366,50,408,74,898,828,3,22,32.97,0,0.134,0.0,4.864,186.8,82.01,26,990.0
1999,7,26,10,30,408,64,466,76,909,885,3,22,27.19,0,0.134,0.0,4.915,186.8,81.98,26,990.0
1999,7,26,11,0,426,61,483,77,916,925,3,22,22.35,0,0.134,0.0,4.966,176.0,77.11,27,990.0
1999,7,26,11,30,475,210,673,78,920,947,3,22,19.17,0,0.134,0.0,5.019,176.0,77.08,27,980.0
1999,7,26,12,0,473,233,695,79,919,951,3,22,18.52,0,0.134,0.0,5.073,164.8,77.44,27,980.0
1999,7,26,12,30,79,916,936,79,916,936,0,22,20.66,0,0.134,0.0,5.119,164.8,77.4,27,980.0
1999,7,26,13,0,79,908,904,79,908,904,8,22,24.87,4,0.134,0.0,5.166,161.5,78.12,27,980.0
1999,7,26,13,30,219,10,227,78,898,854,6,22,30.29,0,0.134,0.0,5.205,161.5,82.81,27,980.0
1999,7,26,14,0,283,19,299,76,884,787,8,23,36.39,0,0.134,0.0,5.244,166.70000000000002,86.14,27,980.0
1999,7,26,14,30,336,248,518,73,864,706,7,23,42.88,0,0.134,0.0,5.267,166.70000000000002,86.12,26,980.0
1999,7,26,15,0,266,47,297,69,838,612,3,24,49.6,0,0.134,0.0,5.291,160.8,90.28,26,980.0
1999,7,26,15,30,222,48,249,64,802,507,3,24,56.46,0,0.134,0.0,5.301,160.8,95.78,26,980.0
1999,7,26,16,0,159,18,167,58,752,395,3,24,63.410000000000004,0,0.134,0.0,5.311,159.5,98.08,26,980.0
1999,7,26,16,30,50,678,278,50,678,278,0,24,70.43,0,0.134,0.0,5.314,159.5,98.09,25,980.0
1999,7,26,17,0,40,562,162,40,562,162,1,24,77.48,0,0.134,0.1,5.317,187.10000000000002,99.60000000000001,25,980.0
1999,7,26,17,30,24,353,57,24,353,57,1,24,84.54,0,0.134,0.2,5.333,187.10000000000002,100.0,25,980.0
1999,7,26,18,0,0,0,0,0,0,0,0,24,91.62,0,0.134,0.30000000000000004,5.349,192.4,100.0,25,980.0
1999,7,26,18,30,0,0,0,0,0,0,0,24,98.69,0,0.134,0.30000000000000004,5.375,192.4,100.0,24,980.0
1999,7,26,19,0,0,0,0,0,0,0,0,23,105.73,1,0.134,0.4,5.4030000000000005,211.8,98.77,24,980.0
1999,7,26,19,30,0,0,0,0,0,0,3,23,112.73,0,0.134,0.4,5.42,211.8,98.8,24,980.0
1999,7,26,20,0,0,0,0,0,0,0,3,23,119.68,0,0.134,0.4,5.439,236.5,97.68,24,990.0
1999,7,26,20,30,0,0,0,0,0,0,1,23,126.52,0,0.134,0.4,5.442,236.5,100.0,23,990.0
1999,7,26,21,0,0,0,0,0,0,0,3,23,133.23,0,0.134,0.4,5.446,247.20000000000002,100.0,23,990.0
1999,7,26,21,30,0,0,0,0,0,0,3,23,139.72,0,0.134,0.4,5.44,247.20000000000002,100.0,23,990.0
1999,7,26,22,0,0,0,0,0,0,0,3,23,145.87,0,0.134,0.5,5.4350000000000005,255.70000000000002,100.0,23,990.0
1999,7,26,22,30,0,0,0,0,0,0,3,22,151.44,0,0.134,0.4,5.4190000000000005,255.70000000000002,100.0,22,990.0
1999,7,26,23,0,0,0,0,0,0,0,7,22,156.03,0,0.134,0.4,5.404,261.2,100.0,22,990.0
1999,7,26,23,30,0,0,0,0,0,0,7,22,158.98,0,0.134,0.30000000000000004,5.389,261.2,100.0,22,980.0
1999,7,27,0,0,0,0,0,0,0,0,7,22,159.57,0,0.134,0.30000000000000004,5.375,261.40000000000003,100.0,22,980.0
1999,7,27,0,30,0,0,0,0,0,0,8,21,157.6,0,0.134,0.2,5.362,261.40000000000003,100.0,22,980.0
1999,7,27,1,0,0,0,0,0,0,0,7,21,153.66,0,0.134,0.2,5.3500000000000005,259.1,100.0,22,980.0
1999,7,27,1,30,0,0,0,0,0,0,3,21,148.46,0,0.134,0.1,5.3420000000000005,259.1,100.0,21,980.0
1999,7,27,2,0,0,0,0,0,0,0,3,21,142.53,0,0.134,0.1,5.3340000000000005,254.4,100.0,21,980.0
1999,7,27,2,30,0,0,0,0,0,0,3,21,136.18,0,0.134,0.1,5.327,254.4,100.0,21,980.0
1999,7,27,3,0,0,0,0,0,0,0,4,21,129.55,0,0.134,0.1,5.32,249.0,100.0,21,980.0
1999,7,27,3,30,0,0,0,0,0,0,3,21,122.76,0,0.134,0.0,5.304,249.0,100.0,21,980.0
1999,7,27,4,0,0,0,0,0,0,0,7,21,115.85000000000001,0,0.134,0.0,5.288,242.8,100.0,21,980.0
1999,7,27,4,30,0,0,0,0,0,0,8,21,108.87,0,0.134,0.0,5.276,242.8,100.0,21,980.0
1999,7,27,5,0,0,0,0,0,0,0,8,21,101.84,0,0.134,0.1,5.264,237.60000000000002,100.0,21,980.0
1999,7,27,5,30,0,0,0,0,0,0,8,21,94.78,0,0.134,0.0,5.267,237.60000000000002,100.0,21,990.0
1999,7,27,6,0,10,0,10,13,214,22,7,21,87.7,4,0.134,0.0,5.271,237.9,100.0,22,990.0
1999,7,27,6,30,53,1,53,33,495,113,3,21,80.62,0,0.134,0.0,5.29,237.9,100.0,22,990.0
1999,7,27,7,0,100,23,106,44,644,226,8,22,73.55,4,0.134,0.0,5.309,244.70000000000002,100.0,23,990.0
1999,7,27,7,30,52,732,344,52,732,344,0,23,66.51,0,0.134,0.0,5.332,244.70000000000002,100.0,23,990.0
1999,7,27,8,0,210,74,248,55,794,458,3,24,59.52,0,0.134,0.0,5.355,235.4,100.0,24,990.0
1999,7,27,8,30,256,83,306,60,834,567,7,24,52.6,4,0.134,0.0,5.391,235.4,100.0,24,990.0
1999,7,27,9,0,298,56,337,63,864,665,8,24,45.800000000000004,0,0.134,0.0,5.4270000000000005,216.9,95.60000000000001,25,990.0
1999,7,27,9,30,266,17,279,66,885,752,8,24,39.18,0,0.134,0.0,5.477,216.9,95.58,25,990.0
1999,7,27,10,0,353,41,388,68,900,824,8,23,32.85,0,0.134,0.0,5.5280000000000005,203.5,86.43,26,990.0
1999,7,27,10,30,263,13,276,70,911,881,8,23,27.04,0,0.134,0.0,5.587,203.5,86.41,26,990.0
1999,7,27,11,0,276,14,290,72,917,921,7,23,22.17,0,0.134,0.0,5.648,192.20000000000002,85.82000000000001,26,990.0
1999,7,27,11,30,463,93,551,72,921,943,8,23,18.95,0,0.134,0.0,5.6930000000000005,192.20000000000002,85.78,26,990.0
1999,7,27,12,0,363,25,387,73,921,947,8,23,18.3,0,0.134,0.0,5.738,173.10000000000002,86.43,27,980.0
1999,7,27,12,30,295,16,311,72,918,933,4,23,20.46,0,0.134,0.0,5.763,173.10000000000002,86.4,26,980.0
1999,7,27,13,0,450,218,649,72,912,901,8,23,24.71,0,0.134,0.0,5.788,165.8,88.58,26,980.0
1999,7,27,13,30,282,16,296,70,903,851,8,23,30.17,0,0.134,0.0,5.791,165.8,88.56,26,980.0
1999,7,27,14,0,341,44,377,68,889,785,8,24,36.300000000000004,0,0.134,0.0,5.7940000000000005,166.0,91.14,26,980.0
1999,7,27,14,30,271,23,288,66,871,705,8,24,42.800000000000004,0,0.134,0.0,5.782,166.0,96.67,25,980.0
1999,7,27,15,0,211,12,219,62,846,611,8,24,49.54,0,0.134,0.0,5.772,165.5,99.4,25,980.0
1999,7,27,15,30,215,36,235,58,811,507,4,24,56.410000000000004,0,0.134,0.0,5.7540000000000004,165.5,99.4,25,980.0
1999,7,27,16,0,152,11,157,54,761,395,4,25,63.38,0,0.134,0.0,5.737,159.0,100.0,25,980.0
1999,7,27,16,30,110,2,111,47,690,278,4,25,70.4,1,0.134,0.0,5.715,159.0,100.0,25,980.0
1999,7,27,17,0,65,0,65,38,574,162,4,25,77.46000000000001,1,0.134,0.1,5.6930000000000005,106.7,100.0,25,980.0
1999,7,27,17,30,23,0,23,23,369,58,3,24,84.54,1,0.134,0.2,5.673,106.7,100.0,25,980.0
1999,7,27,18,0,0,0,0,0,0,0,3,24,91.63,1,0.134,0.30000000000000004,5.654,102.2,100.0,25,980.0
1999,7,27,18,30,0,0,0,0,0,0,3,24,98.71000000000001,0,0.134,0.30000000000000004,5.638,102.2,100.0,24,980.0
1999,7,27,19,0,0,0,0,0,0,0,3,24,105.76,1,0.133,0.30000000000000004,5.6240000000000006,92.80000000000001,100.0,24,980.0
1999,7,27,19,30,0,0,0,0,0,0,3,24,112.77,1,0.133,0.30000000000000004,5.619,92.80000000000001,100.0,24,990.0
1999,7,27,20,0,0,0,0,0,0,0,3,23,119.73,1,0.133,0.30000000000000004,5.615,80.10000000000001,99.60000000000001,24,990.0
1999,7,27,20,30,0,0,0,0,0,0,4,23,126.59,1,0.133,0.30000000000000004,5.622,80.10000000000001,99.62,24,990.0
1999,7,27,21,0,0,0,0,0,0,0,4,23,133.31,1,0.133,0.30000000000000004,5.6290000000000004,67.8,98.12,24,990.0
1999,7,27,21,30,0,0,0,0,0,0,4,23,139.82,0,0.133,0.30000000000000004,5.641,67.8,100.0,24,990.0
1999,7,27,22,0,0,0,0,0,0,0,4,23,145.99,1,0.133,0.30000000000000004,5.655,39.2,100.0,24,990.0
1999,7,27,22,30,0,0,0,0,0,0,4,23,151.6,1,0.133,0.30000000000000004,5.655,39.2,100.0,23,990.0
1999,7,27,23,0,0,0,0,0,0,0,4,23,156.22,1,0.133,0.4,5.655,17.5,100.0,23,990.0
1999,7,27,23,30,0,0,0,0,0,0,4,23,159.20000000000002,1,0.133,0.4,5.6370000000000005,17.5,100.0,23,990.0
1999,7,28,0,0,0,0,0,0,0,0,4,23,159.79,1,0.133,0.4,5.62,357.20000000000005,100.0,23,990.0
1999,7,28,0,30,0,0,0,0,0,0,4,23,157.81,0,0.133,0.4,5.595,357.20000000000005,100.0,23,990.0
1999,7,28,1,0,0,0,0,0,0,0,4,22,153.82,0,0.133,0.5,5.571,341.5,99.35000000000001,23,980.0
1999,7,28,1,30,0,0,0,0,0,0,3,22,148.59,0,0.133,0.5,5.5520000000000005,341.5,100.0,23,980.0
1999,7,28,2,0,0,0,0,0,0,0,3,22,142.64000000000001,0,0.133,0.5,5.533,331.6,100.0,23,980.0
1999,7,28,2,30,0,0,0,0,0,0,4,22,136.26,0,0.133,0.4,5.523,331.6,100.0,23,980.0
1999,7,28,3,0,0,0,0,0,0,0,4,22,129.62,0,0.133,0.30000000000000004,5.513,316.90000000000003,100.0,23,980.0
1999,7,28,3,30,0,0,0,0,0,0,4,22,122.81,0,0.133,0.2,5.51,316.90000000000003,100.0,23,980.0
1999,7,28,4,0,0,0,0,0,0,0,4,22,115.89,0,0.133,0.2,5.508,261.5,100.0,23,980.0
1999,7,28,4,30,0,0,0,0,0,0,4,22,108.9,0,0.133,0.2,5.507,261.5,100.0,23,980.0
1999,7,28,5,0,0,0,0,0,0,0,4,22,101.86,0,0.133,0.30000000000000004,5.506,217.8,100.0,23,990.0
1999,7,28,5,30,0,0,0,0,0,0,4,22,94.78,0,0.133,0.30000000000000004,5.502,217.8,100.0,22,990.0
1999,7,28,6,0,3,0,3,14,197,22,4,22,87.69,4,0.133,0.30000000000000004,5.4990000000000006,198.8,100.0,22,990.0
1999,7,28,6,30,15,0,15,35,479,113,4,22,80.61,0,0.133,0.2,5.487,198.8,100.0,22,990.0
1999,7,28,7,0,71,0,71,48,624,225,4,23,73.53,0,0.133,0.1,5.476,158.10000000000002,100.0,23,990.0
1999,7,28,7,30,131,4,133,58,715,343,4,23,66.48,0,0.133,0.1,5.455,158.10000000000002,100.0,23,990.0
1999,7,28,8,0,217,129,283,65,773,458,3,24,59.47,0,0.133,0.1,5.4350000000000005,131.4,100.0,24,990.0
1999,7,28,8,30,272,172,377,71,816,567,3,24,52.54,0,0.133,0.0,5.401,131.4,100.0,24,990.0
1999,7,28,9,0,75,847,667,75,847,667,0,24,45.72,0,0.133,0.0,5.369,121.7,100.0,25,990.0
1999,7,28,9,30,371,148,486,79,870,754,3,24,39.08,0,0.133,0.0,5.3340000000000005,121.7,100.0,25,990.0
1999,7,28,10,0,394,281,632,81,887,828,3,24,32.730000000000004,0,0.133,0.0,5.299,119.10000000000001,97.28,26,990.0
1999,7,28,10,30,83,899,885,83,899,885,0,24,26.900000000000002,0,0.133,0.0,5.272,119.10000000000001,97.23,26,990.0
1999,7,28,11,0,465,143,598,83,909,926,2,23,21.98,0,0.133,0.0,5.245,122.2,87.45,26,990.0
1999,7,28,11,30,84,913,949,84,913,949,0,23,18.73,0,0.133,0.0,5.238,122.2,87.41,26,990.0
1999,7,28,12,0,82,916,953,82,916,953,0,23,18.07,0,0.133,0.0,5.232,131.20000000000002,86.71000000000001,27,990.0
1999,7,28,12,30,82,913,939,82,913,939,0,23,20.26,0,0.133,0.0,5.247,131.20000000000002,86.67,27,980.0
1999,7,28,13,0,81,907,906,81,907,906,0,23,24.55,0,0.133,0.0,5.263,137.8,81.31,27,980.0
1999,7,28,13,30,427,156,562,79,897,856,2,23,30.04,0,0.133,0.0,5.288,137.8,81.29,27,980.0
1999,7,28,14,0,225,10,234,77,882,789,3,23,36.2,0,0.133,0.0,5.313,150.8,81.07000000000001,27,980.0
1999,7,28,14,30,74,862,708,74,862,708,0,23,42.730000000000004,0,0.133,0.0,5.336,150.8,85.96000000000001,27,980.0
1999,7,28,15,0,200,8,206,71,835,614,8,23,49.480000000000004,0,0.133,0.0,5.36,165.4,87.35000000000001,27,980.0
1999,7,28,15,30,57,0,57,66,798,509,8,23,56.370000000000005,0,0.133,0.0,5.371,165.4,87.36,26,980.0
1999,7,28,16,0,170,35,186,60,748,396,7,24,63.35,0,0.133,0.0,5.383,169.60000000000002,91.61,26,980.0
1999,7,28,16,30,98,0,98,52,673,278,8,24,70.38,0,0.133,0.0,5.377,169.60000000000002,97.21000000000001,25,980.0
1999,7,28,17,0,76,181,116,41,557,162,7,24,77.46000000000001,0,0.133,0.1,5.371,189.4,99.85000000000001,25,980.0
1999,7,28,17,30,30,113,41,24,346,57,7,24,84.54,1,0.133,0.2,5.3580000000000005,189.4,100.0,24,980.0
1999,7,28,18,0,0,0,0,0,0,0,7,24,91.64,1,0.133,0.30000000000000004,5.345,207.3,100.0,24,980.0
1999,7,28,18,30,0,0,0,0,0,0,7,24,98.73,0,0.133,0.30000000000000004,5.3420000000000005,207.3,100.0,24,990.0
1999,7,28,19,0,0,0,0,0,0,0,7,24,105.79,1,0.133,0.4,5.34,215.3,100.0,24,990.0
1999,7,28,19,30,0,0,0,0,0,0,7,23,112.82000000000001,1,0.133,0.4,5.346,215.3,100.0,24,990.0
1999,7,28,20,0,0,0,0,0,0,0,7,23,119.78,1,0.133,0.4,5.354,217.5,100.0,24,990.0
1999,7,28,20,30,0,0,0,0,0,0,7,23,126.66,1,0.133,0.4,5.356,217.5,100.0,23,990.0
1999,7,28,21,0,0,0,0,0,0,0,7,23,133.4,1,0.133,0.4,5.3580000000000005,222.4,100.0,23,990.0
1999,7,28,21,30,0,0,0,0,0,0,7,23,139.93,0,0.133,0.4,5.353,222.4,100.0,23,990.0
1999,7,28,22,0,0,0,0,0,0,0,7,23,146.12,1,0.133,0.4,5.349,227.4,100.0,23,990.0
1999,7,28,22,30,0,0,0,0,0,0,7,22,151.76,0,0.133,0.30000000000000004,5.33,227.4,100.0,22,990.0
1999,7,28,23,0,0,0,0,0,0,0,7,22,156.41,0,0.133,0.2,5.311,231.5,100.0,22,990.0
1999,7,28,23,30,0,0,0,0,0,0,7,22,159.42000000000002,0,0.133,0.1,5.276,231.5,100.0,22,990.0
1999,7,29,0,0,0,0,0,0,0,0,3,22,160.02,0,0.133,0.1,5.2410000000000005,234.10000000000002,100.0,22,990.0
1999,7,29,0,30,0,0,0,0,0,0,7,22,158.01,0,0.133,0.0,5.196,234.10000000000002,100.0,22,990.0
1999,7,29,1,0,0,0,0,0,0,0,7,22,153.99,0,0.133,0.0,5.1530000000000005,233.60000000000002,100.0,22,990.0
1999,7,29,1,30,0,0,0,0,0,0,4,22,148.73,0,0.133,0.0,5.121,233.60000000000002,100.0,22,980.0
1999,7,29,2,0,0,0,0,0,0,0,7,22,142.75,0,0.133,0.0,5.09,232.4,100.0,22,980.0
1999,7,29,2,30,0,0,0,0,0,0,7,22,136.35,0,0.133,0.0,5.08,232.4,100.0,22,980.0
1999,7,29,3,0,0,0,0,0,0,0,7,22,129.69,0,0.133,0.0,5.071,231.9,100.0,22,980.0
1999,7,29,3,30,0,0,0,0,0,0,7,21,122.86,0,0.133,0.0,5.086,231.9,100.0,22,980.0
1999,7,29,4,0,0,0,0,0,0,0,1,21,115.93,0,0.133,0.0,5.101,229.8,100.0,22,990.0
1999,7,29,4,30,0,0,0,0,0,0,0,21,108.92,0,0.133,0.0,5.126,229.8,100.0,21,990.0
1999,7,29,5,0,0,0,0,0,0,0,1,21,101.87,0,0.133,0.1,5.152,225.5,100.0,21,990.0
1999,7,29,5,30,0,0,0,0,0,0,7,21,94.79,0,0.133,0.0,5.184,225.5,100.0,21,990.0
1999,7,29,6,0,18,0,18,14,200,22,7,22,87.69,4,0.133,0.0,5.216,221.4,100.0,22,990.0
1999,7,29,6,30,49,289,97,34,484,113,7,22,80.59,0,0.133,0.0,5.245,221.4,100.0,22,990.0
1999,7,29,7,0,106,164,153,47,633,227,7,23,73.51,0,0.133,0.0,5.275,208.9,100.0,23,990.0
1999,7,29,7,30,159,76,189,55,723,344,8,23,66.44,0,0.133,0.0,5.29,208.9,100.0,23,990.0
1999,7,29,8,0,201,47,225,61,783,460,7,24,59.43,0,0.133,0.0,5.305,203.60000000000002,100.0,24,990.0
1999,7,29,8,30,235,32,254,66,825,569,7,24,52.480000000000004,0,0.133,0.0,5.309,203.60000000000002,100.0,25,990.0
1999,7,29,9,0,300,57,340,70,856,668,7,23,45.64,0,0.133,0.0,5.314,190.70000000000002,91.97,26,990.0
1999,7,29,9,30,315,36,344,73,878,756,7,23,38.980000000000004,0,0.133,0.0,5.316,190.70000000000002,91.95,26,990.0
1999,7,29,10,0,403,103,491,75,895,829,8,23,32.61,0,0.133,0.0,5.3180000000000005,178.10000000000002,84.95,27,990.0
1999,7,29,10,30,255,13,267,77,906,886,4,23,26.740000000000002,0,0.133,0.0,5.32,178.10000000000002,84.91,27,990.0
1999,7,29,11,0,315,18,332,78,914,927,4,23,21.79,0,0.133,0.0,5.323,172.5,80.32000000000001,27,990.0
1999,7,29,11,30,475,121,590,79,918,949,7,23,18.51,0,0.133,0.0,5.328,172.5,80.27,27,990.0
1999,7,29,12,0,473,245,707,79,918,953,7,23,17.84,0,0.133,0.0,5.333,171.8,80.76,27,980.0
1999,7,29,12,30,470,221,678,78,916,939,8,23,20.06,0,0.133,0.0,5.34,171.8,80.72,27,980.0
1999,7,29,13,0,437,286,698,78,910,907,7,23,24.39,0,0.133,0.0,5.347,176.4,81.08,27,980.0
1999,7,29,13,30,426,203,602,76,900,857,7,23,29.92,0,0.133,0.0,5.356,176.4,81.04,27,980.0
1999,7,29,14,0,389,202,553,74,886,790,7,23,36.1,0,0.133,0.0,5.365,183.70000000000002,81.91,27,980.0
1999,7,29,14,30,346,136,447,71,867,709,7,23,42.65,0,0.133,0.0,5.3790000000000004,183.70000000000002,81.89,27,980.0
1999,7,29,15,0,282,70,328,67,841,614,6,24,49.42,0,0.133,0.0,5.393,193.9,84.26,27,980.0
1999,7,29,15,30,237,226,362,63,805,509,7,24,56.33,0,0.133,0.0,5.401,193.9,89.35000000000001,26,980.0
1999,7,29,16,0,124,531,362,57,756,396,8,24,63.32,0,0.133,0.0,5.41,183.4,91.06,26,980.0
1999,7,29,16,30,49,682,279,49,682,279,0,24,70.37,0,0.133,0.0,5.416,183.4,96.61,26,980.0
1999,7,29,17,0,39,567,162,39,567,162,7,24,77.45,3,0.133,0.1,5.423,192.3,98.78,26,980.0
1999,7,29,17,30,23,358,57,23,358,57,7,24,84.55,4,0.133,0.2,5.436,192.3,98.81,25,980.0
1999,7,29,18,0,0,0,0,0,0,0,7,24,91.65,0,0.133,0.30000000000000004,5.449,205.10000000000002,96.59,25,980.0
1999,7,29,18,30,0,0,0,0,0,0,7,24,98.75,0,0.133,0.30000000000000004,5.46,205.10000000000002,100.0,25,980.0
1999,7,29,19,0,0,0,0,0,0,0,7,24,105.82000000000001,1,0.133,0.30000000000000004,5.471,210.9,100.0,25,980.0
1999,7,29,19,30,0,0,0,0,0,0,7,24,112.86,1,0.133,0.30000000000000004,5.47,210.9,100.0,24,980.0
1999,7,29,20,0,0,0,0,0,0,0,7,23,119.84,1,0.133,0.30000000000000004,5.47,215.9,99.12,24,990.0
1999,7,29,20,30,0,0,0,0,0,0,7,23,126.73,1,0.133,0.30000000000000004,5.465,215.9,99.14,24,990.0
1999,7,29,21,0,0,0,0,0,0,0,7,23,133.49,1,0.133,0.4,5.461,231.20000000000002,97.60000000000001,24,990.0
1999,7,29,21,30,0,0,0,0,0,0,7,23,140.04,0,0.133,0.4,5.452,231.20000000000002,97.60000000000001,24,990.0
1999,7,29,22,0,0,0,0,0,0,0,7,23,146.26,1,0.133,0.4,5.4430000000000005,251.4,96.76,24,990.0
1999,7,29,22,30,0,0,0,0,0,0,7,23,151.92000000000002,0,0.133,0.4,5.433,251.4,100.0,23,990.0
1999,7,29,23,0,0,0,0,0,0,0,7,23,156.61,0,0.133,0.5,5.424,260.90000000000003,100.0,23,990.0
1999,7,29,23,30,0,0,0,0,0,0,7,23,159.65,0,0.133,0.4,5.4190000000000005,260.90000000000003,100.0,23,990.0
1999,7,30,0,0,0,0,0,0,0,0,7,23,160.26,0,0.133,0.4,5.414,268.2,100.0,23,980.0
1999,7,30,0,30,0,0,0,0,0,0,7,22,158.22,0,0.133,0.30000000000000004,5.404,268.2,100.0,22,980.0
1999,7,30,1,0,0,0,0,0,0,0,7,22,154.16,0,0.133,0.30000000000000004,5.3950000000000005,268.1,100.0,22,980.0
1999,7,30,1,30,0,0,0,0,0,0,7,22,148.86,0,0.133,0.2,5.385,268.1,100.0,22,980.0
1999,7,30,2,0,0,0,0,0,0,0,7,22,142.86,0,0.133,0.2,5.376,266.0,100.0,22,980.0
1999,7,30,2,30,0,0,0,0,0,0,7,22,136.43,0,0.133,0.2,5.362,266.0,100.0,22,980.0
1999,7,30,3,0,0,0,0,0,0,0,4,22,129.75,0,0.133,0.2,5.349,265.0,100.0,22,980.0
1999,7,30,3,30,0,0,0,0,0,0,4,21,122.91,0,0.133,0.1,5.332,265.0,100.0,22,980.0
1999,7,30,4,0,0,0,0,0,0,0,4,21,115.97,0,0.133,0.1,5.315,264.1,100.0,22,980.0
1999,7,30,4,30,0,0,0,0,0,0,4,21,108.95,0,0.133,0.1,5.296,264.1,100.0,22,980.0
1999,7,30,5,0,0,0,0,0,0,0,4,21,101.88,0,0.133,0.1,5.2780000000000005,267.40000000000003,100.0,22,980.0
1999,7,30,5,30,0,0,0,0,0,0,4,21,94.79,0,0.133,0.0,5.257,267.40000000000003,100.0,22,990.0
1999,7,30,6,0,6,0,6,13,200,22,4,22,87.68,4,0.133,0.0,5.237,271.5,100.0,22,990.0
1999,7,30,6,30,33,0,33,34,485,113,8,22,80.58,4,0.133,0.0,5.221,271.5,100.0,22,990.0
1999,7,30,7,0,66,0,66,47,634,227,8,22,73.48,0,0.133,0.0,5.205,277.0,100.0,23,990.0
1999,7,30,7,30,135,8,138,55,724,345,7,22,66.41,0,0.133,0.0,5.202,277.0,100.0,23,990.0
1999,7,30,8,0,188,25,201,61,785,461,8,23,59.38,0,0.133,0.0,5.2,272.40000000000003,100.0,24,990.0
1999,7,30,8,30,219,20,232,66,827,571,6,23,52.42,0,0.133,0.0,5.2250000000000005,272.40000000000003,100.0,24,990.0
1999,7,30,9,0,243,17,255,69,858,670,7,24,45.56,0,0.133,0.0,5.25,261.8,100.0,24,990.0
1999,7,30,9,30,353,296,584,72,879,757,8,24,38.88,0,0.133,0.0,5.309,261.8,100.0,24,990.0
1999,7,30,10,0,413,161,550,74,896,830,4,24,32.49,0,0.133,0.0,5.368,290.6,95.05,25,990.0
1999,7,30,10,30,387,45,428,76,906,887,4,24,26.59,0,0.133,0.0,5.441,290.6,95.03,25,990.0
1999,7,30,11,0,269,14,283,76,915,927,4,23,21.59,0,0.133,0.0,5.514,42.6,94.10000000000001,26,990.0
1999,7,30,11,30,426,50,474,77,918,949,4,23,18.27,0,0.133,0.0,5.573,42.6,94.06,26,990.0
1999,7,30,12,0,483,157,633,76,920,953,4,23,17.61,0,0.133,0.0,5.633,63.300000000000004,87.46000000000001,26,980.0
1999,7,30,12,30,472,131,597,75,917,939,8,23,19.86,0,0.133,0.0,5.664,63.300000000000004,87.42,26,980.0
1999,7,30,13,0,412,55,463,73,912,906,8,23,24.23,0,0.133,0.0,5.695,55.6,86.09,26,980.0
1999,7,30,13,30,206,9,214,72,903,856,8,23,29.79,0,0.133,0.0,5.705,55.6,91.3,26,980.0
1999,7,30,14,0,386,112,477,70,889,789,6,23,36.01,0,0.133,0.0,5.7170000000000005,51.2,91.44,26,980.0
1999,7,30,14,30,333,81,393,67,870,708,4,23,42.58,0,0.133,0.0,5.714,51.2,91.42,25,980.0
1999,7,30,15,0,237,446,527,64,844,614,8,23,49.370000000000005,0,0.133,0.0,5.711,13.600000000000001,93.33,25,980.0
1999,7,30,15,30,238,224,362,60,809,509,3,23,56.29,0,0.133,0.0,5.705,13.600000000000001,99.07000000000001,25,980.0
1999,7,30,16,0,174,239,282,55,758,396,3,24,63.29,1,0.133,0.0,5.7,336.70000000000005,100.0,25,980.0
1999,7,30,16,30,122,227,198,48,685,279,3,24,70.35000000000001,1,0.133,0.0,5.695,336.70000000000005,100.0,24,980.0
1999,7,30,17,0,74,191,115,39,567,162,3,24,77.44,1,0.133,0.0,5.691,351.5,100.0,24,980.0
1999,7,30,17,30,30,114,41,23,358,57,7,24,84.55,1,0.133,0.1,5.688,351.5,100.0,24,980.0
1999,7,30,18,0,0,0,0,0,0,0,7,23,91.67,1,0.133,0.2,5.686,344.6,99.52,24,980.0
1999,7,30,18,30,0,0,0,0,0,0,7,23,98.78,0,0.133,0.2,5.692,344.6,100.0,24,980.0
1999,7,30,19,0,0,0,0,0,0,0,7,23,105.86,1,0.133,0.2,5.698,323.70000000000005,100.0,24,980.0
1999,7,30,19,30,0,0,0,0,0,0,7,23,112.91,1,0.133,0.2,5.715,323.70000000000005,100.0,24,980.0
1999,7,30,20,0,0,0,0,0,0,0,7,23,119.9,1,0.133,0.2,5.7330000000000005,304.1,100.0,24,990.0
1999,7,30,20,30,0,0,0,0,0,0,8,23,126.81,1,0.133,0.2,5.7540000000000004,304.1,100.0,23,990.0
1999,7,30,21,0,0,0,0,0,0,0,8,23,133.58,1,0.133,0.30000000000000004,5.776,293.0,100.0,23,990.0
1999,7,30,21,30,0,0,0,0,0,0,8,23,140.15,0,0.133,0.30000000000000004,5.789,293.0,100.0,23,990.0
1999,7,30,22,0,0,0,0,0,0,0,8,23,146.4,1,0.133,0.30000000000000004,5.803,278.1,100.0,23,990.0
1999,7,30,22,30,0,0,0,0,0,0,8,23,152.09,1,0.133,0.30000000000000004,5.801,278.1,100.0,23,990.0
1999,7,30,23,0,0,0,0,0,0,0,8,23,156.82,1,0.133,0.4,5.799,265.7,100.0,23,990.0
1999,7,30,23,30,0,0,0,0,0,0,4,23,159.89000000000001,1,0.133,0.4,5.775,265.7,100.0,23,980.0
1999,7,31,0,0,0,0,0,0,0,0,4,23,160.5,1,0.133,0.4,5.751,250.5,100.0,23,980.0
1999,7,31,0,30,0,0,0,0,0,0,4,22,158.43,0,0.133,0.4,5.708,250.5,100.0,23,980.0
1999,7,31,1,0,0,0,0,0,0,0,7,22,154.33,0,0.133,0.4,5.666,237.0,100.0,23,980.0
1999,7,31,1,30,0,0,0,0,0,0,8,22,149.0,0,0.133,0.4,5.623,237.0,100.0,22,980.0
1999,7,31,2,0,0,0,0,0,0,0,8,22,142.96,0,0.133,0.4,5.58,226.10000000000002,100.0,22,980.0
1999,7,31,2,30,0,0,0,0,0,0,8,22,136.51,0,0.133,0.4,5.55,226.10000000000002,100.0,22,980.0
1999,7,31,3,0,0,0,0,0,0,0,4,22,129.82,0,0.133,0.4,5.521,219.9,100.0,22,980.0
1999,7,31,3,30,0,0,0,0,0,0,7,22,122.96000000000001,0,0.133,0.30000000000000004,5.51,219.9,100.0,22,980.0
1999,7,31,4,0,0,0,0,0,0,0,8,22,116.0,0,0.133,0.30000000000000004,5.5,210.9,100.0,22,980.0
1999,7,31,4,30,0,0,0,0,0,0,7,21,108.97,0,0.133,0.2,5.49,210.9,100.0,22,980.0
1999,7,31,5,0,0,0,0,0,0,0,8,21,101.9,0,0.133,0.2,5.481,200.3,100.0,22,980.0
1999,7,31,5,30,0,0,0,0,0,0,8,21,94.79,0,0.133,0.1,5.455,200.3,100.0,22,980.0
1999,7,31,6,0,0,0,0,14,196,22,8,22,87.67,4,0.133,0.1,5.43,189.70000000000002,100.0,22,990.0
1999,7,31,6,30,2,0,2,34,482,113,8,22,80.56,0,0.133,0.0,5.388,189.70000000000002,100.0,22,990.0
1999,7,31,7,0,99,264,174,47,633,227,7,23,73.45,0,0.133,0.0,5.347,180.20000000000002,100.0,23,990.0
1999,7,31,7,30,140,14,146,56,724,346,4,23,66.36,0,0.133,0.0,5.308,180.20000000000002,100.0,23,990.0
1999,7,31,8,0,184,21,195,61,786,462,4,23,59.32,0,0.133,0.0,5.2700000000000005,147.3,100.0,24,990.0
1999,7,31,8,30,265,80,314,66,827,572,3,23,52.35,0,0.133,0.0,5.26,147.3,100.0,24,990.0
1999,7,31,9,0,318,244,489,69,859,672,3,24,45.480000000000004,0,0.133,0.0,5.252,141.6,100.0,24,990.0
1999,7,31,9,30,302,29,324,72,881,759,4,24,38.78,0,0.133,0.0,5.263,141.6,100.0,24,990.0
1999,7,31,10,0,407,110,501,75,896,833,3,23,32.36,0,0.133,0.0,5.276,139.3,92.96000000000001,25,990.0
1999,7,31,10,30,420,73,485,77,907,890,4,23,26.42,0,0.133,0.0,5.297,139.3,92.91,25,990.0
1999,7,31,11,0,380,32,410,79,914,931,4,23,21.39,0,0.133,0.0,5.3180000000000005,138.9,90.4,26,990.0
1999,7,31,11,30,402,37,438,80,918,953,4,23,18.04,0,0.133,0.0,5.343,138.9,90.35000000000001,26,980.0
1999,7,31,12,0,335,20,354,80,919,957,3,23,17.36,0,0.133,0.0,5.369,137.1,83.74,26,980.0
1999,7,31,12,30,474,134,600,79,916,942,3,23,19.650000000000002,0,0.133,0.0,5.385,137.1,83.7,26,980.0
1999,7,31,13,0,452,117,560,78,910,910,3,23,24.060000000000002,0,0.133,0.0,5.4030000000000005,137.0,83.87,27,980.0
1999,7,31,13,30,377,46,418,77,900,859,4,23,29.67,0,0.133,0.0,5.4110000000000005,137.0,83.84,26,980.0
1999,7,31,14,0,374,291,610,73,888,793,3,23,35.910000000000004,0,0.133,0.0,5.4190000000000005,139.9,85.64,26,980.0
1999,7,31,14,30,345,117,431,71,869,711,4,23,42.51,0,0.133,0.0,5.417,139.9,85.63,26,980.0
1999,7,31,15,0,250,411,518,65,845,616,8,24,49.32,0,0.133,0.0,5.416,139.6,89.0,26,980.0
1999,7,31,15,30,193,444,439,61,809,511,8,24,56.25,0,0.133,0.0,5.399,139.6,94.45,26,980.0
1999,7,31,16,0,150,412,336,54,763,398,8,24,63.27,0,0.133,0.0,5.382,129.20000000000002,98.38,26,980.0
1999,7,31,16,30,70,607,274,47,691,280,7,24,70.34,0,0.133,0.0,5.355,129.20000000000002,98.41,25,980.0
1999,7,31,17,0,37,578,163,37,578,163,1,25,77.44,0,0.133,0.1,5.328,102.60000000000001,100.0,25,980.0
1999,7,31,17,30,22,370,58,22,370,58,1,24,84.56,0,0.133,0.2,5.298,102.60000000000001,100.0,24,980.0
1999,7,31,18,0,0,0,0,0,0,0,0,24,91.69,0,0.133,0.30000000000000004,5.269,93.7,100.0,24,980.0
1999,7,31,18,30,0,0,0,0,0,0,0,23,98.8,0,0.133,0.30000000000000004,5.237,93.7,100.0,23,980.0
1999,7,31,19,0,0,0,0,0,0,0,0,23,105.9,1,0.133,0.30000000000000004,5.206,88.10000000000001,100.0,23,990.0
1999,7,31,19,30,0,0,0,0,0,0,0,23,112.96000000000001,0,0.133,0.2,5.1770000000000005,88.10000000000001,100.0,23,990.0
1999,7,31,20,0,0,0,0,0,0,0,0,23,119.96000000000001,0,0.133,0.1,5.149,76.4,100.0,23,990.0
1999,7,31,20,30,0,0,0,0,0,0,0,22,126.88000000000001,0,0.133,0.1,5.119,76.4,100.0,23,990.0
1999,7,31,21,0,0,0,0,0,0,0,0,22,133.67000000000002,0,0.133,0.2,5.089,64.7,100.0,23,990.0
1999,7,31,21,30,0,0,0,0,0,0,0,22,140.27,0,0.133,0.2,5.061,64.7,100.0,22,990.0
1999,7,31,22,0,0,0,0,0,0,0,0,22,146.54,0,0.133,0.2,5.033,47.1,100.0,22,990.0
1999,7,31,22,30,0,0,0,0,0,0,7,22,152.26,0,0.133,0.2,5.005,47.1,100.0,22,990.0
1999,7,31,23,0,0,0,0,0,0,0,7,22,157.03,0,0.133,0.30000000000000004,4.977,30.1,100.0,22,990.0
1999,7,31,23,30,0,0,0,0,0,0,8,21,160.13,0,0.133,0.30000000000000004,4.946,30.1,100.0,22,990.0
1999,8,1,0,0,0,0,0,0,0,0,7,21,160.74,0,0.133,0.30000000000000004,4.916,15.3,100.0,22,980.0
1999,8,1,0,30,0,0,0,0,0,0,7,21,158.65,0,0.133,0.30000000000000004,4.88,15.3,100.0,21,980.0
1999,8,1,1,0,0,0,0,0,0,0,8,21,154.51,0,0.133,0.30000000000000004,4.844,359.8,100.0,21,980.0
1999,8,1,1,30,0,0,0,0,0,0,8,21,149.13,0,0.133,0.30000000000000004,4.8100000000000005,359.8,100.0,21,980.0
1999,8,1,2,0,0,0,0,0,0,0,7,21,143.07,0,0.133,0.4,4.776,344.1,100.0,21,980.0
1999,8,1,2,30,0,0,0,0,0,0,7,21,136.59,0,0.133,0.4,4.748,344.1,100.0,21,980.0
1999,8,1,3,0,0,0,0,0,0,0,7,21,129.88,0,0.133,0.4,4.721,326.70000000000005,100.0,21,980.0
1999,8,1,3,30,0,0,0,0,0,0,8,21,123.01,0,0.133,0.4,4.704,326.70000000000005,100.0,21,980.0
1999,8,1,4,0,0,0,0,0,0,0,8,21,116.03,0,0.133,0.4,4.688,316.8,100.0,21,980.0
1999,8,1,4,30,0,0,0,0,0,0,8,20,108.99000000000001,0,0.133,0.30000000000000004,4.683,316.8,100.0,20,980.0
1999,8,1,5,0,0,0,0,0,0,0,4,20,101.91,0,0.133,0.30000000000000004,4.679,315.90000000000003,100.0,20,990.0
1999,8,1,5,30,0,0,0,0,0,0,4,20,94.79,0,0.133,0.2,4.686,315.90000000000003,100.0,20,990.0
1999,8,1,6,0,3,0,3,14,168,21,4,21,87.66,4,0.133,0.1,4.694,316.90000000000003,100.0,21,990.0
1999,8,1,6,30,18,0,18,38,449,112,4,21,80.53,0,0.133,0.0,4.713,316.90000000000003,100.0,21,990.0
1999,8,1,7,0,96,296,181,55,590,224,8,22,73.42,0,0.133,0.0,4.732,323.20000000000005,100.0,22,990.0
1999,8,1,7,30,161,83,194,67,686,342,8,22,66.32000000000001,0,0.133,0.0,4.749,323.20000000000005,100.0,22,990.0
1999,8,1,8,0,188,25,201,78,741,457,7,22,59.27,0,0.133,0.0,4.766,324.90000000000003,100.0,23,990.0
1999,8,1,8,30,250,48,280,85,788,567,7,22,52.28,0,0.133,0.0,4.7780000000000005,324.90000000000003,100.0,23,990.0
1999,8,1,9,0,203,8,209,93,816,666,8,23,45.39,0,0.133,0.0,4.79,312.90000000000003,100.0,23,990.0
1999,8,1,9,30,303,29,327,97,841,754,8,23,38.67,0,0.133,0.0,4.805,312.90000000000003,100.0,23,990.0
1999,8,1,10,0,328,35,358,103,856,827,7,22,32.230000000000004,4,0.133,0.0,4.821,298.8,99.52,24,990.0
1999,8,1,10,30,284,15,298,105,869,885,3,22,26.26,0,0.133,0.0,4.843,298.8,99.48,24,990.0
1999,8,1,11,0,200,9,209,110,873,924,3,22,21.19,0,0.133,0.0,4.865,261.7,91.0,24,990.0
1999,8,1,11,30,480,213,682,111,877,947,3,22,17.8,0,0.133,0.0,4.883,261.7,90.95,24,990.0
1999,8,1,12,0,473,102,571,116,871,949,4,22,17.12,0,0.133,0.0,4.902,228.5,83.87,25,990.0
1999,8,1,12,30,474,210,673,115,868,934,8,22,19.44,0,0.133,0.0,4.918,228.5,83.84,25,990.0
1999,8,1,13,0,228,11,238,114,861,901,7,22,23.900000000000002,0,0.133,0.0,4.934,218.10000000000002,83.8,26,980.0
1999,8,1,13,30,174,6,179,111,849,850,8,22,29.55,0,0.133,0.0,4.952,218.10000000000002,83.78,26,980.0
1999,8,1,14,0,249,13,259,105,837,784,8,22,35.82,0,0.133,0.0,4.97,204.20000000000002,84.71000000000001,26,980.0
1999,8,1,14,30,290,31,313,100,814,702,8,22,42.44,0,0.133,0.0,4.979,204.20000000000002,84.69,25,980.0
1999,8,1,15,0,247,28,266,89,796,609,4,22,49.26,0,0.133,0.0,4.988,230.5,87.31,25,980.0
1999,8,1,15,30,242,180,343,82,756,503,3,22,56.21,0,0.133,0.0,4.987,230.5,92.67,25,980.0
1999,8,1,16,0,137,474,351,71,709,391,7,23,63.25,0,0.133,0.0,4.986,267.90000000000003,97.12,25,980.0
1999,8,1,16,30,79,0,79,61,628,273,3,23,70.33,0,0.133,0.0,4.981,267.90000000000003,97.14,24,980.0
1999,8,1,17,0,55,0,55,46,508,157,3,23,77.44,0,0.133,0.1,4.978,267.6,98.34,24,980.0
1999,8,1,17,30,19,0,19,26,293,53,7,23,84.57000000000001,4,0.133,0.2,4.977,267.6,100.0,23,980.0
1999,8,1,18,0,0,0,0,0,0,0,8,22,91.71000000000001,0,0.133,0.4,4.977,283.40000000000003,97.74000000000001,23,990.0
1999,8,1,18,30,0,0,0,0,0,0,4,22,98.84,0,0.133,0.4,4.9830000000000005,283.40000000000003,97.77,23,990.0
1999,8,1,19,0,0,0,0,0,0,0,4,22,105.94,1,0.133,0.5,4.989,283.5,95.8,23,990.0
1999,8,1,19,30,0,0,0,0,0,0,3,22,113.01,0,0.133,0.5,5.0,283.5,100.0,22,990.0
1999,8,1,20,0,0,0,0,0,0,0,7,22,120.03,0,0.133,0.5,5.013,278.90000000000003,100.0,22,990.0
1999,8,1,20,30,0,0,0,0,0,0,3,21,126.96000000000001,0,0.133,0.5,5.029,278.90000000000003,100.0,22,990.0
1999,8,1,21,0,0,0,0,0,0,0,3,21,133.77,0,0.133,0.5,5.047,272.6,100.0,22,990.0
1999,8,1,21,30,0,0,0,0,0,0,3,21,140.39000000000001,0,0.133,0.4,5.066,272.6,100.0,21,990.0
1999,8,1,22,0,0,0,0,0,0,0,3,21,146.68,0,0.133,0.4,5.086,269.0,100.0,21,990.0
1999,8,1,22,30,0,0,0,0,0,0,3,20,152.44,0,0.133,0.30000000000000004,5.102,269.0,100.0,21,990.0
1999,8,1,23,0,0,0,0,0,0,0,7,20,157.24,0,0.133,0.30000000000000004,5.119,267.1,100.0,21,990.0
1999,8,1,23,30,0,0,0,0,0,0,8,20,160.38,0,0.133,0.2,5.125,267.1,100.0,20,990.0
1999,8,2,0,0,0,0,0,0,0,0,7,20,160.99,0,0.133,0.1,5.133,265.0,100.0,20,990.0
1999,8,2,0,30,0,0,0,0,0,0,8,20,158.86,0,0.133,0.1,5.133,265.0,100.0,20,990.0
1999,8,2,1,0,0,0,0,0,0,0,8,20,154.68,0,0.133,0.1,5.133,263.90000000000003,100.0,20,990.0
1999,8,2,1,30,0,0,0,0,0,0,8,20,149.27,0,0.133,0.1,5.124,263.90000000000003,100.0,20,990.0
1999,8,2,2,0,0,0,0,0,0,0,8,20,143.17000000000002,0,0.133,0.1,5.1160000000000005,267.40000000000003,100.0,20,990.0
1999,8,2,2,30,0,0,0,0,0,0,4,20,136.67000000000002,0,0.133,0.1,5.102,267.40000000000003,100.0,20,990.0
1999,8,2,3,0,0,0,0,0,0,0,7,20,129.94,0,0.133,0.1,5.089,272.5,100.0,20,990.0
1999,8,2,3,30,0,0,0,0,0,0,4,20,123.05,0,0.133,0.1,5.073,272.5,100.0,20,990.0
1999,8,2,4,0,0,0,0,0,0,0,1,20,116.06,0,0.133,0.1,5.058,278.7,100.0,20,990.0
1999,8,2,4,30,0,0,0,0,0,0,3,20,109.01,0,0.133,0.1,5.042,278.7,100.0,20,990.0
1999,8,2,5,0,0,0,0,0,0,0,1,20,101.91,0,0.133,0.2,5.026,281.7,100.0,20,990.0
1999,8,2,5,30,0,0,0,0,0,0,3,20,94.79,0,0.133,0.1,5.009,281.7,100.0,20,990.0
1999,8,2,6,0,14,126,19,14,126,19,1,20,87.65,0,0.133,0.1,4.992,286.3,100.0,20,990.0
1999,8,2,6,30,3,0,3,42,395,108,3,20,80.51,0,0.133,0.0,4.981,286.3,100.0,20,990.0
1999,8,2,7,0,108,77,130,61,558,220,3,21,73.38,0,0.133,0.0,4.97,290.5,100.0,21,990.0
1999,8,2,7,30,93,0,93,73,658,338,3,21,66.27,0,0.133,0.0,4.961,290.5,100.0,21,990.0
1999,8,2,8,0,106,0,106,81,731,455,3,22,59.21,0,0.133,0.0,4.952,240.9,100.0,22,990.0
1999,8,2,8,30,188,7,192,88,778,565,3,22,52.21,0,0.133,0.0,4.954,240.9,100.0,22,990.0
1999,8,2,9,0,184,5,188,91,818,666,3,23,45.31,0,0.133,0.0,4.957,202.10000000000002,100.0,23,990.0
1999,8,2,9,30,262,16,275,95,843,755,3,23,38.56,0,0.133,0.0,4.984,202.10000000000002,100.0,23,990.0
1999,8,2,10,0,203,8,211,98,862,829,3,22,32.09,0,0.133,0.0,5.013,175.20000000000002,89.75,24,990.0
1999,8,2,10,30,246,12,257,100,875,886,3,22,26.09,0,0.133,0.0,5.043,175.20000000000002,89.72,24,990.0
1999,8,2,11,0,296,16,312,102,883,927,3,21,20.98,0,0.133,0.0,5.073,169.0,86.13,24,990.0
1999,8,2,11,30,433,53,485,103,888,950,3,21,17.55,0,0.133,0.0,5.096,169.0,86.09,24,990.0
1999,8,2,12,0,301,16,317,103,888,954,3,21,16.87,0,0.133,0.0,5.119,167.9,80.0,25,990.0
1999,8,2,12,30,457,83,536,103,885,939,3,21,19.23,0,0.133,0.0,5.135,167.9,79.96000000000001,25,990.0
1999,8,2,13,0,351,26,375,103,876,905,3,21,23.740000000000002,0,0.133,0.0,5.1530000000000005,167.9,80.76,25,990.0
1999,8,2,13,30,101,865,855,101,865,855,0,21,29.42,0,0.133,0.0,5.1610000000000005,167.9,80.73,25,990.0
1999,8,2,14,0,97,851,788,97,851,788,0,21,35.730000000000004,0,0.133,0.0,5.1690000000000005,169.60000000000002,82.41,25,980.0
1999,8,2,14,30,93,829,705,93,829,705,0,21,42.37,0,0.133,0.0,5.163,169.60000000000002,87.45,25,980.0
1999,8,2,15,0,298,149,396,85,806,611,3,22,49.22,0,0.133,0.0,5.157,174.60000000000002,90.31,25,980.0
1999,8,2,15,30,78,767,505,78,767,505,1,22,56.18,0,0.133,0.0,5.14,174.60000000000002,90.31,24,980.0
1999,8,2,16,0,184,82,221,69,718,392,3,23,63.230000000000004,0,0.133,0.0,5.124,186.8,94.59,24,980.0
1999,8,2,16,30,97,0,97,59,639,274,3,23,70.32000000000001,0,0.133,0.0,5.103,186.8,100.0,23,980.0
1999,8,2,17,0,45,520,158,45,520,158,0,23,77.45,0,0.133,0.0,5.083,217.4,100.0,23,980.0
1999,8,2,17,30,25,305,54,25,305,54,7,22,84.59,4,0.133,0.2,5.075,217.4,100.0,23,990.0
1999,8,2,18,0,0,0,0,0,0,0,3,22,91.73,0,0.133,0.4,5.067,227.9,100.0,23,990.0
1999,8,2,18,30,0,0,0,0,0,0,3,22,98.87,0,0.133,0.4,5.07,227.9,100.0,22,990.0
1999,8,2,19,0,0,0,0,0,0,0,3,22,105.99000000000001,1,0.133,0.4,5.073,238.4,100.0,22,990.0
1999,8,2,19,30,0,0,0,0,0,0,8,21,113.07000000000001,0,0.133,0.4,5.0840000000000005,238.4,100.0,22,990.0
1999,8,2,20,0,0,0,0,0,0,0,1,21,120.10000000000001,0,0.133,0.4,5.096,248.60000000000002,100.0,22,990.0
1999,8,2,20,30,0,0,0,0,0,0,7,21,127.05,0,0.133,0.30000000000000004,5.1160000000000005,248.60000000000002,100.0,21,990.0
1999,8,2,21,0,0,0,0,0,0,0,7,21,133.87,0,0.133,0.30000000000000004,5.136,259.7,100.0,21,990.0
1999,8,2,21,30,0,0,0,0,0,0,8,21,140.51,0,0.133,0.2,5.159,259.7,100.0,21,990.0
1999,8,2,22,0,0,0,0,0,0,0,4,21,146.83,0,0.133,0.2,5.183,276.40000000000003,100.0,21,990.0
1999,8,2,22,30,0,0,0,0,0,0,4,21,152.62,0,0.133,0.1,5.207,276.40000000000003,100.0,21,990.0
1999,8,2,23,0,0,0,0,0,0,0,4,21,157.46,0,0.133,0.1,5.232,295.40000000000003,100.0,21,990.0
1999,8,2,23,30,0,0,0,0,0,0,4,21,160.63,0,0.133,0.1,5.256,295.40000000000003,100.0,21,990.0
1999,8,3,0,0,0,0,0,0,0,0,4,21,161.24,0,0.133,0.1,5.28,308.70000000000005,100.0,21,990.0
1999,8,3,0,30,0,0,0,0,0,0,4,21,159.08,0,0.133,0.1,5.3,308.70000000000005,100.0,21,990.0
1999,8,3,1,0,0,0,0,0,0,0,4,21,154.85,0,0.133,0.1,5.32,320.90000000000003,100.0,21,990.0
1999,8,3,1,30,0,0,0,0,0,0,4,21,149.4,0,0.133,0.0,5.335,320.90000000000003,100.0,21,990.0
1999,8,3,2,0,0,0,0,0,0,0,4,21,143.27,0,0.133,0.0,5.351,328.8,100.0,21,990.0
1999,8,3,2,30,0,0,0,0,0,0,4,20,136.75,0,0.133,0.0,5.357,328.8,100.0,21,990.0
1999,8,3,3,0,0,0,0,0,0,0,4,20,130.0,0,0.133,0.1,5.363,331.20000000000005,100.0,21,990.0
1999,8,3,3,30,0,0,0,0,0,0,4,20,123.09,0,0.133,0.1,5.357,331.20000000000005,100.0,21,990.0
1999,8,3,4,0,0,0,0,0,0,0,4,20,116.09,0,0.133,0.1,5.351,325.20000000000005,100.0,21,990.0
1999,8,3,4,30,0,0,0,0,0,0,1,20,109.03,0,0.133,0.1,5.327,325.20000000000005,100.0,21,990.0
1999,8,3,5,0,0,0,0,0,0,0,4,20,101.92,0,0.133,0.1,5.305,292.90000000000003,100.0,21,990.0
1999,8,3,5,30,0,0,0,0,0,0,4,20,94.78,0,0.133,0.1,5.2700000000000005,292.90000000000003,100.0,21,990.0
1999,8,3,6,0,1,0,1,14,133,20,4,21,87.63,4,0.133,0.1,5.235,276.40000000000003,100.0,21,990.0
1999,8,3,6,30,6,0,6,42,404,109,4,21,80.48,0,0.133,0.0,5.194,276.40000000000003,100.0,21,990.0
1999,8,3,7,0,26,0,26,59,568,222,4,21,73.34,0,0.133,0.0,5.1530000000000005,275.0,100.0,21,990.0
1999,8,3,7,30,61,0,61,71,667,340,4,21,66.23,0,0.133,0.0,5.1080000000000005,275.0,100.0,21,990.0
1999,8,3,8,0,53,0,53,80,735,457,4,22,59.15,0,0.133,0.0,5.064,242.10000000000002,100.0,22,990.0
1999,8,3,8,30,55,0,55,87,782,567,4,22,52.13,0,0.133,0.0,5.025,242.10000000000002,100.0,22,990.0
1999,8,3,9,0,88,0,88,94,814,667,4,22,45.21,0,0.133,0.0,4.987,233.70000000000002,100.0,22,990.0
1999,8,3,9,30,184,5,188,98,840,756,4,22,38.45,0,0.133,0.0,4.97,233.70000000000002,100.0,22,990.0
1999,8,3,10,0,125,0,125,102,857,830,8,22,31.95,0,0.133,0.0,4.954,217.5,95.88,23,990.0
1999,8,3,10,30,58,0,58,105,871,888,8,22,25.92,0,0.133,0.0,4.956,217.5,95.85000000000001,23,990.0
1999,8,3,11,0,249,12,261,104,883,930,8,21,20.77,0,0.133,0.0,4.9590000000000005,190.60000000000002,87.51,24,990.0
1999,8,3,11,30,216,11,227,105,887,953,4,21,17.3,0,0.133,0.0,4.978,190.60000000000002,87.47,24,990.0
1999,8,3,12,0,417,42,458,104,890,957,4,21,16.61,0,0.133,0.0,4.998,178.9,80.8,25,990.0
1999,8,3,12,30,393,35,427,103,887,942,4,21,19.01,0,0.133,0.0,5.03,178.9,80.76,25,990.0
1999,8,3,13,0,396,43,436,102,880,909,4,21,23.580000000000002,0,0.133,0.0,5.063,176.4,81.17,25,990.0
1999,8,3,13,30,317,22,336,100,869,858,4,21,29.3,0,0.133,0.0,5.095,176.4,81.13,25,990.0
1999,8,3,14,0,316,29,340,96,853,790,4,21,35.64,0,0.133,0.0,5.128,179.5,82.79,25,990.0
1999,8,3,14,30,281,32,305,92,832,707,8,21,42.31,4,0.133,0.0,5.143,179.5,82.77,25,990.0
1999,8,3,15,0,276,56,313,83,810,613,4,22,49.17,0,0.133,0.0,5.158,192.10000000000002,85.75,25,980.0
1999,8,3,15,30,235,73,276,77,771,507,4,22,56.15,0,0.133,0.0,5.156,192.10000000000002,91.0,24,980.0
1999,8,3,16,0,187,173,265,68,720,393,3,23,63.21,0,0.133,0.0,5.155,214.3,95.49,24,980.0
1999,8,3,16,30,126,43,141,59,641,275,3,23,70.32000000000001,0,0.133,0.0,5.144,214.3,95.5,24,980.0
1999,8,3,17,0,66,0,66,45,523,158,3,23,77.45,0,0.133,0.1,5.133,240.8,98.78,24,990.0
1999,8,3,17,30,22,0,22,25,307,54,4,23,84.60000000000001,4,0.133,0.2,5.123,240.8,100.0,23,990.0
1999,8,3,18,0,0,0,0,0,0,0,3,23,91.76,0,0.133,0.4,5.114,248.4,100.0,23,990.0
1999,8,3,18,30,0,0,0,0,0,0,3,22,98.91,0,0.133,0.4,5.1000000000000005,248.4,100.0,22,990.0
1999,8,3,19,0,0,0,0,0,0,0,3,22,106.04,1,0.133,0.4,5.087,253.9,100.0,22,990.0
1999,8,3,19,30,0,0,0,0,0,0,4,21,113.13,0,0.133,0.30000000000000004,5.074,253.9,100.0,22,990.0
1999,8,3,20,0,0,0,0,0,0,0,4,21,120.17,0,0.133,0.30000000000000004,5.061,257.1,100.0,22,990.0
1999,8,3,20,30,0,0,0,0,0,0,3,21,127.14,0,0.133,0.2,5.045,257.1,100.0,21,990.0
1999,8,3,21,0,0,0,0,0,0,0,3,21,133.98,0,0.133,0.1,5.029,261.0,100.0,21,990.0
1999,8,3,21,30,0,0,0,0,0,0,1,21,140.63,0,0.133,0.1,5.017,261.0,100.0,21,990.0
1999,8,3,22,0,0,0,0,0,0,0,3,21,146.98,0,0.133,0.1,5.006,264.5,100.0,21,990.0
1999,8,3,22,30,0,0,0,0,0,0,4,21,152.81,0,0.133,0.0,4.997,264.5,100.0,21,990.0
1999,8,3,23,0,0,0,0,0,0,0,4,21,157.69,0,0.133,0.0,4.988,266.8,100.0,21,990.0
1999,8,3,23,30,0,0,0,0,0,0,4,21,160.88,0,0.133,0.0,4.9830000000000005,266.8,100.0,21,990.0
1999,8,4,0,0,0,0,0,0,0,0,4,21,161.5,0,0.133,0.0,4.979,268.6,100.0,21,990.0
1999,8,4,0,30,0,0,0,0,0,0,4,20,159.3,0,0.133,0.0,4.9750000000000005,268.6,100.0,21,990.0
1999,8,4,1,0,0,0,0,0,0,0,4,20,155.03,0,0.133,0.0,4.972,269.40000000000003,100.0,21,990.0
1999,8,4,1,30,0,0,0,0,0,0,3,20,149.54,0,0.133,0.0,4.972,269.40000000000003,100.0,20,990.0
1999,8,4,2,0,0,0,0,0,0,0,1,20,143.37,0,0.133,0.0,4.972,266.40000000000003,100.0,20,990.0
1999,8,4,2,30,0,0,0,0,0,0,4,20,136.83,0,0.133,0.0,4.976,266.40000000000003,100.0,20,990.0
1999,8,4,3,0,0,0,0,0,0,0,4,20,130.05,0,0.133,0.0,4.981,262.0,100.0,20,990.0
1999,8,4,3,30,0,0,0,0,0,0,4,20,123.13000000000001,0,0.133,0.0,4.992,262.0,100.0,20,990.0
1999,8,4,4,0,0,0,0,0,0,0,4,20,116.12,0,0.133,0.0,5.003,260.1,100.0,20,990.0
1999,8,4,4,30,0,0,0,0,0,0,4,20,109.04,0,0.133,0.0,5.021,260.1,100.0,20,990.0
1999,8,4,5,0,0,0,0,0,0,0,4,20,101.92,0,0.133,0.0,5.04,255.9,100.0,20,990.0
1999,8,4,5,30,0,0,0,0,0,0,3,20,94.77,0,0.133,0.0,5.061,255.9,100.0,20,990.0
1999,8,4,6,0,19,0,19,14,125,19,4,20,87.61,4,0.133,0.0,5.083,255.8,100.0,20,990.0
1999,8,4,6,30,43,390,108,43,390,108,3,20,80.45,4,0.133,0.0,5.103,255.8,100.0,20,990.0
1999,8,4,7,0,63,548,220,63,548,220,0,21,73.3,0,0.133,0.0,5.124,254.4,100.0,21,990.0
1999,8,4,7,30,76,648,338,76,648,338,0,21,66.18,0,0.133,0.0,5.134,254.4,100.0,21,990.0
1999,8,4,8,0,85,718,455,85,718,455,1,22,59.08,0,0.133,0.0,5.144,249.0,100.0,22,990.0
1999,8,4,8,30,260,61,298,93,766,565,3,22,52.050000000000004,0,0.133,0.0,5.154,249.0,100.0,22,990.0
1999,8,4,9,0,326,116,408,99,802,665,3,22,45.12,0,0.133,0.0,5.164,241.0,98.88,23,990.0
1999,8,4,9,30,377,176,515,104,828,754,3,22,38.34,0,0.133,0.0,5.181,241.0,93.10000000000001,24,990.0
1999,8,4,10,0,404,267,631,107,848,828,3,22,31.810000000000002,0,0.133,0.0,5.199,230.4,85.01,25,990.0
1999,8,4,10,30,385,322,676,110,861,886,3,22,25.740000000000002,1,0.133,0.0,5.221,230.4,84.98,25,990.0
1999,8,4,11,0,401,325,706,114,867,926,3,22,20.55,1,0.133,0.0,5.245,215.4,84.01,26,990.0
1999,8,4,11,30,451,171,615,115,872,949,3,22,17.04,1,0.133,0.0,5.272,215.4,83.97,26,990.0
1999,8,4,12,0,452,171,617,119,867,951,3,22,16.36,1,0.133,0.0,5.3,197.60000000000002,79.35000000000001,26,990.0
1999,8,4,12,30,478,136,607,119,863,936,3,22,18.8,0,0.133,0.0,5.324,197.60000000000002,79.31,26,990.0
1999,8,4,13,0,457,126,573,122,849,901,3,22,23.41,0,0.133,0.0,5.349,187.4,80.08,26,980.0
1999,8,4,13,30,400,64,455,119,837,850,3,22,29.18,0,0.133,0.0,5.364,187.4,84.92,26,980.0
1999,8,4,14,0,328,34,356,112,825,784,4,22,35.550000000000004,0,0.133,0.0,5.3790000000000004,185.9,87.2,26,980.0
1999,8,4,14,30,290,31,313,107,801,701,8,22,42.24,0,0.133,0.0,5.3790000000000004,185.9,87.19,25,980.0
1999,8,4,15,0,135,0,135,94,786,609,8,23,49.120000000000005,0,0.133,0.0,5.38,187.0,90.37,25,980.0
1999,8,4,15,30,134,0,134,87,744,502,6,23,56.120000000000005,0,0.133,0.0,5.3660000000000005,187.0,95.91,25,980.0
1999,8,4,16,0,151,8,155,74,699,390,8,23,63.190000000000005,0,0.133,0.0,5.353,197.60000000000002,99.51,25,980.0
1999,8,4,16,30,43,0,43,64,617,272,6,23,70.31,0,0.133,0.0,5.338,197.60000000000002,99.52,24,980.0
1999,8,4,17,0,73,8,75,48,501,156,7,24,77.46000000000001,0,0.133,0.1,5.323,218.5,100.0,24,980.0
1999,8,4,17,30,25,0,25,26,285,53,8,24,84.62,4,0.133,0.2,5.314,218.5,100.0,24,980.0
1999,8,4,18,0,0,0,0,0,0,0,7,23,91.79,0,0.133,0.30000000000000004,5.306,218.10000000000002,96.63,24,980.0
1999,8,4,18,30,0,0,0,0,0,0,4,23,98.95,0,0.133,0.30000000000000004,5.307,218.10000000000002,100.0,23,980.0
1999,8,4,19,0,0,0,0,0,0,0,4,23,106.09,1,0.133,0.30000000000000004,5.309,218.70000000000002,100.0,23,990.0
1999,8,4,19,30,0,0,0,0,0,0,8,23,113.19,0,0.133,0.30000000000000004,5.311,218.70000000000002,100.0,23,990.0
1999,8,4,20,0,0,0,0,0,0,0,8,22,120.25,0,0.133,0.4,5.314,222.70000000000002,99.02,23,990.0
1999,8,4,20,30,0,0,0,0,0,0,7,22,127.22,0,0.133,0.4,5.312,222.70000000000002,99.03,23,990.0
1999,8,4,21,0,0,0,0,0,0,0,7,22,134.09,0,0.133,0.4,5.311,235.70000000000002,97.74000000000001,23,990.0
1999,8,4,21,30,0,0,0,0,0,0,4,22,140.76,0,0.133,0.4,5.3020000000000005,235.70000000000002,100.0,22,990.0
1999,8,4,22,0,0,0,0,0,0,0,4,22,147.14000000000001,0,0.133,0.5,5.2940000000000005,243.8,100.0,22,990.0
1999,8,4,22,30,0,0,0,0,0,0,7,21,152.99,0,0.133,0.4,5.273,243.8,100.0,21,990.0
1999,8,4,23,0,0,0,0,0,0,0,4,21,157.91,0,0.133,0.4,5.252,245.8,100.0,21,990.0
1999,8,4,23,30,0,0,0,0,0,0,4,21,161.14000000000001,0,0.133,0.30000000000000004,5.222,245.8,100.0,21,990.0
1999,8,5,0,0,0,0,0,0,0,0,7,21,161.76,0,0.133,0.2,5.1930000000000005,245.5,100.0,21,980.0
1999,8,5,0,30,0,0,0,0,0,0,4,21,159.53,0,0.133,0.1,5.166,245.5,100.0,21,980.0
1999,8,5,1,0,0,0,0,0,0,0,4,21,155.20000000000002,0,0.133,0.0,5.14,245.20000000000002,100.0,21,980.0
1999,8,5,1,30,0,0,0,0,0,0,7,21,149.67000000000002,0,0.133,0.0,5.1290000000000004,245.20000000000002,100.0,21,980.0
1999,8,5,2,0,0,0,0,0,0,0,4,21,143.47,0,0.133,0.0,5.118,243.70000000000002,100.0,21,980.0
1999,8,5,2,30,0,0,0,0,0,0,4,20,136.9,0,0.133,0.0,5.122,243.70000000000002,100.0,21,980.0
1999,8,5,3,0,0,0,0,0,0,0,7,20,130.11,0,0.133,0.0,5.127,245.5,100.0,21,980.0
1999,8,5,3,30,0,0,0,0,0,0,1,20,123.17,0,0.133,0.0,5.1370000000000005,245.5,100.0,20,980.0
1999,8,5,4,0,0,0,0,0,0,0,3,20,116.14,0,0.133,0.1,5.147,246.20000000000002,100.0,20,980.0
1999,8,5,4,30,0,0,0,0,0,0,1,20,109.05,0,0.133,0.2,5.146,246.20000000000002,100.0,20,980.0
1999,8,5,5,0,0,0,0,0,0,0,3,20,101.92,0,0.133,0.30000000000000004,5.1450000000000005,247.20000000000002,100.0,20,990.0
1999,8,5,5,30,0,0,0,0,0,0,4,20,94.76,0,0.133,0.2,5.135,247.20000000000002,100.0,20,990.0
1999,8,5,6,0,4,0,4,14,104,19,4,21,87.59,4,0.133,0.1,5.125,248.0,100.0,21,990.0
1999,8,5,6,30,27,0,27,47,355,106,4,21,80.42,0,0.133,0.0,5.117,248.0,100.0,21,990.0
1999,8,5,7,0,71,0,71,69,516,217,4,22,73.26,0,0.133,0.0,5.11,251.4,100.0,22,990.0
1999,8,5,7,30,145,21,154,84,619,335,4,22,66.12,0,0.133,0.0,5.115,251.4,100.0,22,990.0
1999,8,5,8,0,199,36,218,95,691,451,4,23,59.02,0,0.133,0.0,5.121,246.60000000000002,100.0,23,990.0
1999,8,5,8,30,267,258,426,105,741,562,3,23,51.97,0,0.133,0.0,5.1450000000000005,246.60000000000002,100.0,24,990.0
1999,8,5,9,0,318,266,506,115,772,661,3,22,45.02,0,0.133,0.0,5.1690000000000005,251.20000000000002,92.92,25,990.0
1999,8,5,9,30,121,799,749,121,799,749,0,22,38.22,0,0.133,0.0,5.191,251.20000000000002,87.53,25,990.0
1999,8,5,10,0,403,278,640,127,816,823,3,22,31.67,0,0.133,0.0,5.214,251.3,79.51,26,990.0
1999,8,5,10,30,403,365,732,131,831,881,3,22,25.57,0,0.133,0.0,5.234,251.3,79.47,26,990.0
1999,8,5,11,0,449,308,738,135,838,921,3,22,20.330000000000002,0,0.133,0.0,5.2540000000000004,249.0,75.8,27,980.0
1999,8,5,11,30,428,374,787,136,843,944,3,22,16.78,0,0.133,0.0,5.269,249.0,75.76,27,980.0
1999,8,5,12,0,136,844,948,136,844,948,0,22,16.09,0,0.133,0.0,5.284,242.5,76.85000000000001,27,980.0
1999,8,5,12,30,467,96,559,135,841,933,3,22,18.580000000000002,0,0.133,0.0,5.2940000000000005,242.5,76.82000000000001,27,980.0
1999,8,5,13,0,436,75,505,129,840,901,3,22,23.25,0,0.133,0.0,5.305,238.8,78.29,27,980.0
1999,8,5,13,30,418,89,497,126,827,850,3,22,29.07,0,0.133,0.0,5.3180000000000005,238.8,78.26,27,980.0
1999,8,5,14,0,116,820,784,116,820,784,0,23,35.47,0,0.133,0.0,5.331,242.3,80.23,27,980.0
1999,8,5,14,30,111,797,701,111,797,701,0,23,42.18,0,0.133,0.0,5.339,242.3,80.21000000000001,27,980.0
1999,8,5,15,0,279,59,318,101,773,607,3,24,49.08,0,0.133,0.0,5.347,230.70000000000002,84.84,27,980.0
1999,8,5,15,30,93,730,500,93,730,500,0,24,56.1,0,0.133,0.0,5.349,230.70000000000002,89.96000000000001,26,980.0
1999,8,5,16,0,82,675,387,82,675,387,0,24,63.18,0,0.133,0.0,5.352,162.20000000000002,88.9,26,980.0
1999,8,5,16,30,31,0,31,70,590,269,8,24,70.31,0,0.133,0.0,5.356,162.20000000000002,94.33,25,980.0
1999,8,5,17,0,74,15,77,52,465,153,3,24,77.47,0,0.133,0.0,5.36,155.0,97.42,25,980.0
1999,8,5,17,30,26,0,26,28,249,51,4,24,84.64,4,0.133,0.0,5.357,155.0,100.0,24,980.0
1999,8,5,18,0,0,0,0,0,0,0,3,22,91.82000000000001,0,0.133,0.1,5.355,33.5,93.60000000000001,24,980.0
1999,8,5,18,30,0,0,0,0,0,0,1,22,98.99000000000001,0,0.133,0.2,5.3580000000000005,33.5,93.63,24,980.0
1999,8,5,19,0,0,0,0,0,0,0,1,22,106.14,1,0.133,0.30000000000000004,5.361,29.400000000000002,92.89,24,980.0
1999,8,5,19,30,0,0,0,0,0,0,1,22,113.26,0,0.133,0.30000000000000004,5.377,29.400000000000002,92.92,24,980.0
1999,8,5,20,0,0,0,0,0,0,0,3,22,120.32000000000001,0,0.133,0.4,5.394,26.200000000000003,92.5,24,980.0
1999,8,5,20,30,0,0,0,0,0,0,7,22,127.32000000000001,0,0.133,0.4,5.4110000000000005,26.200000000000003,98.24000000000001,23,980.0
1999,8,5,21,0,0,0,0,0,0,0,7,22,134.19,0,0.133,0.5,5.429,21.700000000000003,97.77,23,980.0
1999,8,5,21,30,0,0,0,0,0,0,7,22,140.89000000000001,0,0.133,0.5,5.446,21.700000000000003,97.78,23,980.0
1999,8,5,22,0,0,0,0,0,0,0,7,22,147.3,0,0.133,0.5,5.463,13.4,97.21000000000001,23,980.0
1999,8,5,22,30,0,0,0,0,0,0,7,22,153.19,0,0.133,0.5,5.4750000000000005,13.4,100.0,22,980.0
1999,8,5,23,0,0,0,0,0,0,0,8,22,158.15,0,0.133,0.5,5.487,0.1,100.0,22,980.0
1999,8,5,23,30,0,0,0,0,0,0,8,22,161.41,0,0.133,0.4,5.4910000000000005,0.1,100.0,22,980.0
1999,8,6,0,0,0,0,0,0,0,0,8,22,162.03,0,0.133,0.4,5.496,347.0,100.0,22,980.0
1999,8,6,0,30,0,0,0,0,0,0,4,21,159.75,0,0.133,0.30000000000000004,5.497,347.0,100.0,22,980.0
1999,8,6,1,0,0,0,0,0,0,0,4,21,155.38,0,0.133,0.30000000000000004,5.498,337.20000000000005,100.0,22,980.0
1999,8,6,1,30,0,0,0,0,0,0,4,21,149.8,0,0.133,0.30000000000000004,5.497,337.20000000000005,100.0,21,980.0
1999,8,6,2,0,0,0,0,0,0,0,7,21,143.57,0,0.133,0.30000000000000004,5.497,331.70000000000005,100.0,21,980.0
1999,8,6,2,30,0,0,0,0,0,0,4,21,136.98,0,0.133,0.2,5.493,331.70000000000005,100.0,21,980.0
1999,8,6,3,0,0,0,0,0,0,0,4,21,130.16,0,0.133,0.2,5.49,327.6,100.0,21,980.0
1999,8,6,3,30,0,0,0,0,0,0,1,21,123.21000000000001,0,0.133,0.2,5.4830000000000005,327.6,100.0,21,980.0
1999,8,6,4,0,0,0,0,0,0,0,3,21,116.16,0,0.133,0.2,5.476,323.5,100.0,21,980.0
1999,8,6,4,30,0,0,0,0,0,0,3,21,109.06,0,0.133,0.2,5.463,323.5,100.0,21,980.0
1999,8,6,5,0,0,0,0,0,0,0,7,21,101.92,0,0.133,0.2,5.4510000000000005,319.8,100.0,21,980.0
1999,8,6,5,30,0,0,0,0,0,0,1,21,94.75,0,0.133,0.1,5.438,319.8,100.0,21,980.0
1999,8,6,6,0,4,0,4,15,126,20,7,21,87.57000000000001,4,0.133,0.1,5.426,320.40000000000003,100.0,21,980.0
1999,8,6,6,30,21,0,21,44,390,109,8,21,80.39,4,0.133,0.0,5.415,320.40000000000003,100.0,22,980.0
1999,8,6,7,0,44,0,44,64,548,222,4,22,73.22,0,0.133,0.0,5.405,342.1,100.0,23,980.0
1999,8,6,7,30,90,0,90,77,648,340,4,22,66.07000000000001,0,0.133,0.0,5.402,342.1,99.94,23,990.0
1999,8,6,8,0,121,0,121,86,721,458,8,23,58.95,4,0.133,0.0,5.4,53.5,98.71000000000001,24,990.0
1999,8,6,8,30,271,130,352,93,769,568,7,23,51.89,4,0.133,0.0,5.416,53.5,98.72,24,990.0
1999,8,6,9,0,328,120,414,101,801,668,3,23,44.92,0,0.133,0.0,5.432,72.7,93.72,25,990.0
1999,8,6,9,30,236,11,245,106,827,757,3,23,38.1,0,0.133,0.0,5.437,72.7,93.71000000000001,25,990.0
1999,8,6,10,0,256,16,270,106,851,832,7,23,31.52,4,0.133,0.0,5.4430000000000005,61.1,86.55,26,990.0
1999,8,6,10,30,384,330,682,109,865,890,7,23,25.38,4,0.133,0.0,5.433,61.1,86.52,26,990.0
1999,8,6,11,0,460,272,715,103,884,934,3,23,20.1,0,0.133,0.0,5.424,43.6,85.67,26,980.0
1999,8,6,11,30,487,149,631,104,888,956,3,23,16.51,0,0.133,0.0,5.408,43.6,85.63,26,980.0
1999,8,6,12,0,99,897,962,99,897,962,0,23,15.83,0,0.133,0.0,5.393,32.1,80.46000000000001,27,980.0
1999,8,6,12,30,98,894,947,98,894,947,0,23,18.37,0,0.133,0.0,5.38,32.1,80.42,27,980.0
1999,8,6,13,0,448,92,533,94,892,915,3,23,23.09,0,0.133,0.0,5.368,27.400000000000002,80.21000000000001,27,980.0
1999,8,6,13,30,428,114,528,92,882,864,7,23,28.95,0,0.133,0.0,5.3580000000000005,27.400000000000002,80.17,27,980.0
1999,8,6,14,0,222,10,230,87,870,797,6,23,35.38,0,0.133,0.0,5.349,13.8,80.57000000000001,27,980.0
1999,8,6,14,30,240,13,250,83,850,714,6,23,42.12,0,0.133,0.0,5.336,13.8,80.54,27,980.0
1999,8,6,15,0,248,27,266,76,827,619,6,24,49.04,0,0.133,0.0,5.324,11.3,83.71000000000001,27,980.0
1999,8,6,15,30,244,117,310,71,790,512,6,24,56.07,0,0.133,0.0,5.312,11.3,88.76,27,980.0
1999,8,6,16,0,165,24,176,63,741,398,6,24,63.17,0,0.133,0.0,5.301,30.6,90.72,27,980.0
1999,8,6,16,30,107,0,107,55,664,278,6,24,70.31,0,0.133,0.0,5.297,30.6,90.73,26,980.0
1999,8,6,17,0,79,86,97,42,547,161,6,24,77.48,0,0.133,0.0,5.2940000000000005,29.1,93.64,26,980.0
1999,8,6,17,30,30,37,33,24,332,55,8,24,84.66,4,0.133,0.1,5.292,29.1,99.37,25,980.0
1999,8,6,18,0,0,0,0,0,0,0,7,23,91.85000000000001,0,0.133,0.2,5.292,18.6,93.86,25,980.0
1999,8,6,18,30,0,0,0,0,0,0,7,23,99.03,0,0.133,0.2,5.292,18.6,93.89,25,980.0
1999,8,6,19,0,0,0,0,0,0,0,7,23,106.19,1,0.133,0.30000000000000004,5.2940000000000005,29.900000000000002,91.42,25,980.0
1999,8,6,19,30,0,0,0,0,0,0,7,23,113.32000000000001,0,0.133,0.30000000000000004,5.298,29.900000000000002,97.06,24,980.0
1999,8,6,20,0,0,0,0,0,0,0,3,23,120.4,0,0.133,0.4,5.303,39.7,95.62,24,980.0
1999,8,6,20,30,0,0,0,0,0,0,7,23,127.41,0,0.133,0.4,5.314,39.7,95.64,24,980.0
1999,8,6,21,0,0,0,0,0,0,0,7,23,134.31,0,0.133,0.5,5.3260000000000005,53.7,94.72,24,980.0
1999,8,6,21,30,0,0,0,0,0,0,7,23,141.03,0,0.133,0.5,5.339,53.7,100.0,24,980.0
1999,8,6,22,0,0,0,0,0,0,0,7,22,147.46,0,0.133,0.5,5.353,65.0,99.92,24,980.0
1999,8,6,22,30,0,0,0,0,0,0,8,22,153.38,0,0.133,0.5,5.365,65.0,99.91,23,980.0
1999,8,6,23,0,0,0,0,0,0,0,8,22,158.38,0,0.133,0.5,5.378,73.10000000000001,99.09,23,980.0
1999,8,6,23,30,0,0,0,0,0,0,7,22,161.68,0,0.133,0.5,5.386,73.10000000000001,100.0,23,980.0
1999,8,7,0,0,0,0,0,0,0,0,0,22,162.3,0,0.133,0.5,5.394,79.4,100.0,23,980.0
1999,8,7,0,30,0,0,0,0,0,0,0,22,159.98,0,0.133,0.5,5.397,79.4,100.0,22,980.0
1999,8,7,1,0,0,0,0,0,0,0,0,22,155.55,0,0.133,0.5,5.401,85.10000000000001,100.0,22,980.0
1999,8,7,1,30,0,0,0,0,0,0,0,22,149.93,0,0.133,0.5,5.406,85.10000000000001,100.0,22,980.0
1999,8,7,2,0,0,0,0,0,0,0,0,22,143.67000000000002,0,0.133,0.5,5.412,90.7,100.0,22,980.0
1999,8,7,2,30,0,0,0,0,0,0,0,22,137.05,0,0.133,0.5,5.413,90.7,100.0,22,980.0
1999,8,7,3,0,0,0,0,0,0,0,0,22,130.21,0,0.133,0.5,5.415,95.30000000000001,100.0,22,980.0
1999,8,7,3,30,0,0,0,0,0,0,0,22,123.24000000000001,0,0.133,0.5,5.413,95.30000000000001,100.0,22,980.0
1999,8,7,4,0,0,0,0,0,0,0,0,22,116.18,0,0.133,0.5,5.4110000000000005,105.60000000000001,100.0,22,980.0
1999,8,7,4,30,0,0,0,0,0,0,0,21,109.07000000000001,0,0.133,0.5,5.4030000000000005,105.60000000000001,100.0,22,980.0
1999,8,7,5,0,0,0,0,0,0,0,0,21,101.91,0,0.133,0.5,5.3950000000000005,118.9,100.0,22,980.0
1999,8,7,5,30,0,0,0,0,0,0,0,21,94.74,0,0.133,0.4,5.392,118.9,100.0,22,980.0
1999,8,7,6,0,23,0,23,14,211,23,3,22,87.54,4,0.133,0.30000000000000004,5.39,130.0,100.0,22,980.0
1999,8,7,6,30,35,490,117,35,490,117,0,22,80.35000000000001,0,0.133,0.1,5.397,130.0,100.0,22,990.0
1999,8,7,7,0,108,56,125,48,637,232,3,23,73.17,0,0.133,0.0,5.404,144.0,100.0,23,990.0
1999,8,7,7,30,165,151,227,57,727,352,3,23,66.01,0,0.133,0.0,5.416,144.0,100.0,23,990.0
1999,8,7,8,0,219,94,268,62,789,470,3,23,58.88,0,0.133,0.0,5.429,136.9,100.0,24,990.0
1999,8,7,8,30,235,28,252,67,830,580,4,23,51.81,0,0.133,0.0,5.4350000000000005,136.9,100.0,24,990.0
1999,8,7,9,0,306,57,347,68,863,681,4,24,44.82,0,0.133,0.0,5.441,124.2,100.0,25,990.0
1999,8,7,9,30,277,19,293,71,885,769,4,24,37.980000000000004,0,0.133,0.0,5.4430000000000005,124.2,100.0,25,990.0
1999,8,7,10,0,386,61,439,72,902,843,4,25,31.37,0,0.133,0.0,5.446,108.10000000000001,100.0,25,990.0
1999,8,7,10,30,451,203,635,74,914,901,3,25,25.2,0,0.133,0.0,5.449,108.10000000000001,100.0,25,990.0
1999,8,7,11,0,473,209,670,75,921,942,3,24,19.87,0,0.133,0.0,5.453,91.7,99.25,25,990.0
1999,8,7,11,30,477,256,724,75,925,964,4,24,16.240000000000002,0,0.133,0.0,5.452,91.7,99.2,25,990.0
1999,8,7,12,0,75,926,968,75,926,968,0,24,15.56,0,0.133,0.0,5.452,81.60000000000001,90.54,26,980.0
1999,8,7,12,30,75,923,953,75,923,953,0,24,18.150000000000002,0,0.133,0.0,5.458,81.60000000000001,90.5,26,980.0
1999,8,7,13,0,74,917,919,74,917,919,8,23,22.93,4,0.133,0.0,5.465,85.10000000000001,87.68,26,980.0
1999,8,7,13,30,421,268,656,73,908,868,7,23,28.84,0,0.133,0.0,5.472,85.10000000000001,87.65,26,980.0
1999,8,7,14,0,372,69,428,70,894,801,6,23,35.300000000000004,0,0.133,0.0,5.48,89.9,86.75,26,980.0
1999,8,7,14,30,318,51,356,68,875,718,6,23,42.07,0,0.133,0.0,5.479,89.9,92.02,25,980.0
1999,8,7,15,0,284,68,329,64,850,622,6,23,49.0,0,0.133,0.0,5.478,105.5,93.69,25,980.0
1999,8,7,15,30,242,97,296,60,815,515,6,23,56.050000000000004,0,0.133,0.0,5.472,105.5,93.69,25,980.0
1999,8,7,16,0,186,89,227,54,765,400,6,24,63.160000000000004,0,0.133,0.0,5.4670000000000005,126.30000000000001,95.86,25,980.0
1999,8,7,16,30,127,213,199,48,692,281,6,24,70.32000000000001,0,0.133,0.0,5.452,126.30000000000001,100.0,24,980.0
1999,8,7,17,0,71,267,129,38,576,162,7,24,77.5,0,0.133,0.1,5.437,142.0,100.0,24,980.0
1999,8,7,17,30,28,180,44,22,363,56,7,24,84.69,4,0.133,0.2,5.422,142.0,100.0,24,980.0
1999,8,7,18,0,0,0,0,0,0,0,7,23,91.89,0,0.133,0.30000000000000004,5.407,152.4,99.52,24,980.0
1999,8,7,18,30,0,0,0,0,0,0,7,23,99.08,0,0.133,0.30000000000000004,5.391,152.4,100.0,23,980.0
1999,8,7,19,0,0,0,0,0,0,0,7,23,106.25,1,0.133,0.4,5.377,158.8,100.0,23,990.0
1999,8,7,19,30,0,0,0,0,0,0,8,23,113.39,0,0.133,0.4,5.368,158.8,100.0,23,990.0
1999,8,7,20,0,0,0,0,0,0,0,7,23,120.49000000000001,0,0.133,0.4,5.359,159.10000000000002,100.0,23,990.0
1999,8,7,20,30,0,0,0,0,0,0,7,23,127.51,0,0.133,0.4,5.354,159.10000000000002,100.0,23,990.0
1999,8,7,21,0,0,0,0,0,0,0,7,23,134.42000000000002,0,0.133,0.5,5.3500000000000005,158.5,100.0,23,990.0
1999,8,7,21,30,0,0,0,0,0,0,7,22,141.16,0,0.133,0.4,5.348,158.5,100.0,23,990.0
1999,8,7,22,0,0,0,0,0,0,0,8,22,147.62,0,0.133,0.4,5.347,157.10000000000002,100.0,23,990.0
1999,8,7,22,30,0,0,0,0,0,0,8,22,153.58,0,0.133,0.4,5.337,157.10000000000002,100.0,22,990.0
1999,8,7,23,0,0,0,0,0,0,0,8,22,158.62,0,0.133,0.4,5.328,161.0,100.0,22,990.0
1999,8,7,23,30,0,0,0,0,0,0,4,22,161.96,0,0.133,0.4,5.316,161.0,100.0,22,990.0
1999,8,8,0,0,0,0,0,0,0,0,4,22,162.57,0,0.133,0.4,5.304,177.8,100.0,22,990.0
1999,8,8,0,30,0,0,0,0,0,0,7,22,160.21,0,0.133,0.4,5.297,177.8,100.0,22,980.0
1999,8,8,1,0,0,0,0,0,0,0,7,22,155.72,0,0.133,0.4,5.29,202.20000000000002,100.0,22,980.0
1999,8,8,1,30,0,0,0,0,0,0,7,22,150.06,0,0.133,0.4,5.289,202.20000000000002,100.0,22,980.0
1999,8,8,2,0,0,0,0,0,0,0,7,22,143.76,0,0.133,0.4,5.288,219.0,100.0,22,980.0
1999,8,8,2,30,0,0,0,0,0,0,7,21,137.12,0,0.133,0.4,5.29,219.0,100.0,22,980.0
1999,8,8,3,0,0,0,0,0,0,0,7,21,130.26,0,0.133,0.4,5.292,218.20000000000002,100.0,22,980.0
1999,8,8,3,30,0,0,0,0,0,0,4,21,123.27,0,0.133,0.4,5.282,218.20000000000002,100.0,22,980.0
1999,8,8,4,0,0,0,0,0,0,0,7,21,116.2,0,0.133,0.4,5.273,206.8,100.0,22,980.0
1999,8,8,4,30,0,0,0,0,0,0,7,21,109.07000000000001,0,0.133,0.4,5.238,206.8,100.0,21,990.0
1999,8,8,5,0,0,0,0,0,0,0,8,21,101.91,0,0.133,0.4,5.204,182.60000000000002,100.0,21,990.0
1999,8,8,5,30,0,0,0,0,0,0,7,21,94.72,0,0.133,0.30000000000000004,5.157,182.60000000000002,100.0,21,990.0
1999,8,8,6,0,5,0,5,14,227,24,7,21,87.52,4,0.133,0.2,5.111,158.9,100.0,22,990.0
1999,8,8,6,30,24,0,24,33,506,119,8,21,80.32000000000001,0,0.133,0.1,5.075,158.9,100.0,22,990.0
1999,8,8,7,0,47,0,47,46,650,235,7,22,73.12,0,0.133,0.0,5.04,146.0,100.0,22,990.0
1999,8,8,7,30,132,2,133,54,738,355,7,22,65.95,0,0.133,0.0,5.014,146.0,100.0,22,990.0
1999,8,8,8,0,177,12,183,60,797,473,8,23,58.81,0,0.133,0.0,4.989,148.8,100.0,23,990.0
1999,8,8,8,30,266,68,308,65,838,584,4,23,51.72,0,0.133,0.0,4.976,148.8,100.0,23,990.0
1999,8,8,9,0,292,42,323,68,867,685,4,23,44.72,0,0.133,0.0,4.964,150.1,98.92,24,990.0
1999,8,8,9,30,376,115,467,71,889,773,8,23,37.85,0,0.133,0.0,4.957,150.1,98.9,24,990.0
1999,8,8,10,0,418,123,523,73,905,848,8,23,31.220000000000002,0,0.133,0.0,4.95,154.4,96.39,24,990.0
1999,8,8,10,30,450,218,648,75,916,906,8,23,25.01,0,0.133,0.0,4.952,154.4,96.36,24,990.0
1999,8,8,11,0,450,313,745,77,923,947,8,22,19.64,0,0.133,0.0,4.955,153.20000000000002,88.2,25,990.0
1999,8,8,11,30,385,393,763,77,927,969,8,22,15.97,4,0.133,0.0,4.97,153.20000000000002,88.16,25,990.0
1999,8,8,12,0,418,409,813,79,926,973,7,22,15.280000000000001,0,0.133,0.0,4.986,152.3,86.62,25,990.0
1999,8,8,12,30,464,287,737,78,923,957,8,22,17.93,0,0.133,0.0,5.005,152.3,86.59,25,990.0
1999,8,8,13,0,450,268,698,79,915,924,7,22,22.77,0,0.133,0.0,5.024,156.20000000000002,81.43,26,980.0
1999,8,8,13,30,372,326,659,77,906,872,8,22,28.72,4,0.133,0.0,5.04,156.20000000000002,86.37,26,980.0
1999,8,8,14,0,315,455,688,76,890,804,7,22,35.22,0,0.133,0.0,5.056,161.0,87.47,26,980.0
1999,8,8,14,30,340,266,538,73,870,720,7,22,42.01,0,0.133,0.0,5.061,161.0,87.45,25,980.0
1999,8,8,15,0,232,465,538,70,843,623,8,23,48.97,0,0.133,0.0,5.0680000000000005,176.10000000000002,90.34,25,980.0
1999,8,8,15,30,160,1,161,65,807,516,6,23,56.03,0,0.133,0.0,5.066,176.10000000000002,90.34,25,980.0
1999,8,8,16,0,91,0,91,60,753,400,6,23,63.160000000000004,0,0.133,0.0,5.065,177.20000000000002,93.76,25,980.0
1999,8,8,16,30,50,0,50,52,677,280,6,23,70.32000000000001,0,0.133,0.0,5.061,177.20000000000002,99.55,24,980.0
1999,8,8,17,0,35,0,35,42,550,161,6,24,77.52,0,0.133,0.1,5.057,230.70000000000002,100.0,24,980.0
1999,8,8,17,30,12,0,12,24,334,54,6,23,84.72,4,0.133,0.2,5.05,230.70000000000002,100.0,24,980.0
1999,8,8,18,0,0,0,0,0,0,0,7,23,91.93,0,0.133,0.30000000000000004,5.0440000000000005,264.3,100.0,24,990.0
1999,8,8,18,30,0,0,0,0,0,0,7,23,99.13,0,0.133,0.30000000000000004,5.0280000000000005,264.3,100.0,23,990.0
1999,8,8,19,0,0,0,0,0,0,0,7,22,106.31,1,0.133,0.4,5.0120000000000005,287.6,98.93,23,990.0
1999,8,8,19,30,0,0,0,0,0,0,7,22,113.46000000000001,0,0.133,0.4,4.994,287.6,100.0,22,990.0
1999,8,8,20,0,0,0,0,0,0,0,7,22,120.57000000000001,0,0.133,0.4,4.977,292.6,100.0,22,990.0
1999,8,8,20,30,0,0,0,0,0,0,7,22,127.61,0,0.133,0.30000000000000004,4.963,292.6,100.0,22,990.0
1999,8,8,21,0,0,0,0,0,0,0,7,22,134.54,0,0.133,0.30000000000000004,4.95,292.6,100.0,22,990.0
1999,8,8,21,30,0,0,0,0,0,0,6,21,141.3,0,0.133,0.2,4.939,292.6,100.0,22,990.0
1999,8,8,22,0,0,0,0,0,0,0,6,21,147.79,0,0.133,0.2,4.929,292.5,100.0,22,990.0
1999,8,8,22,30,0,0,0,0,0,0,6,21,153.78,0,0.133,0.1,4.928,292.5,100.0,21,990.0
1999,8,8,23,0,0,0,0,0,0,0,7,21,158.87,0,0.133,0.1,4.9270000000000005,294.3,100.0,21,990.0
1999,8,8,23,30,0,0,0,0,0,0,8,21,162.24,0,0.133,0.1,4.933,294.3,100.0,21,990.0
1999,8,9,0,0,0,0,0,0,0,0,8,21,162.85,0,0.133,0.1,4.941,295.7,100.0,21,990.0
1999,8,9,0,30,0,0,0,0,0,0,8,21,160.44,0,0.133,0.0,4.952,295.7,100.0,21,990.0
1999,8,9,1,0,0,0,0,0,0,0,8,21,155.9,0,0.133,0.0,4.965,294.6,100.0,21,990.0
1999,8,9,1,30,0,0,0,0,0,0,8,21,150.18,0,0.133,0.0,4.963,294.6,100.0,21,980.0
1999,8,9,2,0,0,0,0,0,0,0,8,21,143.85,0,0.133,0.0,4.961,292.3,100.0,21,980.0
1999,8,9,2,30,0,0,0,0,0,0,7,20,137.18,0,0.133,0.0,4.9430000000000005,292.3,100.0,21,980.0
1999,8,9,3,0,0,0,0,0,0,0,7,20,130.3,0,0.133,0.0,4.925,287.8,100.0,21,980.0
1999,8,9,3,30,0,0,0,0,0,0,8,20,123.3,0,0.133,0.0,4.8950000000000005,287.8,100.0,21,980.0
1999,8,9,4,0,0,0,0,0,0,0,7,20,116.21000000000001,0,0.133,0.0,4.866,284.3,100.0,21,980.0
1999,8,9,4,30,0,0,0,0,0,0,7,20,109.07000000000001,0,0.133,0.0,4.8420000000000005,284.3,100.0,20,990.0
1999,8,9,5,0,0,0,0,0,0,0,4,20,101.9,0,0.133,0.0,4.819,275.7,100.0,20,990.0
1999,8,9,5,30,0,0,0,0,0,0,4,20,94.7,0,0.133,0.0,4.812,275.7,100.0,20,990.0
1999,8,9,6,0,6,0,6,14,158,21,4,21,87.49,4,0.133,0.0,4.806,264.90000000000003,100.0,21,990.0
1999,8,9,6,30,34,0,34,40,431,113,3,21,80.27,0,0.133,0.0,4.813,264.90000000000003,100.0,21,990.0
1999,8,9,7,0,50,0,50,59,574,226,3,21,73.07000000000001,0,0.133,0.0,4.821,252.60000000000002,100.0,21,990.0
1999,8,9,7,30,77,0,77,72,672,346,7,21,65.88,4,0.133,0.0,4.824,252.60000000000002,100.0,22,990.0
1999,8,9,8,0,206,45,229,82,734,463,4,22,58.730000000000004,0,0.133,0.0,4.828,254.4,100.0,23,990.0
1999,8,9,8,30,216,16,226,89,781,574,4,22,51.63,0,0.133,0.0,4.823,254.4,100.0,23,990.0
1999,8,9,9,0,248,17,261,97,812,675,4,22,44.61,0,0.133,0.0,4.8180000000000005,258.6,99.48,24,990.0
1999,8,9,9,30,259,15,271,101,838,765,4,22,37.72,0,0.133,0.0,4.808,258.6,93.66,24,990.0
1999,8,9,10,0,114,0,114,107,853,838,3,22,31.060000000000002,0,0.133,0.0,4.8,248.0,86.15,25,990.0
1999,8,9,10,30,199,9,207,110,867,897,4,22,24.82,0,0.133,0.0,4.79,248.0,86.11,25,990.0
1999,8,9,11,0,449,73,519,114,873,938,4,22,19.400000000000002,0,0.133,0.0,4.78,233.60000000000002,79.62,26,990.0
1999,8,9,11,30,115,877,960,115,877,960,0,22,15.69,0,0.133,0.0,4.779,233.60000000000002,79.58,26,990.0
1999,8,9,12,0,489,219,701,116,878,964,3,22,15.0,0,0.133,0.0,4.7780000000000005,222.0,79.9,26,990.0
1999,8,9,12,30,430,273,690,115,874,949,8,22,17.71,4,0.133,0.0,4.785,222.0,79.86,26,980.0
1999,8,9,13,0,145,2,147,114,867,914,8,22,22.62,0,0.133,0.0,4.793,216.70000000000002,79.98,26,980.0
1999,8,9,13,30,434,134,553,111,855,862,7,22,28.61,0,0.133,0.0,4.804,216.70000000000002,79.95,26,980.0
1999,8,9,14,0,395,213,570,109,837,793,4,22,35.14,0,0.133,0.0,4.816,214.0,80.10000000000001,26,980.0
1999,8,9,14,30,337,281,546,104,814,709,8,22,41.96,0,0.133,0.0,4.817,214.0,80.09,26,980.0
1999,8,9,15,0,293,246,455,94,791,614,7,22,48.94,0,0.133,0.0,4.819,219.5,82.69,26,980.0
1999,8,9,15,30,193,455,447,86,749,506,8,22,56.01,0,0.133,0.0,4.813,219.5,87.72,26,980.0
1999,8,9,16,0,75,698,391,75,698,391,0,23,63.15,0,0.133,0.0,4.807,230.0,90.66,26,980.0
1999,8,9,16,30,64,615,271,64,615,271,0,23,70.33,0,0.133,0.0,4.801,230.0,96.24000000000001,25,980.0
1999,8,9,17,0,49,488,154,49,488,154,0,23,77.54,0,0.133,0.0,4.795,239.20000000000002,98.14,25,980.0
1999,8,9,17,30,26,268,50,26,268,50,1,23,84.75,0,0.133,0.1,4.8,239.20000000000002,100.0,24,980.0
1999,8,9,18,0,0,0,0,0,0,0,7,23,91.97,0,0.133,0.2,4.805,247.3,100.0,23,980.0
1999,8,9,18,30,0,0,0,0,0,0,8,22,99.18,0,0.133,0.2,4.8180000000000005,247.3,100.0,23,980.0
1999,8,9,19,0,0,0,0,0,0,0,8,22,106.37,1,0.133,0.30000000000000004,4.832,252.4,100.0,23,980.0
1999,8,9,19,30,0,0,0,0,0,0,1,22,113.54,0,0.133,0.2,4.849,252.4,100.0,22,980.0
1999,8,9,20,0,0,0,0,0,0,0,0,22,120.66,0,0.133,0.2,4.866,257.0,100.0,22,990.0
1999,8,9,20,30,0,0,0,0,0,0,0,22,127.71000000000001,0,0.133,0.2,4.884,257.0,100.0,22,990.0
1999,8,9,21,0,0,0,0,0,0,0,3,22,134.66,0,0.133,0.2,4.9030000000000005,262.8,100.0,22,990.0
1999,8,9,21,30,0,0,0,0,0,0,3,21,141.44,0,0.133,0.2,4.917,262.8,100.0,22,990.0
1999,8,9,22,0,0,0,0,0,0,0,3,21,147.96,0,0.133,0.2,4.931,270.40000000000003,100.0,22,990.0
1999,8,9,22,30,0,0,0,0,0,0,4,21,153.99,0,0.133,0.1,4.938,270.40000000000003,100.0,21,990.0
1999,8,9,23,0,0,0,0,0,0,0,4,21,159.12,0,0.133,0.1,4.946,273.90000000000003,100.0,21,990.0
1999,8,9,23,30,0,0,0,0,0,0,4,21,162.52,0,0.133,0.1,4.947,273.90000000000003,100.0,21,990.0
1999,8,10,0,0,0,0,0,0,0,0,4,21,163.13,0,0.133,0.1,4.948,272.8,100.0,21,990.0
1999,8,10,0,30,0,0,0,0,0,0,7,21,160.67000000000002,0,0.133,0.1,4.945,272.8,100.0,21,980.0
1999,8,10,1,0,0,0,0,0,0,0,4,21,156.07,0,0.133,0.1,4.942,268.5,100.0,21,980.0
1999,8,10,1,30,0,0,0,0,0,0,4,21,150.31,0,0.133,0.1,4.94,268.5,100.0,21,980.0
1999,8,10,2,0,0,0,0,0,0,0,4,21,143.95000000000002,0,0.133,0.1,4.939,263.7,100.0,21,980.0
1999,8,10,2,30,0,0,0,0,0,0,4,21,137.25,0,0.133,0.1,4.94,263.7,100.0,21,980.0
1999,8,10,3,0,0,0,0,0,0,0,4,21,130.35,0,0.133,0.1,4.942,261.0,100.0,21,980.0
1999,8,10,3,30,0,0,0,0,0,0,3,20,123.33,0,0.133,0.1,4.947,261.0,100.0,21,980.0
1999,8,10,4,0,0,0,0,0,0,0,8,20,116.23,0,0.133,0.1,4.952,260.2,100.0,21,990.0
1999,8,10,4,30,0,0,0,0,0,0,3,20,109.07000000000001,0,0.133,0.1,4.9590000000000005,260.2,100.0,20,990.0
1999,8,10,5,0,0,0,0,0,0,0,1,20,101.89,0,0.133,0.1,4.966,259.3,100.0,20,990.0
1999,8,10,5,30,0,0,0,0,0,0,0,20,94.68,0,0.133,0.0,4.9750000000000005,259.3,100.0,20,990.0
1999,8,10,6,0,15,123,20,15,123,20,0,21,87.45,0,0.133,0.0,4.984,257.90000000000003,100.0,21,990.0
1999,8,10,6,30,45,385,110,45,385,110,1,21,80.23,0,0.133,0.0,4.9910000000000005,257.90000000000003,100.0,21,990.0
1999,8,10,7,0,66,0,66,64,548,224,3,21,73.02,0,0.133,0.0,4.998,257.2,99.05,22,990.0
1999,8,10,7,30,167,103,209,78,648,343,3,21,65.82000000000001,0,0.133,0.0,4.999,257.2,99.07000000000001,22,990.0
1999,8,10,8,0,208,47,232,86,724,462,3,22,58.65,0,0.133,0.0,5.001,253.0,94.99,23,990.0
1999,8,10,8,30,281,151,375,93,772,573,3,22,51.54,0,0.133,0.0,5.006,253.0,94.98,23,990.0
1999,8,10,9,0,96,813,676,96,813,676,0,22,44.5,0,0.133,0.0,5.0120000000000005,247.10000000000002,90.43,24,990.0
1999,8,10,9,30,382,162,511,101,838,766,3,22,37.59,0,0.133,0.0,5.032,247.10000000000002,90.41,24,990.0
1999,8,10,10,0,420,125,528,104,858,841,3,22,30.91,0,0.133,0.0,5.053,240.4,85.48,25,990.0
1999,8,10,10,30,451,228,658,107,871,899,3,22,24.63,0,0.133,0.0,5.0840000000000005,240.4,85.44,25,990.0
1999,8,10,11,0,478,194,662,109,879,939,3,22,19.16,0,0.133,0.0,5.115,232.20000000000002,84.78,26,990.0
1999,8,10,11,30,491,146,632,110,883,962,3,22,15.4,0,0.133,0.0,5.1530000000000005,232.20000000000002,84.74,26,990.0
1999,8,10,12,0,494,178,667,113,880,964,3,22,14.72,0,0.133,0.0,5.191,223.60000000000002,79.76,26,990.0
1999,8,10,12,30,393,33,426,112,876,949,3,22,17.490000000000002,0,0.133,0.0,5.228,223.60000000000002,79.71000000000001,26,980.0
1999,8,10,13,0,460,117,568,112,868,914,3,22,22.46,0,0.133,0.0,5.265,214.10000000000002,80.53,26,980.0
1999,8,10,13,30,416,296,676,109,856,862,3,22,28.5,0,0.133,0.0,5.2940000000000005,214.10000000000002,80.5,26,980.0
1999,8,10,14,0,103,844,794,103,844,794,0,22,35.07,0,0.133,0.0,5.323,210.60000000000002,83.0,26,980.0
1999,8,10,14,30,99,821,710,99,821,710,1,22,41.910000000000004,0,0.133,0.0,5.329,210.60000000000002,88.03,26,980.0
1999,8,10,15,0,301,183,421,88,801,615,3,23,48.910000000000004,0,0.133,0.0,5.336,215.3,91.38,26,980.0
1999,8,10,15,30,176,6,179,82,760,507,4,23,56.0,0,0.133,0.0,5.3260000000000005,215.3,91.38,25,980.0
1999,8,10,16,0,116,0,116,70,714,393,4,23,63.15,0,0.133,0.0,5.316,220.9,93.58,25,980.0
1999,8,10,16,30,130,73,155,60,632,273,4,23,70.34,0,0.133,0.0,5.303,220.9,99.34,24,980.0
1999,8,10,17,0,45,517,156,45,517,156,1,24,77.56,0,0.133,0.1,5.29,230.3,100.0,24,980.0
1999,8,10,17,30,24,296,51,24,296,51,3,23,84.78,4,0.133,0.2,5.285,230.3,100.0,24,980.0
1999,8,10,18,0,0,0,0,0,0,0,4,23,92.01,0,0.133,0.30000000000000004,5.281,238.9,100.0,24,980.0
1999,8,10,18,30,0,0,0,0,0,0,3,23,99.23,0,0.133,0.30000000000000004,5.281,238.9,100.0,23,980.0
1999,8,10,19,0,0,0,0,0,0,0,3,23,106.44,1,0.133,0.4,5.282,246.5,100.0,23,980.0
1999,8,10,19,30,0,0,0,0,0,0,3,22,113.62,0,0.133,0.4,5.281,246.5,100.0,23,980.0
1999,8,10,20,0,0,0,0,0,0,0,3,22,120.75,0,0.133,0.4,5.28,250.70000000000002,100.0,23,990.0
1999,8,10,20,30,0,0,0,0,0,0,1,22,127.82000000000001,0,0.133,0.4,5.274,250.70000000000002,100.0,22,990.0
1999,8,10,21,0,0,0,0,0,0,0,1,22,134.78,0,0.133,0.4,5.268,255.20000000000002,100.0,22,990.0
1999,8,10,21,30,0,0,0,0,0,0,7,22,141.59,0,0.133,0.4,5.261,255.20000000000002,100.0,22,990.0
1999,8,10,22,0,0,0,0,0,0,0,7,22,148.13,0,0.133,0.4,5.255,264.7,100.0,22,990.0
1999,8,10,22,30,0,0,0,0,0,0,7,22,154.20000000000002,0,0.133,0.4,5.247,264.7,100.0,22,990.0
1999,8,10,23,0,0,0,0,0,0,0,4,22,159.37,0,0.133,0.4,5.2410000000000005,275.90000000000003,100.0,22,990.0
1999,8,10,23,30,0,0,0,0,0,0,8,21,162.81,0,0.133,0.4,5.23,275.90000000000003,100.0,22,990.0
1999,8,11,0,0,0,0,0,0,0,0,4,21,163.41,0,0.133,0.5,5.22,283.7,100.0,22,980.0
1999,8,11,0,30,0,0,0,0,0,0,4,21,160.9,0,0.133,0.5,5.206,283.7,100.0,21,980.0
1999,8,11,1,0,0,0,0,0,0,0,8,21,156.24,0,0.133,0.5,5.1930000000000005,289.3,100.0,21,980.0
1999,8,11,1,30,0,0,0,0,0,0,8,21,150.43,0,0.133,0.5,5.178,289.3,100.0,21,980.0
1999,8,11,2,0,0,0,0,0,0,0,8,21,144.03,0,0.133,0.5,5.164,289.8,100.0,21,980.0
1999,8,11,2,30,0,0,0,0,0,0,8,21,137.31,0,0.133,0.5,5.144,289.8,100.0,21,980.0
1999,8,11,3,0,0,0,0,0,0,0,8,21,130.39000000000001,0,0.133,0.5,5.124,286.2,100.0,21,980.0
1999,8,11,3,30,0,0,0,0,0,0,8,21,123.35000000000001,0,0.133,0.5,5.1000000000000005,286.2,100.0,21,980.0
1999,8,11,4,0,0,0,0,0,0,0,4,21,116.24000000000001,0,0.133,0.5,5.077,280.3,100.0,21,980.0
1999,8,11,4,30,0,0,0,0,0,0,7,20,109.07000000000001,0,0.133,0.5,5.056,280.3,100.0,21,990.0
1999,8,11,5,0,0,0,0,0,0,0,4,20,101.87,0,0.133,0.5,5.0360000000000005,274.2,100.0,21,990.0
1999,8,11,5,30,0,0,0,0,0,0,4,20,94.65,0,0.133,0.30000000000000004,5.029,274.2,100.0,21,990.0
1999,8,11,6,0,4,0,4,14,194,23,4,21,87.42,4,0.133,0.2,5.024,272.5,100.0,21,990.0
1999,8,11,6,30,21,0,21,37,474,118,4,21,80.19,0,0.133,0.1,5.039,272.5,100.0,21,990.0
1999,8,11,7,0,77,0,77,51,624,234,3,22,72.96000000000001,0,0.133,0.0,5.054,273.6,100.0,22,990.0
1999,8,11,7,30,127,0,127,61,715,355,3,22,65.75,0,0.133,0.0,5.066,273.6,98.29,23,990.0
1999,8,11,8,0,209,49,235,67,779,474,3,23,58.57,0,0.133,0.0,5.079,253.8,94.84,24,990.0
1999,8,11,8,30,282,145,373,73,822,585,3,23,51.44,0,0.133,0.0,5.077,253.8,94.83,24,990.0
1999,8,11,9,0,280,31,303,75,857,688,3,22,44.39,0,0.133,0.0,5.075,239.4,87.15,25,990.0
1999,8,11,9,30,383,142,496,78,880,777,3,22,37.46,0,0.133,0.0,5.071,239.4,87.13,26,990.0
1999,8,11,10,0,415,252,631,79,899,852,3,22,30.75,0,0.133,0.0,5.067,222.60000000000002,80.42,27,990.0
1999,8,11,10,30,81,911,910,81,911,910,0,22,24.43,0,0.133,0.0,5.054,222.60000000000002,80.39,27,990.0
1999,8,11,11,0,82,919,951,82,919,951,1,22,18.92,0,0.133,0.0,5.042,205.4,76.34,27,990.0
1999,8,11,11,30,475,91,564,82,923,974,3,22,15.11,0,0.133,0.0,5.026,205.4,76.29,27,980.0
1999,8,11,12,0,494,146,636,82,924,977,3,22,14.44,0,0.133,0.0,5.011,188.5,76.86,28,980.0
1999,8,11,12,30,487,170,649,82,921,962,3,22,17.27,0,0.133,0.0,5.003,188.5,76.81,28,980.0
1999,8,11,13,0,445,298,721,81,915,928,3,22,22.31,0,0.133,0.0,4.996,179.5,73.49,28,980.0
1999,8,11,13,30,79,905,876,79,905,876,0,22,28.400000000000002,0,0.133,0.0,5.006,179.5,77.87,27,980.0
1999,8,11,14,0,378,301,625,76,892,807,3,23,35.0,0,0.133,0.0,5.016,182.70000000000002,80.75,27,980.0
1999,8,11,14,30,73,872,723,73,872,723,0,23,41.86,0,0.133,0.0,5.035,182.70000000000002,80.73,27,980.0
1999,8,11,15,0,69,846,625,69,846,625,0,24,48.88,1,0.133,0.0,5.055,180.60000000000002,85.33,27,980.0
1999,8,11,15,30,64,809,517,64,809,517,0,24,55.99,1,0.133,0.0,5.077,180.60000000000002,90.49,26,980.0
1999,8,11,16,0,57,760,401,57,760,401,0,24,63.160000000000004,1,0.133,0.0,5.1000000000000005,185.0,92.74,26,980.0
1999,8,11,16,30,50,685,280,50,685,280,0,24,70.36,1,0.133,0.0,5.119,185.0,98.41,25,980.0
1999,8,11,17,0,39,566,161,39,566,161,0,24,77.58,0,0.133,0.0,5.139,199.0,99.2,25,980.0
1999,8,11,17,30,22,348,54,22,348,54,0,24,84.82000000000001,0,0.133,0.1,5.157,199.0,100.0,25,980.0
1999,8,11,18,0,0,0,0,0,0,0,1,24,92.06,0,0.133,0.2,5.175,216.20000000000002,100.0,25,980.0
1999,8,11,18,30,0,0,0,0,0,0,0,24,99.29,0,0.133,0.2,5.197,216.20000000000002,100.0,24,980.0
1999,8,11,19,0,0,0,0,0,0,0,0,24,106.51,1,0.133,0.30000000000000004,5.219,215.10000000000002,100.0,24,980.0
1999,8,11,19,30,0,0,0,0,0,0,10,24,113.69,0,0.133,0.30000000000000004,5.251,215.10000000000002,100.0,24,980.0
1999,8,11,20,0,0,0,0,0,0,0,1,24,120.84,0,0.133,0.30000000000000004,5.283,208.9,100.0,24,980.0
1999,8,11,20,30,0,0,0,0,0,0,4,23,127.92,0,0.133,0.30000000000000004,5.32,208.9,100.0,23,980.0
1999,8,11,21,0,0,0,0,0,0,0,4,23,134.91,0,0.133,0.30000000000000004,5.357,205.20000000000002,100.0,23,990.0
1999,8,11,21,30,0,0,0,0,0,0,4,23,141.74,0,0.133,0.30000000000000004,5.399,205.20000000000002,100.0,23,990.0
1999,8,11,22,0,0,0,0,0,0,0,8,23,148.3,0,0.133,0.4,5.441,202.10000000000002,100.0,23,990.0
1999,8,11,22,30,0,0,0,0,0,0,8,23,154.41,0,0.133,0.4,5.4750000000000005,202.10000000000002,100.0,23,980.0
1999,8,11,23,0,0,0,0,0,0,0,3,23,159.63,0,0.133,0.4,5.51,198.4,100.0,23,980.0
1999,8,11,23,30,0,0,0,0,0,0,7,23,163.11,0,0.133,0.4,5.531,198.4,100.0,23,980.0
1999,8,12,0,0,0,0,0,0,0,0,7,23,163.70000000000002,0,0.133,0.4,5.553,195.8,100.0,23,980.0
1999,8,12,0,30,0,0,0,0,0,0,1,22,161.13,0,0.133,0.30000000000000004,5.559,195.8,100.0,23,980.0
1999,8,12,1,0,0,0,0,0,0,0,3,22,156.41,0,0.133,0.30000000000000004,5.565,191.20000000000002,100.0,23,980.0
1999,8,12,1,30,0,0,0,0,0,0,3,22,150.55,1,0.133,0.30000000000000004,5.5600000000000005,191.20000000000002,100.0,22,980.0
1999,8,12,2,0,0,0,0,0,0,0,3,22,144.12,1,0.133,0.30000000000000004,5.556,183.9,100.0,22,980.0
1999,8,12,2,30,0,0,0,0,0,0,8,22,137.37,1,0.133,0.30000000000000004,5.551,183.9,100.0,22,980.0
1999,8,12,3,0,0,0,0,0,0,0,8,22,130.43,1,0.133,0.30000000000000004,5.547,179.5,100.0,22,980.0
1999,8,12,3,30,0,0,0,0,0,0,8,22,123.37,0,0.133,0.2,5.529,179.5,100.0,22,980.0
1999,8,12,4,0,0,0,0,0,0,0,8,22,116.24000000000001,1,0.133,0.2,5.513,180.4,100.0,22,980.0
1999,8,12,4,30,0,0,0,0,0,0,8,22,109.07000000000001,1,0.133,0.2,5.465,180.4,100.0,22,980.0
1999,8,12,5,0,0,0,0,0,0,0,8,22,101.86,1,0.133,0.2,5.4190000000000005,178.8,100.0,22,980.0
1999,8,12,5,30,0,0,0,0,0,0,8,22,94.62,0,0.133,0.1,5.3580000000000005,178.8,100.0,22,980.0
1999,8,12,6,0,0,0,0,14,225,25,8,22,87.38,1,0.133,0.1,5.297,177.70000000000002,100.0,22,990.0
1999,8,12,6,30,2,0,2,34,503,121,8,22,80.14,0,0.133,0.0,5.236,177.70000000000002,100.0,22,990.0
1999,8,12,7,0,8,0,8,47,650,238,4,22,72.9,0,0.133,0.0,5.176,184.4,100.0,23,990.0
1999,8,12,7,30,113,0,113,55,738,359,3,22,65.68,0,0.133,0.0,5.135,184.4,100.0,23,990.0
1999,8,12,8,0,226,144,302,61,796,478,3,23,58.49,0,0.133,0.0,5.095,198.8,100.0,23,990.0
1999,8,12,8,30,216,16,226,66,837,589,3,23,51.35,0,0.133,0.0,5.08,198.8,100.0,23,990.0
1999,8,12,9,0,332,215,487,70,867,691,3,23,44.28,0,0.133,0.0,5.067,217.0,99.64,24,990.0
1999,8,12,9,30,384,140,495,73,889,780,3,23,37.33,0,0.133,0.0,5.062,217.0,99.62,24,990.0
1999,8,12,10,0,423,209,604,73,907,855,3,23,30.59,0,0.133,0.0,5.057,223.5,92.18,25,990.0
1999,8,12,10,30,456,205,643,75,918,913,3,23,24.23,0,0.133,0.0,5.07,223.5,92.15,25,990.0
1999,8,12,11,0,75,927,953,75,927,953,0,22,18.67,0,0.133,0.0,5.0840000000000005,194.3,83.55,26,990.0
1999,8,12,11,30,478,274,744,76,930,975,3,22,14.82,0,0.133,0.0,5.111,194.3,83.52,26,980.0
1999,8,12,12,0,335,19,354,75,931,978,3,22,14.15,0,0.133,0.0,5.139,138.5,81.42,27,980.0
1999,8,12,12,30,352,23,374,75,928,963,3,22,17.05,0,0.133,0.0,5.1690000000000005,138.5,81.39,27,980.0
1999,8,12,13,0,335,28,361,74,922,928,3,22,22.16,1,0.133,0.0,5.2,140.1,75.96000000000001,27,980.0
1999,8,12,13,30,317,27,341,72,912,876,3,22,28.3,1,0.133,0.0,5.223,140.1,75.93,27,980.0
1999,8,12,14,0,293,25,314,70,898,807,3,22,34.93,1,0.133,0.0,5.246,147.1,75.94,27,980.0
1999,8,12,14,30,337,153,451,68,879,723,7,22,41.82,1,0.133,0.0,5.261,147.1,80.5,27,980.0
1999,8,12,15,0,291,151,391,64,852,625,7,22,48.86,1,0.133,0.0,5.276,145.1,82.16,27,980.0
1999,8,12,15,30,246,137,323,60,817,517,7,22,55.980000000000004,0,0.133,0.0,5.273,145.1,82.16,26,980.0
1999,8,12,16,0,184,145,250,55,766,401,7,23,63.160000000000004,1,0.133,0.0,5.2700000000000005,128.3,85.75,26,980.0
1999,8,12,16,30,129,137,175,48,692,280,7,23,70.38,1,0.133,0.0,5.252,128.3,90.99,25,980.0
1999,8,12,17,0,76,111,100,38,572,161,7,24,77.61,1,0.133,0.0,5.235,157.60000000000002,94.33,25,980.0
1999,8,12,17,30,29,54,33,22,355,54,7,24,84.86,1,0.133,0.1,5.212,157.60000000000002,100.0,25,980.0
1999,8,12,18,0,0,0,0,0,0,0,7,23,92.11,1,0.133,0.2,5.19,171.3,99.99000000000001,25,980.0
1999,8,12,18,30,0,0,0,0,0,0,7,24,99.35000000000001,0,0.133,0.2,5.171,171.3,100.0,24,980.0
1999,8,12,19,0,0,0,0,0,0,0,7,23,106.58,1,0.133,0.2,5.152,189.4,96.96000000000001,24,980.0
1999,8,12,19,30,0,0,0,0,0,0,7,23,113.78,1,0.133,0.2,5.144,189.4,96.98,24,980.0
1999,8,12,20,0,0,0,0,0,0,0,7,23,120.94,1,0.133,0.2,5.1370000000000005,228.20000000000002,95.51,24,980.0
1999,8,12,20,30,0,0,0,0,0,0,8,23,128.03,1,0.133,0.2,5.131,228.20000000000002,100.0,23,980.0
1999,8,12,21,0,0,0,0,0,0,0,8,22,135.03,1,0.133,0.30000000000000004,5.126,282.1,97.54,23,980.0
1999,8,12,21,30,0,0,0,0,0,0,8,22,141.88,0,0.133,0.30000000000000004,5.121,282.1,97.53,23,980.0
1999,8,12,22,0,0,0,0,0,0,0,8,22,148.48,1,0.133,0.4,5.1160000000000005,295.6,97.47,23,980.0
1999,8,12,22,30,0,0,0,0,0,0,8,22,154.62,1,0.133,0.30000000000000004,5.113,295.6,100.0,22,980.0
1999,8,12,23,0,0,0,0,0,0,0,8,22,159.88,1,0.133,0.30000000000000004,5.111,297.6,100.0,22,980.0
1999,8,12,23,30,0,0,0,0,0,0,3,21,163.41,1,0.133,0.2,5.115,297.6,100.0,22,980.0
1999,8,13,0,0,0,0,0,0,0,0,3,21,163.99,1,0.133,0.2,5.12,298.2,100.0,22,980.0
1999,8,13,0,30,0,0,0,0,0,0,3,21,161.36,0,0.133,0.1,5.131,298.2,100.0,21,980.0
1999,8,13,1,0,0,0,0,0,0,0,3,21,156.58,1,0.133,0.1,5.142,298.0,100.0,21,980.0
1999,8,13,1,30,0,0,0,0,0,0,3,21,150.67000000000002,1,0.133,0.1,5.155,298.0,100.0,21,980.0
1999,8,13,2,0,0,0,0,0,0,0,3,21,144.20000000000002,1,0.133,0.1,5.168,299.5,100.0,21,980.0
1999,8,13,2,30,0,0,0,0,0,0,4,21,137.42000000000002,1,0.133,0.1,5.173,299.5,100.0,21,980.0
1999,8,13,3,0,0,0,0,0,0,0,4,21,130.46,1,0.133,0.1,5.179,302.5,100.0,21,980.0
1999,8,13,3,30,0,0,0,0,0,0,4,21,123.39,0,0.133,0.1,5.18,302.5,100.0,21,980.0
1999,8,13,4,0,0,0,0,0,0,0,4,21,116.25,0,0.133,0.1,5.182,307.5,100.0,21,980.0
1999,8,13,4,30,0,0,0,0,0,0,4,21,109.06,0,0.133,0.1,5.183,307.5,100.0,21,980.0
1999,8,13,5,0,0,0,0,0,0,0,4,21,101.84,0,0.133,0.2,5.184,309.70000000000005,100.0,21,980.0
1999,8,13,5,30,0,0,0,0,0,0,4,21,94.59,0,0.133,0.1,5.186,309.70000000000005,100.0,21,980.0
1999,8,13,6,0,0,0,0,15,198,25,4,21,87.34,4,0.133,0.1,5.188,311.20000000000005,100.0,21,980.0
1999,8,13,6,30,4,0,4,38,479,120,4,21,80.09,0,0.133,0.0,5.195,311.20000000000005,100.0,21,990.0
1999,8,13,7,0,92,0,92,52,627,237,7,22,72.84,0,0.133,0.0,5.203,320.70000000000005,100.0,22,990.0
1999,8,13,7,30,86,0,86,61,718,358,8,22,65.61,0,0.133,0.0,5.203,320.70000000000005,100.0,22,990.0
1999,8,13,8,0,102,0,102,68,780,477,4,23,58.410000000000004,0,0.133,0.0,5.203,323.0,100.0,23,990.0
1999,8,13,8,30,171,2,173,74,822,589,4,23,51.25,0,0.133,0.0,5.196,323.0,100.0,23,990.0
1999,8,13,9,0,169,3,172,78,855,691,4,23,44.160000000000004,0,0.133,0.0,5.189,328.6,97.82000000000001,24,990.0
1999,8,13,9,30,379,109,467,81,877,781,4,23,37.19,0,0.133,0.0,5.1850000000000005,328.6,97.8,24,990.0
1999,8,13,10,0,360,38,393,83,896,856,3,23,30.42,0,0.133,0.0,5.181,348.3,97.46000000000001,25,990.0
1999,8,13,10,30,232,11,243,85,907,914,3,23,24.03,0,0.133,0.0,5.18,348.3,97.44,25,990.0
1999,8,13,11,0,322,18,340,85,916,955,3,23,18.42,0,0.133,0.0,5.18,5.9,90.31,25,980.0
1999,8,13,11,30,493,140,629,86,920,977,3,23,14.52,0,0.133,0.0,5.181,5.9,90.25,25,980.0
1999,8,13,12,0,85,922,980,85,922,980,1,23,13.86,0,0.133,0.0,5.183,6.300000000000001,88.87,25,980.0
1999,8,13,12,30,466,314,767,85,919,965,3,23,16.830000000000002,0,0.133,0.0,5.1930000000000005,6.300000000000001,88.83,25,980.0
1999,8,13,13,0,84,912,930,84,912,930,0,22,22.01,0,0.133,0.0,5.204,0.1,87.86,26,980.0
1999,8,13,13,30,82,902,877,82,902,877,0,22,28.2,0,0.133,0.0,5.218,0.1,87.83,26,980.0
1999,8,13,14,0,378,72,438,79,889,808,3,22,34.87,0,0.133,0.0,5.234,349.0,87.16,26,980.0
1999,8,13,14,30,329,84,392,76,869,724,3,22,41.78,1,0.133,0.0,5.247,349.0,87.14,26,980.0
1999,8,13,15,0,71,843,626,71,843,626,0,22,48.84,1,0.133,0.0,5.26,346.5,87.84,26,980.0
1999,8,13,15,30,66,806,517,66,806,517,0,22,55.980000000000004,0,0.133,0.0,5.261,346.5,87.84,25,980.0
1999,8,13,16,0,59,756,401,59,756,401,0,23,63.17,1,0.133,0.0,5.263,14.5,89.38,25,980.0
1999,8,13,16,30,51,680,279,51,680,279,0,23,70.4,1,0.133,0.0,5.256,14.5,94.88,24,980.0
1999,8,13,17,0,40,559,160,40,559,160,0,23,77.64,1,0.133,0.1,5.249,345.1,96.35000000000001,24,980.0
1999,8,13,17,30,23,336,53,23,336,53,7,23,84.9,1,0.133,0.2,5.2410000000000005,345.1,100.0,23,980.0
1999,8,13,18,0,0,0,0,0,0,0,7,22,92.16,1,0.133,0.4,5.2330000000000005,334.1,97.52,23,980.0
1999,8,13,18,30,0,0,0,0,0,0,7,22,99.41,0,0.133,0.4,5.223,334.1,97.54,23,980.0
1999,8,13,19,0,0,0,0,0,0,0,7,22,106.65,1,0.133,0.4,5.214,336.0,96.08,23,980.0
1999,8,13,19,30,0,0,0,0,0,0,7,22,113.86,1,0.133,0.4,5.206,336.0,100.0,22,980.0
1999,8,13,20,0,0,0,0,0,0,0,7,22,121.03,1,0.133,0.5,5.199,340.1,100.0,22,980.0
1999,8,13,20,30,0,0,0,0,0,0,4,22,128.14000000000001,1,0.133,0.5,5.1930000000000005,340.1,100.0,22,980.0
1999,8,13,21,0,0,0,0,0,0,0,4,21,135.16,1,0.133,0.5,5.188,340.0,99.53,22,980.0
1999,8,13,21,30,0,0,0,0,0,0,4,21,142.04,0,0.133,0.5,5.186,340.0,100.0,22,980.0
1999,8,13,22,0,0,0,0,0,0,0,4,21,148.66,0,0.133,0.5,5.184,336.1,100.0,22,980.0
1999,8,13,22,30,0,0,0,0,0,0,8,21,154.84,0,0.133,0.5,5.181,336.1,100.0,21,980.0
1999,8,13,23,0,0,0,0,0,0,0,8,21,160.15,0,0.133,0.5,5.179,324.70000000000005,100.0,21,980.0
1999,8,13,23,30,0,0,0,0,0,0,6,21,163.71,0,0.133,0.4,5.171,324.70000000000005,100.0,21,980.0
1999,8,14,0,0,0,0,0,0,0,0,7,21,164.28,0,0.133,0.4,5.163,310.1,100.0,21,980.0
1999,8,14,0,30,0,0,0,0,0,0,8,20,161.59,0,0.133,0.30000000000000004,5.152,310.1,100.0,21,980.0
1999,8,14,1,0,0,0,0,0,0,0,7,20,156.74,0,0.133,0.30000000000000004,5.141,297.40000000000003,100.0,21,980.0
1999,8,14,1,30,0,0,0,0,0,0,8,20,150.79,0,0.133,0.2,5.135,297.40000000000003,100.0,20,980.0
1999,8,14,2,0,0,0,0,0,0,0,8,20,144.28,0,0.133,0.1,5.1290000000000004,290.1,100.0,20,980.0
1999,8,14,2,30,0,0,0,0,0,0,4,20,137.48,0,0.133,0.1,5.132,290.1,100.0,20,980.0
1999,8,14,3,0,0,0,0,0,0,0,7,20,130.5,0,0.133,0.1,5.136,287.6,100.0,20,980.0
1999,8,14,3,30,0,0,0,0,0,0,4,20,123.41,0,0.133,0.1,5.147,287.6,100.0,20,980.0
1999,8,14,4,0,0,0,0,0,0,0,4,20,116.25,0,0.133,0.1,5.159,287.7,100.0,20,980.0
1999,8,14,4,30,0,0,0,0,0,0,1,20,109.05,0,0.133,0.1,5.175,287.7,100.0,20,980.0
1999,8,14,5,0,0,0,0,0,0,0,3,20,101.82000000000001,0,0.133,0.2,5.191,289.5,100.0,20,980.0
1999,8,14,5,30,0,0,0,0,0,0,4,20,94.56,0,0.133,0.1,5.199,289.5,100.0,20,980.0
1999,8,14,6,0,10,0,10,16,184,24,4,21,87.3,4,0.133,0.1,5.208,291.40000000000003,100.0,21,980.0
1999,8,14,6,30,48,0,48,39,463,120,3,21,80.04,0,0.133,0.0,5.2090000000000005,291.40000000000003,100.0,21,990.0
1999,8,14,7,0,56,0,56,54,616,237,4,22,72.78,0,0.133,0.0,5.211,285.0,100.0,22,990.0
1999,8,14,7,30,134,3,136,64,709,358,4,22,65.54,0,0.133,0.0,5.205,285.0,100.0,22,990.0
1999,8,14,8,0,174,9,179,70,776,478,4,23,58.32,0,0.133,0.0,5.199,268.5,100.0,23,990.0
1999,8,14,8,30,276,85,329,76,819,590,4,23,51.15,0,0.133,0.0,5.1930000000000005,268.5,100.0,23,990.0
1999,8,14,9,0,336,202,481,78,853,692,4,23,44.04,0,0.133,0.0,5.188,263.2,97.64,24,990.0
1999,8,14,9,30,371,281,595,82,876,782,3,23,37.050000000000004,0,0.133,0.0,5.183,263.2,97.63,24,990.0
1999,8,14,10,0,417,255,638,84,895,857,3,23,30.26,0,0.133,0.0,5.178,256.2,89.79,25,990.0
1999,8,14,10,30,460,156,603,86,906,915,3,23,23.830000000000002,0,0.133,0.0,5.173,256.2,89.75,25,990.0
1999,8,14,11,0,481,136,611,86,915,956,3,22,18.17,0,0.133,0.0,5.1690000000000005,245.8,82.62,26,980.0
1999,8,14,11,30,439,50,488,87,919,978,3,22,14.22,0,0.133,0.0,5.173,245.8,82.58,26,980.0
1999,8,14,12,0,481,280,753,88,918,981,3,22,13.57,0,0.133,0.0,5.179,235.4,82.17,26,980.0
1999,8,14,12,30,88,915,965,88,915,965,1,22,16.61,0,0.133,0.0,5.191,235.4,82.13,26,980.0
1999,8,14,13,0,294,16,309,88,907,930,3,22,21.86,0,0.133,0.0,5.204,227.5,82.13,27,980.0
1999,8,14,13,30,426,92,507,86,896,877,4,22,28.1,0,0.133,0.0,5.208,227.5,82.11,27,980.0
1999,8,14,14,0,368,342,649,83,882,808,7,22,34.800000000000004,0,0.133,0.0,5.213,223.10000000000002,83.22,27,980.0
1999,8,14,14,30,325,339,578,80,862,723,3,22,41.74,0,0.133,0.0,5.2010000000000005,223.10000000000002,83.2,26,980.0
1999,8,14,15,0,235,463,540,74,836,625,7,23,48.82,0,0.133,0.0,5.189,224.60000000000002,85.85000000000001,26,980.0
1999,8,14,15,30,215,367,421,69,798,516,8,23,55.97,0,0.133,0.0,5.162,224.60000000000002,85.86,26,980.0
1999,8,14,16,0,30,0,30,62,747,399,4,23,63.18,0,0.133,0.0,5.135,228.3,88.21000000000001,26,980.0
1999,8,14,16,30,131,85,159,54,669,278,7,23,70.42,0,0.133,0.0,5.105,228.3,93.61,25,980.0
1999,8,14,17,0,71,3,72,42,542,158,6,24,77.68,0,0.133,0.1,5.075,243.60000000000002,95.75,25,980.0
1999,8,14,17,30,23,0,23,23,318,51,7,24,84.94,4,0.133,0.2,5.047,243.60000000000002,100.0,24,980.0
1999,8,14,18,0,0,0,0,0,0,0,7,24,92.21000000000001,0,0.133,0.30000000000000004,5.019,250.3,100.0,24,980.0
1999,8,14,18,30,0,0,0,0,0,0,7,23,99.47,0,0.133,0.30000000000000004,4.997,250.3,100.0,23,980.0
1999,8,14,19,0,0,0,0,0,0,0,7,23,106.72,1,0.133,0.30000000000000004,4.976,251.5,100.0,23,980.0
1999,8,14,19,30,0,0,0,0,0,0,7,23,113.95,0,0.133,0.30000000000000004,4.964,251.5,100.0,23,980.0
1999,8,14,20,0,0,0,0,0,0,0,0,23,121.13,0,0.133,0.30000000000000004,4.952,249.0,100.0,23,990.0
1999,8,14,20,30,0,0,0,0,0,0,0,22,128.26,0,0.133,0.2,4.949,249.0,100.0,23,990.0
1999,8,14,21,0,0,0,0,0,0,0,0,22,135.29,0,0.133,0.2,4.946,248.3,100.0,23,990.0
1999,8,14,21,30,0,0,0,0,0,0,0,22,142.19,0,0.133,0.1,4.949,248.3,100.0,22,990.0
1999,8,14,22,0,0,0,0,0,0,0,0,22,148.84,0,0.133,0.1,4.952,249.3,100.0,22,990.0
1999,8,14,22,30,0,0,0,0,0,0,0,22,155.06,0,0.133,0.0,4.945,249.3,100.0,22,990.0
1999,8,14,23,0,0,0,0,0,0,0,7,22,160.41,0,0.133,0.0,4.939,248.8,100.0,22,990.0
1999,8,14,23,30,0,0,0,0,0,0,4,22,164.02,0,0.133,0.0,4.929,248.8,100.0,22,990.0
1999,8,15,0,0,0,0,0,0,0,0,3,22,164.58,0,0.133,0.0,4.9190000000000005,251.5,100.0,22,990.0
1999,8,15,0,30,0,0,0,0,0,0,4,21,161.82,0,0.133,0.0,4.907,251.5,100.0,22,990.0
1999,8,15,1,0,0,0,0,0,0,0,7,21,156.9,0,0.133,0.0,4.8950000000000005,252.60000000000002,100.0,22,990.0
1999,8,15,1,30,0,0,0,0,0,0,0,21,150.9,0,0.133,0.0,4.89,252.60000000000002,100.0,21,990.0
1999,8,15,2,0,0,0,0,0,0,0,0,21,144.36,0,0.133,0.0,4.886,252.8,100.0,21,990.0
1999,8,15,2,30,0,0,0,0,0,0,0,21,137.53,0,0.133,0.0,4.884,252.8,100.0,21,990.0
1999,8,15,3,0,0,0,0,0,0,0,0,21,130.53,0,0.133,0.0,4.883,252.10000000000002,100.0,21,990.0
1999,8,15,3,30,0,0,0,0,0,0,3,20,123.42,0,0.133,0.0,4.884,252.10000000000002,100.0,21,990.0
1999,8,15,4,0,0,0,0,0,0,0,1,20,116.25,0,0.133,0.0,4.885,257.3,100.0,21,990.0
1999,8,15,4,30,0,0,0,0,0,0,7,20,109.04,0,0.133,0.0,4.875,257.3,100.0,20,990.0
1999,8,15,5,0,0,0,0,0,0,0,7,20,101.79,0,0.133,0.0,4.867,269.5,100.0,20,990.0
1999,8,15,5,30,0,0,0,0,0,0,3,20,94.53,0,0.133,0.0,4.859,269.5,100.0,20,990.0
1999,8,15,6,0,5,0,5,16,183,24,3,21,87.25,4,0.133,0.0,4.852,277.5,100.0,21,990.0
1999,8,15,6,30,27,0,27,40,459,120,4,21,79.98,0,0.133,0.0,4.853,277.5,100.0,21,990.0
1999,8,15,7,0,45,0,45,57,603,236,4,21,72.71000000000001,0,0.133,0.0,4.855,280.90000000000003,100.0,22,990.0
1999,8,15,7,30,7,0,7,68,697,357,8,21,65.46000000000001,0,0.133,0.0,4.884,280.90000000000003,100.0,22,990.0
1999,8,15,8,0,10,0,10,78,755,476,8,22,58.230000000000004,0,0.133,0.0,4.913,264.5,100.0,22,990.0
1999,8,15,8,30,189,6,193,84,800,588,7,22,51.050000000000004,0,0.133,0.0,4.973,264.5,100.0,22,990.0
1999,8,15,9,0,158,1,159,92,828,688,7,22,43.93,0,0.133,0.0,5.034,256.6,97.32000000000001,23,990.0
1999,8,15,9,30,181,5,185,96,852,778,7,22,36.910000000000004,0,0.133,0.0,5.093,256.6,97.32000000000001,23,990.0
1999,8,15,10,0,370,43,408,101,867,851,8,21,30.09,0,0.133,0.0,5.152,253.5,93.87,23,990.0
1999,8,15,10,30,397,43,436,103,879,909,8,21,23.63,0,0.133,0.0,5.189,253.5,93.84,23,990.0
1999,8,15,11,0,416,43,458,103,890,950,8,21,17.91,0,0.133,0.0,5.227,246.9,90.86,24,990.0
1999,8,15,11,30,392,30,422,104,894,972,6,21,13.91,0,0.133,0.0,5.255,246.9,90.82000000000001,24,990.0
1999,8,15,12,0,468,73,540,103,895,975,7,21,13.27,0,0.133,0.0,5.284,233.4,90.53,24,990.0
1999,8,15,12,30,446,60,504,103,892,959,8,21,16.4,0,0.133,0.0,5.298,233.4,90.5,24,990.0
1999,8,15,13,0,391,37,426,107,877,922,8,21,21.72,0,0.133,0.0,5.313,219.8,91.45,24,990.0
1999,8,15,13,30,428,98,515,105,865,870,7,21,28.01,0,0.133,0.0,5.3,219.8,91.43,24,990.0
1999,8,15,14,0,387,87,458,113,830,795,7,21,34.74,0,0.133,0.0,5.288,208.4,92.17,24,990.0
1999,8,15,14,30,355,172,484,108,806,710,7,21,41.71,0,0.133,0.0,5.25,208.4,92.16,24,990.0
1999,8,15,15,0,301,121,381,111,753,607,8,21,48.800000000000004,0,0.133,0.0,5.212,205.5,92.7,24,990.0
1999,8,15,15,30,242,126,313,102,707,498,8,21,55.97,4,0.133,0.0,5.151,205.5,92.7,23,990.0
1999,8,15,16,0,158,14,164,95,630,379,4,22,63.190000000000005,0,0.133,0.0,5.0920000000000005,204.3,94.19,23,990.0
1999,8,15,16,30,81,0,81,79,538,260,4,22,70.44,0,0.133,0.0,5.033,204.3,100.0,23,990.0
1999,8,15,17,0,62,0,62,60,384,142,3,22,77.71000000000001,0,0.133,0.0,4.9750000000000005,203.5,100.0,23,990.0
1999,8,15,17,30,18,0,18,27,175,42,4,22,84.99,4,0.133,0.1,4.924,203.5,100.0,22,990.0
1999,8,15,18,0,0,0,0,0,0,0,3,22,92.27,0,0.133,0.2,4.874,210.20000000000002,100.0,22,990.0
1999,8,15,18,30,0,0,0,0,0,0,4,21,99.54,0,0.133,0.2,4.844,210.20000000000002,100.0,21,990.0
1999,8,15,19,0,0,0,0,0,0,0,4,21,106.8,1,0.133,0.30000000000000004,4.815,207.4,100.0,21,990.0
1999,8,15,19,30,0,0,0,0,0,0,4,21,114.03,0,0.133,0.30000000000000004,4.811,207.4,100.0,21,990.0
1999,8,15,20,0,0,0,0,0,0,0,4,21,121.23,0,0.133,0.30000000000000004,4.807,209.9,100.0,21,990.0
1999,8,15,20,30,0,0,0,0,0,0,4,20,128.37,0,0.133,0.2,4.8260000000000005,209.9,100.0,21,990.0
1999,8,15,21,0,0,0,0,0,0,0,4,20,135.43,0,0.133,0.2,4.846,217.9,100.0,21,990.0
1999,8,15,21,30,0,0,0,0,0,0,4,20,142.34,0,0.133,0.2,4.885,217.9,100.0,20,990.0
1999,8,15,22,0,0,0,0,0,0,0,4,20,149.02,0,0.133,0.2,4.925,225.20000000000002,100.0,20,990.0
1999,8,15,22,30,0,0,0,0,0,0,3,20,155.28,0,0.133,0.1,4.974,225.20000000000002,100.0,20,990.0
1999,8,15,23,0,0,0,0,0,0,0,4,20,160.68,0,0.133,0.1,5.024,229.0,100.0,20,990.0
1999,8,15,23,30,0,0,0,0,0,0,7,20,164.33,0,0.133,0.0,5.065,229.0,100.0,20,990.0
1999,8,16,0,0,0,0,0,0,0,0,4,20,164.88,0,0.133,0.0,5.107,221.5,100.0,20,990.0
1999,8,16,0,30,0,0,0,0,0,0,7,20,162.05,0,0.133,0.0,5.133,221.5,100.0,20,990.0
1999,8,16,1,0,0,0,0,0,0,0,7,20,157.07,0,0.133,0.0,5.16,214.20000000000002,100.0,20,990.0
1999,8,16,1,30,0,0,0,0,0,0,4,20,151.01,0,0.133,0.0,5.168,214.20000000000002,100.0,20,990.0
1999,8,16,2,0,0,0,0,0,0,0,7,20,144.43,0,0.133,0.0,5.176,207.8,100.0,20,990.0
1999,8,16,2,30,0,0,0,0,0,0,7,20,137.58,1,0.133,0.0,5.16,207.8,100.0,20,990.0
1999,8,16,3,0,0,0,0,0,0,0,4,20,130.55,0,0.133,0.0,5.144,202.5,100.0,20,990.0
1999,8,16,3,30,0,0,0,0,0,0,3,20,123.43,0,0.133,0.0,5.113,202.5,100.0,20,990.0
1999,8,16,4,0,0,0,0,0,0,0,4,20,116.25,0,0.133,0.0,5.083,200.0,100.0,20,990.0
1999,8,16,4,30,0,0,0,0,0,0,7,20,109.02,0,0.133,0.0,5.051,200.0,100.0,20,990.0
1999,8,16,5,0,0,0,0,0,0,0,4,19,101.77,0,0.133,0.0,5.019,199.8,99.73,20,990.0
1999,8,16,5,30,0,0,0,0,0,0,8,19,94.49,0,0.133,0.0,4.998,199.8,99.77,20,990.0
1999,8,16,6,0,2,0,2,13,36,15,7,19,87.21000000000001,4,0.133,0.0,4.977,199.60000000000002,98.10000000000001,20,990.0
1999,8,16,6,30,15,0,15,66,192,100,4,19,79.93,0,0.133,0.0,4.962,199.60000000000002,98.14,20,990.0
1999,8,16,7,0,32,0,32,112,317,206,4,19,72.65,0,0.133,0.0,4.948,197.3,97.49000000000001,20,990.0
1999,8,16,7,30,165,62,191,146,420,321,7,19,65.38,0,0.133,0.0,4.93,197.3,97.51,20,990.0
1999,8,16,8,0,227,188,327,175,490,434,7,19,58.14,0,0.133,0.0,4.913,194.60000000000002,89.78,21,990.0
1999,8,16,8,30,275,262,440,197,550,544,7,19,50.94,0,0.133,0.0,4.897,194.60000000000002,89.78,21,990.0
1999,8,16,9,0,327,83,388,224,575,640,3,18,43.81,0,0.133,0.0,4.882,190.70000000000002,87.83,22,990.0
1999,8,16,9,30,385,214,556,238,611,728,3,18,36.77,0,0.133,0.0,4.875,190.70000000000002,87.82000000000001,22,990.0
1999,8,16,10,0,257,626,800,257,626,800,0,18,29.92,0,0.133,0.0,4.868,189.60000000000002,81.62,22,990.0
1999,8,16,10,30,265,645,857,265,645,857,0,18,23.42,0,0.133,0.0,4.864,189.60000000000002,81.58,22,990.0
1999,8,16,11,0,465,290,741,273,654,897,7,18,17.650000000000002,0,0.133,0.0,4.861,190.3,76.85000000000001,23,990.0
1999,8,16,11,30,493,223,710,276,661,919,4,18,13.6,0,0.133,0.0,4.862,190.3,76.81,23,990.0
1999,8,16,12,0,442,50,491,277,661,921,3,18,12.97,0,0.133,0.0,4.864,191.60000000000002,77.60000000000001,23,990.0
1999,8,16,12,30,275,656,905,275,656,905,1,18,16.18,0,0.133,0.0,4.868,191.60000000000002,77.56,23,990.0
1999,8,16,13,0,459,258,699,262,657,873,3,19,21.580000000000002,0,0.133,0.0,4.873,193.0,78.56,23,990.0
1999,8,16,13,30,438,209,623,254,640,820,3,19,27.92,0,0.133,0.0,4.877,193.0,78.53,23,990.0
1999,8,16,14,0,387,86,458,233,634,755,3,19,34.69,0,0.133,0.0,4.882,195.20000000000002,79.31,23,990.0
1999,8,16,14,30,292,30,316,220,602,670,3,19,41.68,0,0.133,0.0,4.88,195.20000000000002,84.24,23,990.0
1999,8,16,15,0,232,18,244,190,590,579,4,19,48.79,0,0.133,0.0,4.8790000000000004,197.0,84.72,23,990.0
1999,8,16,15,30,172,5,175,171,535,471,4,19,55.980000000000004,0,0.133,0.0,4.864,197.0,84.71000000000001,22,990.0
1999,8,16,16,0,138,494,361,138,494,361,0,19,63.21,0,0.133,0.0,4.849,198.4,85.63,22,990.0
1999,8,16,16,30,111,398,244,111,398,244,0,19,70.47,0,0.133,0.0,4.822,198.4,91.02,21,990.0
1999,8,16,17,0,72,292,134,72,292,134,0,19,77.75,0,0.133,0.0,4.795,199.8,91.9,21,990.0
1999,8,16,17,30,28,113,38,28,113,38,1,19,85.04,0,0.133,0.0,4.767,199.8,97.74000000000001,20,990.0
1999,8,16,18,0,0,0,0,0,0,0,1,19,92.33,0,0.133,0.0,4.74,203.0,98.03,20,990.0
1999,8,16,18,30,0,0,0,0,0,0,1,19,99.61,0,0.133,0.0,4.7170000000000005,203.0,98.06,20,990.0
1999,8,16,19,0,0,0,0,0,0,0,1,19,106.88,1,0.133,0.0,4.695,205.20000000000002,97.18,20,990.0
1999,8,16,19,30,0,0,0,0,0,0,1,19,114.12,0,0.133,0.0,4.678,205.20000000000002,100.0,19,990.0
1999,8,16,20,0,0,0,0,0,0,0,1,19,121.33,0,0.133,0.0,4.662,205.3,100.0,19,990.0
1999,8,16,20,30,0,0,0,0,0,0,1,19,128.49,0,0.133,0.0,4.644,205.3,100.0,19,990.0
1999,8,16,21,0,0,0,0,0,0,0,1,19,135.56,0,0.133,0.0,4.627,207.60000000000002,100.0,19,990.0
1999,8,16,21,30,0,0,0,0,0,0,1,18,142.5,0,0.133,0.0,4.612,207.60000000000002,100.0,19,990.0
1999,8,16,22,0,0,0,0,0,0,0,1,18,149.21,0,0.133,0.0,4.598,210.5,100.0,19,990.0
1999,8,16,22,30,0,0,0,0,0,0,1,18,155.5,0,0.133,0.0,4.587,210.5,100.0,18,990.0
1999,8,16,23,0,0,0,0,0,0,0,7,18,160.95000000000002,0,0.133,0.1,4.577,214.9,100.0,18,990.0
1999,8,16,23,30,0,0,0,0,0,0,7,18,164.64000000000001,0,0.133,0.1,4.5680000000000005,214.9,100.0,18,990.0
1999,8,17,0,0,0,0,0,0,0,0,7,18,165.18,0,0.133,0.1,4.5600000000000005,220.4,100.0,18,990.0
1999,8,17,0,30,0,0,0,0,0,0,7,17,162.28,0,0.133,0.1,4.5520000000000005,220.4,100.0,18,990.0
1999,8,17,1,0,0,0,0,0,0,0,7,17,157.23,0,0.133,0.1,4.545,222.70000000000002,100.0,18,990.0
1999,8,17,1,30,0,0,0,0,0,0,7,17,151.12,0,0.133,0.1,4.538,222.70000000000002,100.0,17,990.0
1999,8,17,2,0,0,0,0,0,0,0,7,17,144.51,0,0.133,0.1,4.531,221.4,100.0,17,990.0
1999,8,17,2,30,0,0,0,0,0,0,8,17,137.62,0,0.133,0.1,4.523,221.4,100.0,17,990.0
1999,8,17,3,0,0,0,0,0,0,0,7,17,130.58,0,0.133,0.1,4.515,217.20000000000002,100.0,17,990.0
1999,8,17,3,30,0,0,0,0,0,0,7,17,123.44,0,0.133,0.1,4.501,217.20000000000002,100.0,17,990.0
1999,8,17,4,0,0,0,0,0,0,0,7,17,116.24000000000001,0,0.133,0.1,4.488,212.0,100.0,17,990.0
1999,8,17,4,30,0,0,0,0,0,0,7,17,109.0,0,0.133,0.1,4.472,212.0,100.0,17,990.0
1999,8,17,5,0,0,0,0,0,0,0,7,17,101.74000000000001,0,0.133,0.1,4.456,208.4,100.0,17,990.0
1999,8,17,5,30,0,0,0,0,0,0,0,17,94.45,0,0.133,0.0,4.446,208.4,100.0,17,990.0
1999,8,17,6,0,15,64,18,15,64,18,0,17,87.16,0,0.133,0.0,4.436,204.9,100.0,17,990.0
1999,8,17,6,30,60,260,106,60,260,106,0,17,79.87,0,0.133,0.0,4.437,204.9,97.05,18,990.0
1999,8,17,7,0,91,423,218,91,423,218,1,17,72.58,0,0.133,0.0,4.439,203.9,90.05,19,990.0
1999,8,17,7,30,115,529,336,115,529,336,0,17,65.3,0,0.133,0.0,4.45,203.9,84.66,20,990.0
1999,8,17,8,0,131,610,454,131,610,454,0,16,58.050000000000004,0,0.133,0.0,4.461,205.0,77.24,21,990.0
1999,8,17,8,30,145,665,565,145,665,565,0,16,50.84,0,0.133,0.0,4.479,205.0,77.23,21,990.0
1999,8,17,9,0,156,704,666,156,704,666,0,16,43.69,0,0.133,0.0,4.497,205.0,73.19,22,990.0
1999,8,17,9,30,165,736,756,165,736,756,0,16,36.63,0,0.133,0.0,4.515,205.0,73.18,22,990.0
1999,8,17,10,0,174,754,829,174,754,829,0,17,29.76,0,0.133,0.0,4.534,201.8,70.41,23,990.0
1999,8,17,10,30,179,771,888,179,771,888,0,17,23.21,0,0.133,0.0,4.548,201.8,70.38,23,990.0
1999,8,17,11,0,188,773,927,188,773,927,0,17,17.39,0,0.133,0.0,4.563,198.60000000000002,68.13,24,990.0
1999,8,17,11,30,190,779,949,190,779,949,0,17,13.280000000000001,0,0.133,0.0,4.571,198.60000000000002,68.09,24,990.0
1999,8,17,12,0,199,768,949,199,768,949,0,18,12.67,0,0.133,0.0,4.579,196.4,69.83,24,990.0
1999,8,17,12,30,198,764,933,198,764,933,1,18,15.97,0,0.133,0.0,4.581,196.4,69.79,24,990.0
1999,8,17,13,0,199,749,896,199,749,896,0,18,21.44,0,0.133,0.0,4.5840000000000005,195.20000000000002,71.2,24,990.0
1999,8,17,13,30,194,734,843,194,734,843,0,18,27.830000000000002,0,0.133,0.0,4.582,195.20000000000002,71.17,24,990.0
1999,8,17,14,0,187,712,773,187,712,773,0,18,34.64,0,0.133,0.0,4.58,194.8,72.23,24,990.0
1999,8,17,14,30,178,682,688,178,682,688,0,18,41.65,0,0.133,0.0,4.572,194.8,72.21000000000001,24,990.0
1999,8,17,15,0,161,653,591,161,653,591,0,18,48.78,0,0.133,0.0,4.565,195.4,73.60000000000001,24,990.0
1999,8,17,15,30,146,600,482,146,600,482,1,18,55.980000000000004,0,0.133,0.0,4.546,195.4,78.15,23,990.0
1999,8,17,16,0,122,550,370,122,550,370,0,19,63.230000000000004,0,0.133,0.0,4.527,196.20000000000002,80.78,23,990.0
1999,8,17,16,30,99,454,251,99,454,251,0,19,70.5,0,0.133,0.0,4.496,196.20000000000002,85.83,22,990.0
1999,8,17,17,0,68,331,138,68,331,138,0,20,77.79,0,0.133,0.0,4.466,195.4,88.97,22,990.0
1999,8,17,17,30,28,137,40,28,137,40,0,20,85.09,0,0.133,0.0,4.429,195.4,94.59,21,990.0
1999,8,17,18,0,0,0,0,0,0,0,0,20,92.39,0,0.133,0.0,4.393,197.3,100.0,21,990.0
1999,8,17,18,30,0,0,0,0,0,0,0,20,99.68,0,0.133,0.0,4.359,197.3,100.0,20,990.0
1999,8,17,19,0,0,0,0,0,0,0,0,19,106.96000000000001,1,0.133,0.0,4.325,202.0,98.88,20,990.0
1999,8,17,19,30,0,0,0,0,0,0,0,19,114.21000000000001,0,0.133,0.0,4.296,202.0,100.0,20,990.0
1999,8,17,20,0,0,0,0,0,0,0,0,19,121.44,0,0.133,0.0,4.267,206.70000000000002,100.0,20,990.0
1999,8,17,20,30,0,0,0,0,0,0,0,19,128.61,0,0.133,0.0,4.244,206.70000000000002,100.0,19,990.0
1999,8,17,21,0,0,0,0,0,0,0,0,19,135.7,0,0.133,0.0,4.221,208.9,100.0,19,990.0
1999,8,17,21,30,0,0,0,0,0,0,0,18,142.66,0,0.133,0.0,4.205,208.9,100.0,19,990.0
1999,8,17,22,0,0,0,0,0,0,0,0,18,149.4,0,0.133,0.0,4.19,208.4,100.0,19,990.0
1999,8,17,22,30,0,0,0,0,0,0,0,18,155.73,0,0.133,0.0,4.181,208.4,100.0,18,990.0
1999,8,17,23,0,0,0,0,0,0,0,3,18,161.23,0,0.133,0.1,4.173,207.9,100.0,18,990.0
1999,8,17,23,30,0,0,0,0,0,0,3,18,164.96,1,0.133,0.1,4.165,207.9,100.0,18,990.0
1999,8,18,0,0,0,0,0,0,0,0,3,18,165.49,1,0.133,0.1,4.158,205.20000000000002,100.0,18,990.0
1999,8,18,0,30,0,0,0,0,0,0,3,17,162.51,0,0.133,0.1,4.151,205.20000000000002,100.0,18,990.0
1999,8,18,1,0,0,0,0,0,0,0,1,17,157.38,0,0.133,0.1,4.1450000000000005,201.10000000000002,100.0,18,990.0
1999,8,18,1,30,0,0,0,0,0,0,4,17,151.22,0,0.133,0.1,4.141,201.10000000000002,100.0,17,990.0
1999,8,18,2,0,0,0,0,0,0,0,3,17,144.57,0,0.133,0.1,4.1370000000000005,196.4,100.0,17,990.0
1999,8,18,2,30,0,0,0,0,0,0,1,17,137.66,0,0.133,0.1,4.135,196.4,100.0,17,990.0
1999,8,18,3,0,0,0,0,0,0,0,3,17,130.6,0,0.133,0.1,4.133,193.3,100.0,17,990.0
1999,8,18,3,30,0,0,0,0,0,0,3,17,123.45,0,0.133,0.1,4.125,193.3,100.0,17,990.0
1999,8,18,4,0,0,0,0,0,0,0,1,17,116.24000000000001,0,0.133,0.1,4.117,189.9,100.0,17,990.0
1999,8,18,4,30,0,0,0,0,0,0,3,16,108.98,0,0.133,0.1,4.105,189.9,100.0,16,990.0
1999,8,18,5,0,0,0,0,0,0,0,0,16,101.71000000000001,0,0.133,0.2,4.093,186.5,100.0,16,990.0
1999,8,18,5,30,0,0,0,0,0,0,0,16,94.41,0,0.133,0.1,4.083,186.5,100.0,16,990.0
1999,8,18,6,0,14,69,18,14,69,18,0,17,87.11,0,0.133,0.1,4.075,183.0,100.0,17,990.0
1999,8,18,6,30,58,264,105,58,264,105,0,17,79.81,0,0.133,0.0,4.075,183.0,97.74000000000001,18,990.0
1999,8,18,7,0,93,409,216,93,409,216,0,17,72.51,0,0.133,0.0,4.077,186.3,92.5,20,990.0
1999,8,18,7,30,118,513,333,118,513,333,0,17,65.22,0,0.133,0.0,4.093,186.3,86.96000000000001,21,990.0
1999,8,18,8,0,140,583,449,140,583,449,0,17,57.96,0,0.133,0.0,4.11,189.5,75.82000000000001,22,990.0
1999,8,18,8,30,155,640,560,155,640,560,0,17,50.730000000000004,0,0.133,0.0,4.139,189.5,75.82000000000001,22,990.0
1999,8,18,9,0,172,672,659,172,672,659,0,17,43.56,0,0.133,0.0,4.1690000000000005,184.4,71.47,23,990.0
1999,8,18,9,30,182,704,749,182,704,749,0,17,36.49,0,0.133,0.0,4.2090000000000005,184.4,71.45,24,990.0
1999,8,18,10,0,198,714,819,198,714,819,0,17,29.59,0,0.133,0.0,4.25,178.20000000000002,68.42,25,990.0
1999,8,18,10,30,205,731,878,205,731,878,0,17,23.01,0,0.133,0.0,4.292,178.20000000000002,68.39,25,990.0
1999,8,18,11,0,225,719,912,225,719,912,0,18,17.13,0,0.133,0.0,4.3340000000000005,176.70000000000002,66.4,26,990.0
1999,8,18,11,30,228,725,935,228,725,935,0,18,12.97,0,0.133,0.0,4.371,176.70000000000002,66.36,26,990.0
1999,8,18,12,0,253,692,929,253,692,929,0,18,12.370000000000001,0,0.133,0.0,4.408,177.10000000000002,64.52,26,990.0
1999,8,18,12,30,395,32,426,252,687,913,3,18,15.76,0,0.133,0.0,4.44,177.10000000000002,64.48,26,990.0
1999,8,18,13,0,472,181,641,271,642,870,3,19,21.31,0,0.133,0.0,4.473,177.4,66.08,26,990.0
1999,8,18,13,30,437,226,638,264,625,818,3,19,27.75,0,0.133,0.0,4.494,177.4,66.05,26,990.0
1999,8,18,14,0,362,52,405,263,585,745,3,19,34.59,0,0.133,0.0,4.515,178.5,67.58,26,990.0
1999,8,18,14,30,355,136,457,248,552,661,3,19,41.63,0,0.133,0.0,4.524,178.5,71.68,25,990.0
1999,8,18,15,0,300,111,374,226,514,565,3,20,48.77,0,0.133,0.0,4.534,180.0,74.19,25,990.0
1999,8,18,15,30,241,88,291,201,459,458,3,20,55.99,0,0.133,0.0,4.532,180.0,74.19,25,990.0
1999,8,18,16,0,185,83,222,165,406,347,3,20,63.25,0,0.133,0.0,4.532,181.3,77.4,25,990.0
1999,8,18,16,30,128,65,150,127,314,232,3,20,70.53,0,0.133,0.0,4.519,181.3,82.17,24,990.0
1999,8,18,17,0,71,8,73,79,212,123,3,21,77.83,0,0.133,0.0,4.506,183.3,91.7,24,990.0
1999,8,18,17,30,18,0,18,24,71,30,3,21,85.14,4,0.133,0.1,4.488,183.3,97.45,23,990.0
1999,8,18,18,0,0,0,0,0,0,0,3,21,92.45,0,0.133,0.2,4.471,187.4,96.37,22,990.0
1999,8,18,18,30,0,0,0,0,0,0,3,21,99.75,0,0.133,0.2,4.4590000000000005,187.4,100.0,21,990.0
1999,8,18,19,0,0,0,0,0,0,0,3,21,107.04,1,0.133,0.2,4.448,188.0,100.0,21,990.0
1999,8,18,19,30,0,0,0,0,0,0,3,21,114.31,0,0.133,0.2,4.441,188.0,100.0,21,990.0
1999,8,18,20,0,0,0,0,0,0,0,3,20,121.54,0,0.133,0.2,4.4350000000000005,187.9,99.97,21,990.0
1999,8,18,20,30,0,0,0,0,0,0,3,20,128.73,0,0.133,0.2,4.4350000000000005,187.9,100.0,20,990.0
1999,8,18,21,0,0,0,0,0,0,0,3,20,135.83,0,0.133,0.2,4.4350000000000005,188.9,100.0,20,990.0
1999,8,18,21,30,0,0,0,0,0,0,3,20,142.82,0,0.133,0.2,4.436,188.9,100.0,20,990.0
1999,8,18,22,0,0,0,0,0,0,0,1,20,149.58,0,0.133,0.2,4.438,192.60000000000002,100.0,20,990.0
1999,8,18,22,30,0,0,0,0,0,0,1,20,155.95000000000002,0,0.133,0.1,4.436,192.60000000000002,100.0,20,990.0
1999,8,18,23,0,0,0,0,0,0,0,4,20,161.51,0,0.133,0.1,4.434,198.4,100.0,20,990.0
1999,8,18,23,30,0,0,0,0,0,0,4,19,165.28,1,0.133,0.1,4.4270000000000005,198.4,100.0,20,990.0
1999,8,19,0,0,0,0,0,0,0,0,4,19,165.79,1,0.133,0.1,4.42,205.10000000000002,100.0,20,990.0
1999,8,19,0,30,0,0,0,0,0,0,4,19,162.74,0,0.133,0.1,4.407,205.10000000000002,100.0,20,990.0
1999,8,19,1,0,0,0,0,0,0,0,4,19,157.53,0,0.133,0.1,4.396,210.60000000000002,100.0,20,990.0
1999,8,19,1,30,0,0,0,0,0,0,4,19,151.33,0,0.133,0.1,4.382,210.60000000000002,100.0,20,990.0
1999,8,19,2,0,0,0,0,0,0,0,3,19,144.64000000000001,0,0.133,0.1,4.368,216.3,100.0,20,990.0
1999,8,19,2,30,0,0,0,0,0,0,3,19,137.70000000000002,0,0.133,0.1,4.349,216.3,100.0,19,990.0
1999,8,19,3,0,0,0,0,0,0,0,0,19,130.62,0,0.133,0.1,4.331,223.0,100.0,19,990.0
1999,8,19,3,30,0,0,0,0,0,0,3,19,123.45,0,0.133,0.1,4.303,223.0,100.0,19,990.0
1999,8,19,4,0,0,0,0,0,0,0,3,19,116.23,0,0.133,0.2,4.276,227.3,100.0,19,990.0
1999,8,19,4,30,0,0,0,0,0,0,3,19,108.96000000000001,0,0.133,0.2,4.242,227.3,100.0,19,990.0
1999,8,19,5,0,0,0,0,0,0,0,0,19,101.67,0,0.133,0.30000000000000004,4.208,230.70000000000002,100.0,19,990.0
1999,8,19,5,30,0,0,0,0,0,0,3,19,94.37,0,0.133,0.2,4.173,230.70000000000002,100.0,19,990.0
1999,8,19,6,0,17,0,17,14,57,17,3,19,87.06,4,0.133,0.2,4.138,233.10000000000002,100.0,19,990.0
1999,8,19,6,30,62,236,104,62,236,104,0,20,79.75,0,0.133,0.1,4.108,233.10000000000002,100.0,20,990.0
1999,8,19,7,0,99,382,214,99,382,214,0,20,72.44,0,0.133,0.0,4.078,224.4,90.21000000000001,22,990.0
1999,8,19,7,30,127,486,332,127,486,332,0,20,65.14,0,0.133,0.0,4.057,224.4,84.94,23,990.0
1999,8,19,8,0,152,554,447,152,554,447,0,19,57.870000000000005,0,0.133,0.0,4.037,209.5,78.11,24,990.0
1999,8,19,8,30,170,612,559,170,612,559,0,19,50.620000000000005,0,0.133,0.0,4.029,209.5,78.11,24,990.0
1999,8,19,9,0,194,636,656,194,636,656,0,20,43.44,0,0.133,0.0,4.022,191.60000000000002,73.83,25,990.0
1999,8,19,9,30,206,669,746,206,669,746,0,20,36.35,0,0.133,0.0,4.04,191.60000000000002,73.81,25,990.0
1999,8,19,10,0,224,680,817,224,680,817,0,20,29.41,0,0.133,0.0,4.057,180.20000000000002,70.37,26,990.0
1999,8,19,10,30,231,698,875,231,698,875,0,20,22.8,0,0.133,0.0,4.098,180.20000000000002,70.34,26,990.0
1999,8,19,11,0,246,695,912,246,695,912,0,20,16.87,0,0.133,0.0,4.139,174.5,67.12,27,990.0
1999,8,19,11,30,413,36,448,249,701,934,3,20,12.64,0,0.133,0.0,4.192,174.5,67.08,27,990.0
1999,8,19,12,0,501,139,637,262,685,932,2,20,12.07,0,0.133,0.0,4.245,174.4,67.88,28,990.0
1999,8,19,12,30,260,680,916,260,680,916,0,20,15.55,0,0.133,0.0,4.304,174.4,67.85,28,990.0
1999,8,19,13,0,466,115,574,261,662,879,3,20,21.18,0,0.133,0.0,4.363,177.0,64.79,28,990.0
1999,8,19,13,30,278,15,292,254,644,824,3,20,27.67,0,0.133,0.0,4.418,177.0,68.66,28,990.0
1999,8,19,14,0,225,650,760,225,650,760,0,21,34.54,0,0.133,0.0,4.473,177.4,70.24,28,990.0
1999,8,19,14,30,305,37,333,212,618,674,4,21,41.6,0,0.133,0.0,4.517,177.4,70.22,27,980.0
1999,8,19,15,0,276,50,310,178,614,583,3,21,48.77,0,0.133,0.0,4.562,180.20000000000002,71.52,27,980.0
1999,8,19,15,30,153,0,153,161,560,474,4,21,56.0,0,0.133,0.0,4.589,180.20000000000002,75.84,26,980.0
1999,8,19,16,0,15,0,15,131,516,363,4,22,63.27,0,0.133,0.0,4.617,186.8,79.07000000000001,26,980.0
1999,8,19,16,30,39,0,39,105,419,245,4,22,70.57000000000001,0,0.133,0.0,4.621,186.8,83.9,25,980.0
1999,8,19,17,0,46,0,46,68,312,134,4,22,77.88,0,0.133,0.0,4.625,189.9,88.34,25,990.0
1999,8,19,17,30,12,0,12,27,123,37,4,22,85.19,4,0.133,0.1,4.619,189.9,93.8,24,990.0
1999,8,19,18,0,0,0,0,0,0,0,3,23,92.51,0,0.133,0.2,4.614,194.5,100.0,24,990.0
1999,8,19,18,30,0,0,0,0,0,0,4,22,99.83,0,0.133,0.2,4.605,194.5,100.0,23,990.0
1999,8,19,19,0,0,0,0,0,0,0,4,22,107.12,1,0.133,0.2,4.597,194.20000000000002,100.0,23,990.0
1999,8,19,19,30,0,0,0,0,0,0,3,22,114.4,0,0.133,0.2,4.5840000000000005,194.20000000000002,100.0,22,990.0
1999,8,19,20,0,0,0,0,0,0,0,3,22,121.65,0,0.133,0.2,4.571,194.4,100.0,22,990.0
1999,8,19,20,30,0,0,0,0,0,0,3,21,128.85,0,0.133,0.1,4.5520000000000005,194.4,100.0,22,990.0
1999,8,19,21,0,0,0,0,0,0,0,3,21,135.97,0,0.133,0.1,4.533,195.70000000000002,100.0,22,990.0
1999,8,19,21,30,0,0,0,0,0,0,0,21,142.98,0,0.133,0.1,4.5120000000000005,195.70000000000002,100.0,21,990.0
1999,8,19,22,0,0,0,0,0,0,0,3,21,149.77,0,0.133,0.1,4.492,197.70000000000002,100.0,21,990.0
1999,8,19,22,30,0,0,0,0,0,0,1,21,156.18,0,0.133,0.1,4.477,197.70000000000002,100.0,21,990.0
1999,8,19,23,0,0,0,0,0,0,0,3,21,161.78,0,0.133,0.1,4.462,201.5,100.0,21,990.0
1999,8,19,23,30,0,0,0,0,0,0,3,20,165.61,1,0.133,0.1,4.452,201.5,100.0,20,990.0
1999,8,20,0,0,0,0,0,0,0,0,0,20,166.1,1,0.133,0.1,4.442,207.60000000000002,100.0,20,990.0
1999,8,20,0,30,0,0,0,0,0,0,0,20,162.97,0,0.133,0.1,4.439,207.60000000000002,100.0,20,990.0
1999,8,20,1,0,0,0,0,0,0,0,1,20,157.68,0,0.133,0.1,4.437,213.9,100.0,20,990.0
1999,8,20,1,30,0,0,0,0,0,0,3,20,151.42000000000002,0,0.133,0.1,4.439,213.9,100.0,20,990.0
1999,8,20,2,0,0,0,0,0,0,0,1,20,144.70000000000002,0,0.133,0.1,4.442,217.60000000000002,100.0,20,990.0
1999,8,20,2,30,0,0,0,0,0,0,3,20,137.74,0,0.133,0.1,4.4430000000000005,217.60000000000002,100.0,20,990.0
1999,8,20,3,0,0,0,0,0,0,0,0,20,130.64000000000001,0,0.133,0.1,4.445,219.3,100.0,20,990.0
1999,8,20,3,30,0,0,0,0,0,0,0,19,123.45,0,0.133,0.1,4.439,219.3,100.0,20,990.0
1999,8,20,4,0,0,0,0,0,0,0,3,19,116.21000000000001,0,0.133,0.1,4.4350000000000005,219.0,100.0,20,990.0
1999,8,20,4,30,0,0,0,0,0,0,4,19,108.94,0,0.133,0.1,4.4270000000000005,219.0,100.0,19,990.0
1999,8,20,5,0,0,0,0,0,0,0,4,19,101.64,0,0.133,0.1,4.42,218.70000000000002,100.0,19,990.0
1999,8,20,5,30,0,0,0,0,0,0,4,19,94.33,0,0.133,0.1,4.416,218.70000000000002,100.0,19,990.0
1999,8,20,6,0,2,0,2,16,85,21,4,20,87.0,4,0.133,0.1,4.412,218.5,100.0,20,990.0
1999,8,20,6,30,15,0,15,57,299,110,4,20,79.68,0,0.133,0.0,4.415,218.5,98.88,21,990.0
1999,8,20,7,0,84,0,84,87,447,223,4,21,72.36,0,0.133,0.0,4.418,212.60000000000002,88.97,23,990.0
1999,8,20,7,30,129,0,129,109,552,342,4,21,65.06,1,0.133,0.0,4.428,212.60000000000002,83.8,24,990.0
1999,8,20,8,0,170,6,173,129,618,459,4,21,57.77,1,0.133,0.0,4.439,205.10000000000002,78.81,25,990.0
1999,8,20,8,30,258,332,469,142,673,570,3,21,50.52,1,0.133,0.0,4.456,205.10000000000002,78.8,25,990.0
1999,8,20,9,0,298,350,552,156,708,671,3,21,43.31,1,0.133,0.0,4.474,200.0,74.13,26,990.0
1999,8,20,9,30,366,322,626,164,739,761,3,21,36.2,0,0.133,0.0,4.506,200.0,74.11,26,990.0
1999,8,20,10,0,354,381,687,173,758,835,3,21,29.240000000000002,1,0.133,0.0,4.539,195.0,69.89,27,990.0
1999,8,20,10,30,371,393,735,178,774,893,3,21,22.59,1,0.133,0.0,4.59,195.0,69.86,27,990.0
1999,8,20,11,0,384,399,767,184,779,932,3,21,16.6,1,0.133,0.0,4.643,190.70000000000002,70.24,28,990.0
1999,8,20,11,30,186,784,953,186,784,953,0,21,12.32,1,0.133,0.0,4.707,190.70000000000002,70.2,28,990.0
1999,8,20,12,0,191,779,954,191,779,954,0,21,11.76,1,0.133,0.0,4.772,187.5,71.76,28,990.0
1999,8,20,12,30,189,774,937,189,774,937,0,21,15.35,0,0.133,0.0,4.8340000000000005,187.5,71.72,27,990.0
1999,8,20,13,0,191,758,899,191,758,899,0,21,21.05,1,0.133,0.0,4.897,187.60000000000002,74.09,27,990.0
1999,8,20,13,30,186,743,844,186,743,844,0,21,27.6,1,0.133,0.0,4.94,187.60000000000002,74.06,27,990.0
1999,8,20,14,0,173,731,776,173,731,776,0,22,34.5,1,0.133,0.0,4.984,189.5,76.23,27,990.0
1999,8,20,14,30,343,126,437,164,702,689,3,22,41.59,1,0.133,0.0,5.0120000000000005,189.5,80.82000000000001,26,990.0
1999,8,20,15,0,296,124,377,143,686,595,3,22,48.77,1,0.133,0.0,5.04,189.0,83.55,26,980.0
1999,8,20,15,30,245,112,308,130,635,485,3,22,56.02,0,0.133,0.0,5.047,189.0,88.65,25,990.0
1999,8,20,16,0,186,112,237,105,597,373,3,23,63.300000000000004,1,0.133,0.0,5.054,189.70000000000002,91.93,25,990.0
1999,8,20,16,30,130,92,160,86,502,253,3,23,70.61,1,0.133,0.0,5.0440000000000005,189.70000000000002,97.59,25,990.0
1999,8,20,17,0,75,62,88,59,386,139,3,24,77.93,1,0.133,0.1,5.034,201.8,100.0,25,990.0
1999,8,20,17,30,25,0,25,26,172,40,7,24,85.25,1,0.133,0.2,5.0280000000000005,201.8,100.0,24,990.0
1999,8,20,18,0,0,0,0,0,0,0,7,23,92.58,1,0.133,0.4,5.023,206.10000000000002,98.14,24,990.0
1999,8,20,18,30,0,0,0,0,0,0,7,23,99.9,0,0.133,0.4,5.018,206.10000000000002,100.0,23,990.0
1999,8,20,19,0,0,0,0,0,0,0,7,23,107.21000000000001,1,0.133,0.5,5.013,208.70000000000002,100.0,23,990.0
1999,8,20,19,30,0,0,0,0,0,0,7,23,114.5,1,0.133,0.5,5.01,208.70000000000002,100.0,23,990.0
1999,8,20,20,0,0,0,0,0,0,0,7,23,121.76,1,0.133,0.5,5.007,212.20000000000002,100.0,23,990.0
1999,8,20,20,30,0,0,0,0,0,0,7,22,128.97,0,0.133,0.5,5.003,212.20000000000002,100.0,23,990.0
1999,8,20,21,0,0,0,0,0,0,0,7,22,136.11,0,0.133,0.5,4.999,213.9,100.0,23,990.0
1999,8,20,21,30,0,0,0,0,0,0,7,22,143.14000000000001,0,0.133,0.5,4.995,213.9,100.0,22,990.0
1999,8,20,22,0,0,0,0,0,0,0,7,22,149.96,0,0.133,0.6000000000000001,4.992,210.9,100.0,22,990.0
1999,8,20,22,30,0,0,0,0,0,0,7,21,156.41,0,0.133,0.5,4.988,210.9,100.0,22,990.0
1999,8,20,23,0,0,0,0,0,0,0,7,21,162.07,0,0.133,0.5,4.985,208.70000000000002,100.0,22,990.0
1999,8,20,23,30,0,0,0,0,0,0,7,21,165.94,1,0.133,0.4,4.985,208.70000000000002,100.0,21,990.0
1999,8,21,0,0,0,0,0,0,0,0,4,21,166.41,1,0.133,0.4,4.985,211.20000000000002,100.0,21,990.0
1999,8,21,0,30,0,0,0,0,0,0,4,20,163.19,0,0.133,0.30000000000000004,4.99,211.20000000000002,100.0,21,990.0
1999,8,21,1,0,0,0,0,0,0,0,4,20,157.83,0,0.133,0.30000000000000004,4.996,216.70000000000002,100.0,21,990.0
1999,8,21,1,30,0,0,0,0,0,0,3,20,151.52,0,0.133,0.2,5.001,216.70000000000002,100.0,20,990.0
1999,8,21,2,0,0,0,0,0,0,0,7,20,144.76,0,0.133,0.2,5.007,222.8,100.0,20,990.0
1999,8,21,2,30,0,0,0,0,0,0,3,20,137.77,0,0.133,0.1,5.01,222.8,100.0,20,990.0
1999,8,21,3,0,0,0,0,0,0,0,4,20,130.65,0,0.133,0.1,5.013,228.10000000000002,100.0,20,990.0
1999,8,21,3,30,0,0,0,0,0,0,4,20,123.45,0,0.133,0.1,5.0120000000000005,228.10000000000002,100.0,20,990.0
1999,8,21,4,0,0,0,0,0,0,0,3,20,116.2,0,0.133,0.1,5.011,234.70000000000002,100.0,20,990.0
1999,8,21,4,30,0,0,0,0,0,0,3,20,108.91,0,0.133,0.1,5.009,234.70000000000002,100.0,20,990.0
1999,8,21,5,0,0,0,0,0,0,0,3,20,101.60000000000001,0,0.133,0.1,5.008,242.4,100.0,20,990.0
1999,8,21,5,30,0,0,0,0,0,0,3,20,94.28,0,0.133,0.0,5.008,242.4,100.0,20,990.0
1999,8,21,6,0,1,0,1,17,123,23,4,21,86.95,4,0.133,0.0,5.008,250.70000000000002,100.0,21,990.0
1999,8,21,6,30,6,0,6,50,365,116,4,21,79.62,0,0.133,0.0,5.018,250.70000000000002,100.0,21,990.0
1999,8,21,7,0,57,0,57,75,510,230,4,22,72.29,0,0.133,0.0,5.029,263.7,100.0,22,990.0
1999,8,21,7,30,166,52,188,92,612,351,3,22,64.97,0,0.133,0.0,5.047,263.7,100.0,23,990.0
1999,8,21,8,0,180,11,186,109,670,467,4,23,57.67,0,0.133,0.0,5.065,259.6,100.0,24,990.0
1999,8,21,8,30,212,12,220,120,722,580,4,23,50.410000000000004,0,0.133,0.0,5.089,259.6,98.75,24,990.0
1999,8,21,9,0,176,4,179,135,744,678,4,23,43.19,0,0.133,0.0,5.114,253.60000000000002,90.4,25,990.0
1999,8,21,9,30,244,12,254,143,773,768,4,23,36.06,0,0.133,0.0,5.136,253.60000000000002,90.38,25,990.0
1999,8,21,10,0,280,15,294,156,782,839,4,22,29.07,0,0.133,0.0,5.158,249.60000000000002,79.71000000000001,26,990.0
1999,8,21,10,30,218,10,228,160,797,898,4,22,22.38,0,0.133,0.0,5.174,249.60000000000002,79.68,26,990.0
1999,8,21,11,0,455,67,519,173,793,934,4,21,16.34,0,0.133,0.0,5.19,243.5,73.52,27,990.0
1999,8,21,11,30,503,188,687,175,798,956,3,21,11.99,0,0.133,0.0,5.1930000000000005,243.5,73.48,27,990.0
1999,8,21,12,0,504,183,684,183,788,956,3,21,11.46,0,0.133,0.0,5.197,239.3,73.13,27,990.0
1999,8,21,12,30,492,208,694,182,784,939,3,21,15.15,0,0.133,0.0,5.194,239.3,73.08,27,990.0
1999,8,21,13,0,367,28,394,186,765,901,3,21,20.93,0,0.133,0.0,5.192,236.8,73.36,28,980.0
1999,8,21,13,30,308,19,325,182,750,847,3,21,27.53,0,0.133,0.0,5.183,236.8,73.32000000000001,28,980.0
1999,8,21,14,0,198,7,205,176,727,776,7,22,34.46,0,0.133,0.0,5.174,232.0,74.28,28,980.0
1999,8,21,14,30,217,9,225,167,698,690,3,22,41.57,0,0.133,0.0,5.16,232.0,74.26,27,980.0
1999,8,21,15,0,227,16,238,147,679,594,3,22,48.78,0,0.133,0.0,5.147,229.0,76.02,27,980.0
1999,8,21,15,30,246,123,315,134,628,485,3,22,56.04,0,0.133,0.0,5.123,229.0,76.01,27,980.0
1999,8,21,16,0,183,73,216,113,574,370,3,22,63.33,0,0.133,0.0,5.099,228.4,78.72,27,980.0
1999,8,21,16,30,92,478,251,92,478,251,0,22,70.65,0,0.133,0.0,5.07,228.4,83.49,26,980.0
1999,8,21,17,0,63,351,137,63,351,137,0,23,77.98,0,0.133,0.1,5.042,237.70000000000002,87.06,26,980.0
1999,8,21,17,30,26,146,38,26,146,38,3,23,85.31,4,0.133,0.2,5.023,237.70000000000002,92.39,25,980.0
1999,8,21,18,0,0,0,0,0,0,0,3,23,92.65,0,0.133,0.30000000000000004,5.0040000000000004,249.10000000000002,92.22,25,980.0
1999,8,21,18,30,0,0,0,0,0,0,3,23,99.98,0,0.133,0.30000000000000004,4.993,249.10000000000002,97.91,25,980.0
1999,8,21,19,0,0,0,0,0,0,0,3,23,107.3,1,0.133,0.4,4.982,265.2,95.81,25,980.0
1999,8,21,19,30,0,0,0,0,0,0,3,23,114.60000000000001,0,0.133,0.4,4.978,265.2,95.84,24,980.0
1999,8,21,20,0,0,0,0,0,0,0,3,23,121.87,0,0.133,0.4,4.9750000000000005,282.2,95.37,24,990.0
1999,8,21,20,30,0,0,0,0,0,0,3,23,129.1,0,0.133,0.4,4.973,282.2,95.39,24,990.0
1999,8,21,21,0,0,0,0,0,0,0,1,22,136.25,0,0.133,0.4,4.972,298.5,93.94,24,990.0
1999,8,21,21,30,0,0,0,0,0,0,0,22,143.3,0,0.133,0.4,4.971,298.5,93.94,24,990.0
1999,8,21,22,0,0,0,0,0,0,0,0,22,150.15,0,0.133,0.4,4.971,306.3,93.13,24,990.0
1999,8,21,22,30,0,0,0,0,0,0,3,22,156.64000000000001,0,0.133,0.30000000000000004,4.965,306.3,98.86,24,990.0
1999,8,21,23,0,0,0,0,0,0,0,3,22,162.35,0,0.133,0.30000000000000004,4.9590000000000005,297.6,97.68,24,990.0
1999,8,21,23,30,0,0,0,0,0,0,3,22,166.28,1,0.133,0.30000000000000004,4.944,297.6,97.65,23,980.0
1999,8,22,0,0,0,0,0,0,0,0,3,22,166.72,1,0.133,0.30000000000000004,4.929,277.1,96.85000000000001,23,980.0
1999,8,22,0,30,0,0,0,0,0,0,3,22,163.41,0,0.133,0.30000000000000004,4.9030000000000005,277.1,100.0,23,980.0
1999,8,22,1,0,0,0,0,0,0,0,3,22,157.97,0,0.133,0.30000000000000004,4.877,265.6,100.0,23,980.0
1999,8,22,1,30,0,0,0,0,0,0,3,22,151.61,0,0.133,0.30000000000000004,4.841,265.6,100.0,22,980.0
1999,8,22,2,0,0,0,0,0,0,0,3,22,144.81,0,0.133,0.4,4.806,260.2,100.0,22,980.0
1999,8,22,2,30,0,0,0,0,0,0,3,21,137.8,0,0.133,0.4,4.772,260.2,100.0,22,980.0
1999,8,22,3,0,0,0,0,0,0,0,3,21,130.66,0,0.133,0.4,4.738,259.0,100.0,22,980.0
1999,8,22,3,30,0,0,0,0,0,0,0,21,123.44,0,0.133,0.30000000000000004,4.711,259.0,100.0,21,980.0
1999,8,22,4,0,0,0,0,0,0,0,0,21,116.18,0,0.133,0.30000000000000004,4.684,258.6,100.0,21,980.0
1999,8,22,4,30,0,0,0,0,0,0,0,21,108.88,0,0.133,0.2,4.66,258.6,100.0,21,980.0
1999,8,22,5,0,0,0,0,0,0,0,0,21,101.56,0,0.133,0.2,4.6370000000000005,256.6,100.0,21,980.0
1999,8,22,5,30,0,0,0,0,0,0,3,21,94.23,0,0.133,0.1,4.615,256.6,100.0,21,980.0
1999,8,22,6,0,18,118,24,18,118,24,1,21,86.89,0,0.133,0.1,4.594,252.0,100.0,21,990.0
1999,8,22,6,30,53,356,118,53,356,118,0,21,79.55,0,0.133,0.0,4.5760000000000005,252.0,98.86,22,990.0
1999,8,22,7,0,75,526,235,75,526,235,0,22,72.21000000000001,0,0.133,0.0,4.558,245.4,94.14,23,990.0
1999,8,22,7,30,90,628,357,90,628,357,0,22,64.88,0,0.133,0.0,4.551,245.4,94.15,24,990.0
1999,8,22,8,0,98,712,479,98,712,479,0,21,57.57,0,0.133,0.0,4.5440000000000005,237.60000000000002,88.37,25,990.0
1999,8,22,8,30,106,760,592,106,760,592,0,21,50.29,0,0.133,0.0,4.5520000000000005,237.60000000000002,83.25,25,990.0
1999,8,22,9,0,109,804,697,109,804,697,0,21,43.06,0,0.133,0.0,4.5600000000000005,228.5,78.25,26,990.0
1999,8,22,9,30,355,369,654,114,830,787,3,21,35.910000000000004,0,0.133,0.0,4.579,228.5,78.24,26,990.0
1999,8,22,10,0,422,272,661,115,855,864,3,21,28.900000000000002,0,0.133,0.0,4.598,213.20000000000002,73.33,27,990.0
1999,8,22,10,30,118,868,922,118,868,922,1,21,22.17,0,0.133,0.0,4.626,213.20000000000002,73.3,27,990.0
1999,8,22,11,0,119,877,962,119,877,962,0,21,16.07,0,0.133,0.0,4.655,201.5,69.13,28,990.0
1999,8,22,11,30,470,70,539,120,881,984,3,21,11.66,0,0.133,0.0,4.687,201.5,69.10000000000001,28,980.0
1999,8,22,12,0,463,62,525,123,878,984,3,21,11.15,0,0.133,0.0,4.72,199.20000000000002,65.91,29,980.0
1999,8,22,12,30,122,874,967,122,874,967,0,21,14.950000000000001,0,0.133,0.0,4.755,199.20000000000002,65.87,29,980.0
1999,8,22,13,0,415,382,773,124,860,929,8,22,20.82,0,0.133,0.0,4.791,199.20000000000002,66.41,29,980.0
1999,8,22,13,30,324,454,727,122,848,874,8,22,27.46,1,0.133,0.0,4.825,199.20000000000002,70.34,29,980.0
1999,8,22,14,0,316,424,666,121,824,801,8,22,34.43,1,0.133,0.0,4.86,202.4,70.75,29,980.0
1999,8,22,14,30,183,654,673,116,799,714,8,22,41.56,1,0.133,0.0,4.885,202.4,70.73,28,980.0
1999,8,22,15,0,158,637,579,108,766,613,8,22,48.78,1,0.133,0.0,4.91,207.20000000000002,71.64,28,980.0
1999,8,22,15,30,154,571,474,100,720,502,8,22,56.06,0,0.133,0.0,4.923,207.20000000000002,75.94,27,980.0
1999,8,22,16,0,120,542,363,86,667,385,8,22,63.36,1,0.133,0.0,4.937,207.5,78.45,27,980.0
1999,8,22,16,30,88,483,248,72,576,263,8,22,70.69,1,0.133,0.0,4.95,207.5,83.2,26,980.0
1999,8,22,17,0,59,372,136,53,441,144,8,23,78.03,1,0.133,0.0,4.963,204.0,86.72,26,980.0
1999,8,22,17,30,25,175,39,25,212,42,6,23,85.37,1,0.133,0.1,4.9830000000000005,204.0,92.04,25,980.0
1999,8,22,18,0,0,0,0,0,0,0,6,23,92.72,1,0.133,0.2,5.003,208.60000000000002,98.63,25,980.0
1999,8,22,18,30,0,0,0,0,0,0,6,23,100.06,0,0.133,0.2,5.021,208.60000000000002,98.66,24,980.0
1999,8,22,19,0,0,0,0,0,0,0,6,23,107.39,1,0.133,0.2,5.039,204.8,96.94,24,980.0
1999,8,22,19,30,0,0,0,0,0,0,6,23,114.7,1,0.133,0.2,5.049,204.8,100.0,23,980.0
1999,8,22,20,0,0,0,0,0,0,0,9,23,121.98,1,0.133,0.2,5.0600000000000005,202.10000000000002,100.0,23,980.0
1999,8,22,20,30,0,0,0,0,0,0,9,23,129.22,0,0.133,0.2,5.058,202.10000000000002,100.0,23,990.0
1999,8,22,21,0,0,0,0,0,0,0,9,23,136.4,0,0.133,0.2,5.057,201.3,100.0,23,990.0
1999,8,22,21,30,0,0,0,0,0,0,6,22,143.46,0,0.133,0.2,5.053,201.3,100.0,23,990.0
1999,8,22,22,0,0,0,0,0,0,0,6,22,150.34,0,0.133,0.30000000000000004,5.049,203.5,100.0,23,990.0
1999,8,22,22,30,0,0,0,0,0,0,6,22,156.87,0,0.133,0.30000000000000004,5.041,203.5,100.0,22,990.0
1999,8,22,23,0,0,0,0,0,0,0,6,22,162.63,0,0.133,0.30000000000000004,5.034,209.20000000000002,100.0,22,980.0
1999,8,22,23,30,0,0,0,0,0,0,6,22,166.61,1,0.133,0.30000000000000004,5.0120000000000005,209.20000000000002,100.0,22,980.0
1999,8,23,0,0,0,0,0,0,0,0,6,22,167.04,1,0.133,0.30000000000000004,4.9910000000000005,219.4,100.0,22,980.0
1999,8,23,0,30,0,0,0,0,0,0,6,21,163.63,0,0.133,0.2,4.961,219.4,100.0,21,980.0
1999,8,23,1,0,0,0,0,0,0,0,7,21,158.11,0,0.133,0.2,4.932,230.60000000000002,100.0,21,980.0
1999,8,23,1,30,0,0,0,0,0,0,7,21,151.69,0,0.133,0.2,4.902,230.60000000000002,100.0,21,980.0
1999,8,23,2,0,0,0,0,0,0,0,7,21,144.86,0,0.133,0.2,4.872,236.70000000000002,100.0,21,980.0
1999,8,23,2,30,0,0,0,0,0,0,7,21,137.83,0,0.133,0.2,4.856,236.70000000000002,100.0,21,980.0
1999,8,23,3,0,0,0,0,0,0,0,7,21,130.67000000000002,0,0.133,0.2,4.84,237.70000000000002,100.0,21,980.0
1999,8,23,3,30,0,0,0,0,0,0,7,21,123.44,0,0.133,0.30000000000000004,4.84,237.70000000000002,100.0,21,980.0
1999,8,23,4,0,0,0,0,0,0,0,8,21,116.16,0,0.133,0.4,4.8420000000000005,232.8,100.0,21,980.0
1999,8,23,4,30,0,0,0,0,0,0,8,21,108.85000000000001,0,0.133,0.4,4.852,232.8,100.0,21,980.0
1999,8,23,5,0,0,0,0,0,0,0,4,21,101.52,0,0.133,0.5,4.862,220.10000000000002,100.0,21,980.0
1999,8,23,5,30,0,0,0,0,0,0,4,21,94.18,0,0.133,0.30000000000000004,4.88,220.10000000000002,100.0,21,990.0
1999,8,23,6,0,19,88,24,19,116,25,3,21,86.83,4,0.133,0.2,4.899,200.60000000000002,100.0,21,990.0
1999,8,23,6,30,58,298,112,54,354,119,3,21,79.48,4,0.133,0.1,4.922,200.60000000000002,100.0,22,990.0
1999,8,23,7,0,89,431,221,79,504,234,7,22,72.13,0,0.133,0.0,4.946,123.0,100.0,23,990.0
1999,8,23,7,30,176,112,224,97,606,355,4,22,64.8,0,0.133,0.0,4.973,123.0,95.25,23,990.0
1999,8,23,8,0,154,546,448,107,684,475,8,22,57.480000000000004,0,0.133,0.0,5.0,121.80000000000001,90.88,24,990.0
1999,8,23,8,30,117,734,588,117,734,588,0,22,50.18,0,0.133,0.0,5.013,121.80000000000001,85.62,25,990.0
1999,8,23,9,0,123,776,691,123,776,691,0,22,42.94,0,0.133,0.0,5.026,127.5,79.93,26,990.0
1999,8,23,9,30,129,803,781,129,803,781,0,22,35.76,0,0.133,0.0,5.025,127.5,79.93,26,990.0
1999,8,23,10,0,131,827,857,131,827,857,0,21,28.73,0,0.133,0.0,5.024,136.1,78.55,26,990.0
1999,8,23,10,30,135,842,916,135,842,916,0,21,21.96,0,0.133,0.0,5.013,136.1,78.52,26,990.0
1999,8,23,11,0,134,856,958,134,856,958,0,21,15.8,0,0.133,0.0,5.003,146.5,77.13,26,990.0
1999,8,23,11,30,135,860,979,135,860,979,0,21,11.32,0,0.133,0.0,4.989,146.5,77.09,26,990.0
1999,8,23,12,0,484,85,568,133,864,982,3,21,10.84,0,0.133,0.0,4.9750000000000005,163.20000000000002,76.08,26,990.0
1999,8,23,12,30,488,113,598,132,860,965,3,21,14.76,0,0.133,0.0,4.965,163.20000000000002,76.05,26,990.0
1999,8,23,13,0,476,164,629,129,855,929,7,21,20.71,0,0.133,0.0,4.957,175.9,75.78,26,980.0
1999,8,23,13,30,172,6,178,126,842,874,6,21,27.400000000000002,0,0.133,0.0,4.953,175.9,75.75,26,980.0
1999,8,23,14,0,197,7,203,119,829,803,6,21,34.4,0,0.133,0.0,4.95,184.20000000000002,76.15,26,980.0
1999,8,23,14,30,177,5,181,114,804,716,6,21,41.56,1,0.133,0.0,4.948,184.20000000000002,80.77,26,980.0
1999,8,23,15,0,225,468,534,104,777,616,7,21,48.79,1,0.133,0.0,4.946,190.0,81.05,26,980.0
1999,8,23,15,30,202,422,437,96,732,505,7,21,56.08,0,0.133,0.0,4.942,190.0,81.04,25,980.0
1999,8,23,16,0,147,419,335,83,677,387,7,21,63.4,1,0.133,0.0,4.938,193.10000000000002,82.31,25,980.0
1999,8,23,16,30,104,378,229,70,586,264,7,21,70.74,1,0.133,0.0,4.932,193.10000000000002,87.37,24,980.0
1999,8,23,17,0,65,295,126,51,455,145,7,22,78.08,1,0.133,0.0,4.926,198.5,89.34,24,980.0
1999,8,23,17,30,26,135,36,25,220,42,3,22,85.44,1,0.133,0.0,4.917,198.5,94.9,23,980.0
1999,8,23,18,0,0,0,0,0,0,0,3,22,92.79,1,0.133,0.1,4.908,200.70000000000002,97.77,23,980.0
1999,8,23,18,30,0,0,0,0,0,0,3,22,100.14,0,0.133,0.1,4.8870000000000005,200.70000000000002,100.0,22,980.0
1999,8,23,19,0,0,0,0,0,0,0,3,22,107.48,1,0.133,0.1,4.866,207.70000000000002,100.0,22,980.0
1999,8,23,19,30,0,0,0,0,0,0,3,21,114.8,1,0.133,0.1,4.837,207.70000000000002,100.0,22,990.0
1999,8,23,20,0,0,0,0,0,0,0,3,21,122.10000000000001,1,0.133,0.1,4.808,215.9,100.0,22,990.0
1999,8,23,20,30,0,0,0,0,0,0,7,21,129.35,1,0.133,0.1,4.779,215.9,100.0,21,990.0
1999,8,23,21,0,0,0,0,0,0,0,7,21,136.54,1,0.133,0.2,4.751,222.8,100.0,21,990.0
1999,8,23,21,30,0,0,0,0,0,0,7,21,143.63,0,0.133,0.2,4.726,222.8,100.0,21,990.0
1999,8,23,22,0,0,0,0,0,0,0,7,21,150.54,1,0.133,0.30000000000000004,4.702,230.0,100.0,21,990.0
1999,8,23,22,30,0,0,0,0,0,0,7,21,157.1,0,0.133,0.30000000000000004,4.6850000000000005,230.0,100.0,21,990.0
1999,8,23,23,0,0,0,0,0,0,0,7,21,162.92000000000002,0,0.133,0.4,4.6690000000000005,241.20000000000002,100.0,21,980.0
1999,8,23,23,30,0,0,0,0,0,0,7,20,166.95000000000002,1,0.133,0.4,4.654,241.20000000000002,100.0,20,980.0
1999,8,24,0,0,0,0,0,0,0,0,7,20,167.35,1,0.133,0.4,4.639,254.8,100.0,20,980.0
1999,8,24,0,30,0,0,0,0,0,0,1,20,163.84,1,0.133,0.4,4.625,254.8,100.0,20,980.0
1999,8,24,1,0,0,0,0,0,0,0,1,20,158.25,0,0.133,0.4,4.612,266.1,100.0,20,980.0
1999,8,24,1,30,0,0,0,0,0,0,3,19,151.77,0,0.133,0.4,4.598,266.1,100.0,20,980.0
1999,8,24,2,0,0,0,0,0,0,0,3,19,144.91,0,0.133,0.4,4.5840000000000005,274.40000000000003,100.0,20,980.0
1999,8,24,2,30,0,0,0,0,0,0,4,19,137.85,0,0.133,0.30000000000000004,4.572,274.40000000000003,100.0,19,980.0
1999,8,24,3,0,0,0,0,0,0,0,4,19,130.67000000000002,0,0.133,0.30000000000000004,4.561,281.2,100.0,19,980.0
1999,8,24,3,30,0,0,0,0,0,0,4,19,123.42,0,0.133,0.2,4.548,281.2,100.0,19,980.0
1999,8,24,4,0,0,0,0,0,0,0,0,19,116.13,0,0.133,0.2,4.5360000000000005,286.2,100.0,19,980.0
1999,8,24,4,30,0,0,0,0,0,0,0,19,108.81,0,0.133,0.2,4.525,286.2,100.0,19,980.0
1999,8,24,5,0,0,0,0,0,0,0,0,19,101.48,0,0.133,0.2,4.514,288.6,100.0,19,980.0
1999,8,24,5,30,0,0,0,0,0,0,0,19,94.13,0,0.133,0.1,4.505,288.6,100.0,19,980.0
1999,8,24,6,0,18,196,29,18,196,29,0,19,86.77,0,0.133,0.1,4.496,291.6,100.0,20,980.0
1999,8,24,6,30,43,460,128,43,460,128,0,20,79.41,0,0.133,0.0,4.49,291.6,100.0,20,990.0
1999,8,24,7,0,60,608,247,60,608,247,0,20,72.05,0,0.133,0.0,4.484,292.8,97.68,21,990.0
1999,8,24,7,30,71,701,371,71,701,371,0,20,64.71000000000001,0,0.133,0.0,4.481,292.8,91.92,22,990.0
1999,8,24,8,0,80,765,492,80,765,492,0,20,57.370000000000005,0,0.133,0.0,4.479,275.3,85.48,23,990.0
1999,8,24,8,30,86,809,606,86,809,606,0,20,50.07,0,0.133,0.0,4.485,275.3,80.5,24,990.0
1999,8,24,9,0,93,840,709,93,840,709,0,20,42.81,0,0.133,0.0,4.492,252.70000000000002,74.2,25,990.0
1999,8,24,9,30,97,863,799,97,863,799,0,20,35.62,0,0.133,0.0,4.509,252.70000000000002,74.19,26,990.0
1999,8,24,10,0,102,879,874,102,879,874,0,20,28.55,0,0.133,0.0,4.527,203.3,70.73,27,990.0
1999,8,24,10,30,104,891,932,104,891,932,0,20,21.740000000000002,1,0.133,0.0,4.551,203.3,66.68,27,990.0
1999,8,24,11,0,107,896,971,107,896,971,0,20,15.530000000000001,1,0.133,0.0,4.5760000000000005,181.3,63.6,28,990.0
1999,8,24,11,30,108,900,993,108,900,993,0,20,10.98,1,0.133,0.0,4.604,181.3,63.57,28,980.0
1999,8,24,12,0,110,898,993,110,898,993,0,20,10.540000000000001,1,0.133,0.0,4.633,180.20000000000002,64.48,28,980.0
1999,8,24,12,30,110,894,975,110,894,975,0,20,14.57,0,0.133,0.0,4.666,180.20000000000002,64.46000000000001,28,980.0
1999,8,24,13,0,111,882,937,111,882,937,0,20,20.6,0,0.133,0.0,4.699,180.4,61.82,29,980.0
1999,8,24,13,30,108,870,882,108,870,882,0,20,27.34,1,0.133,0.0,4.731,180.4,65.48,29,980.0
1999,8,24,14,0,108,847,808,108,847,808,0,21,34.38,1,0.133,0.0,4.765,184.60000000000002,66.48,29,980.0
1999,8,24,14,30,103,823,720,103,823,720,8,21,41.550000000000004,1,0.133,0.0,4.79,184.60000000000002,66.47,28,980.0
1999,8,24,15,0,97,791,619,97,791,619,8,21,48.81,1,0.133,0.0,4.815,187.10000000000002,67.77,28,980.0
1999,8,24,15,30,90,747,507,90,747,507,8,21,56.11,4,0.133,0.0,4.82,187.10000000000002,71.84,27,980.0
1999,8,24,16,0,79,691,388,79,691,388,8,22,63.440000000000005,1,0.133,0.0,4.825,193.10000000000002,74.82000000000001,27,980.0
1999,8,24,16,30,67,601,265,67,601,265,8,22,70.78,1,0.133,0.0,4.819,193.10000000000002,79.35000000000001,26,980.0
1999,8,24,17,0,48,472,146,48,472,146,8,22,78.14,1,0.133,0.0,4.813,202.10000000000002,83.21000000000001,26,980.0
1999,8,24,17,30,23,236,42,23,236,42,7,22,85.5,1,0.133,0.0,4.808,202.10000000000002,88.3,25,980.0
1999,8,24,18,0,0,0,0,0,0,0,7,23,92.87,1,0.133,0.1,4.804,213.9,96.41,24,980.0
1999,8,24,18,30,0,0,0,0,0,0,7,23,100.23,0,0.133,0.1,4.8,213.9,100.0,23,980.0
1999,8,24,19,0,0,0,0,0,0,0,7,23,107.57000000000001,1,0.133,0.2,4.796,217.4,100.0,23,980.0
1999,8,24,19,30,0,0,0,0,0,0,7,23,114.9,0,0.133,0.2,4.791,217.4,100.0,23,980.0
1999,8,24,20,0,0,0,0,0,0,0,7,23,122.21000000000001,0,0.133,0.2,4.787,223.8,100.0,23,980.0
1999,8,24,20,30,0,0,0,0,0,0,4,22,129.48,0,0.133,0.2,4.779,223.8,100.0,22,990.0
1999,8,24,21,0,0,0,0,0,0,0,4,22,136.68,0,0.133,0.30000000000000004,4.771,228.60000000000002,100.0,22,990.0
1999,8,24,21,30,0,0,0,0,0,0,7,22,143.79,0,0.133,0.30000000000000004,4.767,228.60000000000002,100.0,22,990.0
1999,8,24,22,0,0,0,0,0,0,0,7,22,150.73,0,0.133,0.4,4.764,231.0,100.0,22,990.0
1999,8,24,22,30,0,0,0,0,0,0,7,21,157.33,0,0.133,0.4,4.758,231.0,100.0,22,990.0
1999,8,24,23,0,0,0,0,0,0,0,7,21,163.21,0,0.133,0.4,4.753,231.8,100.0,22,990.0
1999,8,24,23,30,0,0,0,0,0,0,7,21,167.3,1,0.133,0.4,4.742,231.8,100.0,21,990.0
1999,8,25,0,0,0,0,0,0,0,0,7,21,167.67000000000002,1,0.133,0.4,4.732,230.60000000000002,100.0,21,980.0
1999,8,25,0,30,0,0,0,0,0,0,6,21,164.06,1,0.133,0.4,4.723,230.60000000000002,100.0,21,980.0
1999,8,25,1,0,0,0,0,0,0,0,6,21,158.37,0,0.133,0.4,4.715,228.3,100.0,21,980.0
1999,8,25,1,30,0,0,0,0,0,0,7,20,151.85,0,0.133,0.30000000000000004,4.71,228.3,100.0,21,980.0
1999,8,25,2,0,0,0,0,0,0,0,6,20,144.95000000000002,0,0.133,0.30000000000000004,4.706,226.0,100.0,21,980.0
1999,8,25,2,30,0,0,0,0,0,0,6,20,137.87,0,0.133,0.30000000000000004,4.711,226.0,100.0,20,980.0
1999,8,25,3,0,0,0,0,0,0,0,8,20,130.67000000000002,0,0.133,0.30000000000000004,4.7170000000000005,225.70000000000002,100.0,20,980.0
1999,8,25,3,30,0,0,0,0,0,0,8,20,123.41,0,0.133,0.30000000000000004,4.7250000000000005,225.70000000000002,100.0,20,980.0
1999,8,25,4,0,0,0,0,0,0,0,8,20,116.11,0,0.133,0.30000000000000004,4.734,228.3,100.0,20,980.0
1999,8,25,4,30,0,0,0,0,0,0,3,20,108.78,0,0.133,0.30000000000000004,4.741,228.3,100.0,20,980.0
1999,8,25,5,0,0,0,0,0,0,0,1,20,101.43,0,0.133,0.30000000000000004,4.749,233.10000000000002,100.0,20,980.0
1999,8,25,5,30,0,0,0,0,0,0,1,20,94.07000000000001,0,0.133,0.2,4.758,233.10000000000002,100.0,20,990.0
1999,8,25,6,0,8,0,8,18,196,29,3,20,86.7,4,0.133,0.1,4.768,236.9,100.0,21,990.0
1999,8,25,6,30,34,0,34,44,457,128,4,21,79.34,0,0.133,0.0,4.784,236.9,100.0,21,990.0
1999,8,25,7,0,52,0,52,61,603,247,4,22,71.97,0,0.133,0.0,4.8,246.8,100.0,22,990.0
1999,8,25,7,30,88,0,88,72,696,371,4,22,64.62,0,0.133,0.0,4.827,246.8,94.43,23,990.0
1999,8,25,8,0,194,19,205,83,753,490,4,22,57.27,0,0.133,0.0,4.855,222.9,89.98,25,990.0
1999,8,25,8,30,294,185,413,90,798,604,4,22,49.96,0,0.133,0.0,4.891,222.9,84.77,26,990.0
1999,8,25,9,0,348,133,446,101,819,704,4,21,42.68,0,0.133,0.0,4.9270000000000005,193.9,72.57000000000001,27,990.0
1999,8,25,9,30,391,241,588,106,844,794,4,21,35.47,0,0.133,0.0,4.968,193.9,72.56,27,990.0
1999,8,25,10,0,355,455,756,119,848,865,7,21,28.38,0,0.133,0.0,5.011,187.20000000000002,68.48,28,990.0
1999,8,25,10,30,122,861,923,122,861,923,0,21,21.53,0,0.133,0.0,5.057,187.20000000000002,68.45,28,990.0
1999,8,25,11,0,473,84,555,134,854,959,6,21,15.26,0,0.133,0.0,5.104,189.10000000000002,65.6,29,990.0
1999,8,25,11,30,305,16,322,136,859,980,6,21,10.64,0,0.133,0.0,5.151,189.10000000000002,65.56,29,980.0
1999,8,25,12,0,383,26,409,148,841,977,6,22,10.23,0,0.133,0.0,5.198,189.5,66.63,29,980.0
1999,8,25,12,30,436,48,483,148,837,959,6,22,14.39,0,0.133,0.0,5.246,189.5,66.59,29,980.0
1999,8,25,13,0,158,810,917,158,810,917,1,22,20.5,0,0.133,0.0,5.295,186.4,68.17,29,980.0
1999,8,25,13,30,394,375,728,154,795,862,8,22,27.29,0,0.133,0.0,5.337,186.4,72.21000000000001,28,980.0
1999,8,25,14,0,405,142,523,147,778,790,6,23,34.36,0,0.133,0.0,5.38,185.8,74.94,28,980.0
1999,8,25,14,30,22,0,22,140,750,702,6,23,41.550000000000004,0,0.133,0.0,5.409,185.8,79.42,27,980.0
1999,8,25,15,0,206,9,212,127,723,603,6,23,48.82,0,0.133,0.0,5.439,177.0,83.59,27,980.0
1999,8,25,15,30,239,81,284,116,674,492,6,23,56.14,0,0.133,0.0,5.4510000000000005,177.0,88.65,26,980.0
1999,8,25,16,0,179,58,205,98,621,376,6,24,63.480000000000004,0,0.133,0.1,5.463,177.70000000000002,92.55,26,980.0
1999,8,25,16,30,119,271,208,82,525,254,7,24,70.83,0,0.133,0.1,5.458,177.70000000000002,98.21000000000001,25,980.0
1999,8,25,17,0,70,207,113,56,400,138,7,25,78.2,3,0.133,0.2,5.454,182.5,100.0,25,980.0
1999,8,25,17,30,25,73,31,25,174,38,7,25,85.57000000000001,4,0.133,0.2,5.4430000000000005,182.5,100.0,25,980.0
1999,8,25,18,0,0,0,0,0,0,0,7,24,92.94,0,0.133,0.30000000000000004,5.433,186.10000000000002,96.56,25,980.0
1999,8,25,18,30,0,0,0,0,0,0,8,24,100.31,0,0.133,0.30000000000000004,5.423,186.10000000000002,100.0,24,980.0
1999,8,25,19,0,0,0,0,0,0,0,8,24,107.67,1,0.133,0.4,5.413,190.3,100.0,24,980.0
1999,8,25,19,30,0,0,0,0,0,0,7,24,115.01,0,0.133,0.4,5.41,190.3,100.0,24,980.0
1999,8,25,20,0,0,0,0,0,0,0,7,23,122.33,0,0.133,0.4,5.408,193.0,99.35000000000001,24,980.0
1999,8,25,20,30,0,0,0,0,0,0,7,23,129.61,0,0.133,0.30000000000000004,5.41,193.0,100.0,23,990.0
1999,8,25,21,0,0,0,0,0,0,0,7,23,136.83,0,0.133,0.30000000000000004,5.413,194.5,100.0,23,990.0
1999,8,25,21,30,0,0,0,0,0,0,7,23,143.96,0,0.133,0.30000000000000004,5.416,194.5,100.0,23,990.0
1999,8,25,22,0,0,0,0,0,0,0,8,23,150.92000000000002,0,0.133,0.30000000000000004,5.4190000000000005,195.10000000000002,100.0,23,990.0
1999,8,25,22,30,0,0,0,0,0,0,8,22,157.57,0,0.133,0.2,5.422,195.10000000000002,100.0,22,990.0
1999,8,25,23,0,0,0,0,0,0,0,7,22,163.5,0,0.133,0.2,5.425,196.0,100.0,22,980.0
1999,8,25,23,30,0,0,0,0,0,0,7,22,167.64000000000001,1,0.133,0.2,5.4270000000000005,196.0,100.0,22,980.0
1999,8,26,0,0,0,0,0,0,0,0,7,22,167.98,1,0.133,0.2,5.429,199.5,100.0,22,980.0
1999,8,26,0,30,0,0,0,0,0,0,6,22,164.26,1,0.133,0.1,5.437,199.5,100.0,22,980.0
1999,8,26,1,0,0,0,0,0,0,0,6,22,158.5,0,0.133,0.1,5.445,207.70000000000002,100.0,22,980.0
1999,8,26,1,30,0,0,0,0,0,0,6,22,151.93,0,0.133,0.1,5.457,207.70000000000002,100.0,22,980.0
1999,8,26,2,0,0,0,0,0,0,0,6,22,144.99,0,0.133,0.1,5.469,215.8,100.0,22,980.0
1999,8,26,2,30,0,0,0,0,0,0,6,21,137.88,0,0.133,0.1,5.479,215.8,100.0,22,980.0
1999,8,26,3,0,0,0,0,0,0,0,6,21,130.67000000000002,0,0.133,0.1,5.489,225.10000000000002,100.0,22,980.0
1999,8,26,3,30,0,0,0,0,0,0,6,21,123.39,0,0.133,0.1,5.493,225.10000000000002,100.0,22,980.0
1999,8,26,4,0,0,0,0,0,0,0,6,21,116.08,0,0.133,0.1,5.497,236.10000000000002,100.0,22,980.0
1999,8,26,4,30,0,0,0,0,0,0,6,21,108.74000000000001,0,0.133,0.1,5.49,236.10000000000002,100.0,21,980.0
1999,8,26,5,0,0,0,0,0,0,0,6,21,101.38,0,0.133,0.1,5.4830000000000005,245.5,100.0,21,990.0
1999,8,26,5,30,0,0,0,0,0,0,6,21,94.01,0,0.133,0.0,5.4830000000000005,245.5,100.0,21,990.0
1999,8,26,6,0,1,0,1,19,127,27,6,22,86.64,4,0.133,0.0,5.4830000000000005,246.8,100.0,22,990.0
1999,8,26,6,30,5,0,5,54,364,122,6,22,79.26,0,0.133,0.0,5.508,246.8,100.0,22,990.0
1999,8,26,7,0,4,0,4,80,507,237,8,23,71.89,0,0.133,0.0,5.533,233.9,100.0,23,990.0
1999,8,26,7,30,6,0,6,97,608,359,8,23,64.52,1,0.133,0.0,5.5600000000000005,233.9,100.0,23,990.0
1999,8,26,8,0,9,0,9,114,669,477,8,23,57.17,1,0.133,0.0,5.587,214.60000000000002,100.0,24,990.0
1999,8,26,8,30,207,11,215,124,721,589,8,23,49.84,1,0.133,0.0,5.571,214.60000000000002,100.0,24,990.0
1999,8,26,9,0,241,16,253,127,769,693,8,24,42.550000000000004,1,0.133,0.0,5.556,232.10000000000002,100.0,24,990.0
1999,8,26,9,30,273,16,286,133,796,783,8,24,35.32,0,0.133,0.0,5.529,232.10000000000002,100.0,24,990.0
1999,8,26,10,0,295,21,314,131,826,860,8,24,28.21,1,0.133,0.0,5.5040000000000004,229.70000000000002,100.0,24,990.0
1999,8,26,10,30,313,23,335,135,840,918,8,24,21.32,1,0.133,0.0,5.497,229.70000000000002,100.0,24,990.0
1999,8,26,11,0,326,24,350,135,853,959,8,23,14.99,1,0.133,0.0,5.4910000000000005,221.0,93.07000000000001,25,990.0
1999,8,26,11,30,316,541,849,136,857,980,8,23,10.3,1,0.133,0.0,5.482,221.0,93.02,25,990.0
1999,8,26,12,0,317,542,851,134,860,982,8,23,9.92,1,0.133,0.0,5.474,206.3,90.93,25,990.0
1999,8,26,12,30,423,425,836,133,857,964,8,23,14.21,0,0.133,0.0,5.454,206.3,90.89,25,980.0
1999,8,26,13,0,298,540,805,126,856,929,8,23,20.41,1,0.133,0.0,5.434,192.20000000000002,90.27,25,980.0
1999,8,26,13,30,281,535,757,123,843,874,8,23,27.25,1,0.133,0.0,5.405,192.20000000000002,90.24,25,980.0
1999,8,26,14,0,261,527,697,114,835,804,8,23,34.34,1,0.133,0.0,5.376,179.0,90.71000000000001,25,980.0
1999,8,26,14,30,109,811,716,109,811,716,1,23,41.56,1,0.133,0.0,5.338,179.0,90.69,25,980.0
1999,8,26,15,0,99,787,617,99,787,617,1,23,48.84,1,0.133,0.0,5.301,169.70000000000002,91.85000000000001,25,980.0
1999,8,26,15,30,91,742,505,91,742,505,1,23,56.17,0,0.133,0.0,5.264,169.70000000000002,97.48,25,980.0
1999,8,26,16,0,79,687,386,79,687,386,1,23,63.52,1,0.133,0.0,5.228,145.9,99.34,25,980.0
1999,8,26,16,30,67,597,263,67,597,263,1,23,70.89,1,0.133,0.0,5.199,145.9,99.35000000000001,24,980.0
1999,8,26,17,0,49,463,143,49,463,143,1,24,78.26,1,0.133,0.1,5.172,128.20000000000002,100.0,24,980.0
1999,8,26,17,30,23,223,40,23,223,40,7,23,85.64,1,0.133,0.1,5.154,128.20000000000002,100.0,24,980.0
1999,8,26,18,0,0,0,0,0,0,0,7,23,93.02,1,0.133,0.2,5.138,132.70000000000002,100.0,24,980.0
1999,8,26,18,30,0,0,0,0,0,0,7,23,100.4,0,0.133,0.2,5.122,132.70000000000002,100.0,23,980.0
1999,8,26,19,0,0,0,0,0,0,0,7,23,107.76,1,0.133,0.2,5.106,146.1,100.0,23,990.0
1999,8,26,19,30,0,0,0,0,0,0,7,23,115.11,1,0.133,0.2,5.085,146.1,100.0,23,990.0
1999,8,26,20,0,0,0,0,0,0,0,4,23,122.44,1,0.133,0.30000000000000004,5.065,169.3,100.0,23,990.0
1999,8,26,20,30,0,0,0,0,0,0,4,23,129.73,0,0.133,0.30000000000000004,5.039,169.3,100.0,23,990.0
1999,8,26,21,0,0,0,0,0,0,0,4,23,136.97,0,0.133,0.30000000000000004,5.013,189.70000000000002,100.0,23,990.0
1999,8,26,21,30,0,0,0,0,0,0,3,23,144.12,0,0.133,0.30000000000000004,4.986,189.70000000000002,100.0,23,990.0
1999,8,26,22,0,0,0,0,0,0,0,4,22,151.11,0,0.133,0.30000000000000004,4.96,208.70000000000002,95.72,23,990.0
1999,8,26,22,30,0,0,0,0,0,0,4,22,157.8,0,0.133,0.30000000000000004,4.932,208.70000000000002,100.0,23,990.0
1999,8,26,23,0,0,0,0,0,0,0,7,21,163.79,0,0.133,0.30000000000000004,4.905,228.20000000000002,99.56,23,990.0
1999,8,26,23,30,0,0,0,0,0,0,7,21,167.99,1,0.133,0.30000000000000004,4.8790000000000004,228.20000000000002,99.51,22,980.0
1999,8,27,0,0,0,0,0,0,0,0,7,21,168.3,1,0.133,0.30000000000000004,4.853,224.9,98.75,22,980.0
1999,8,27,0,30,0,0,0,0,0,0,7,21,164.47,1,0.133,0.30000000000000004,4.828,224.9,98.71000000000001,22,980.0
1999,8,27,1,0,0,0,0,0,0,0,7,21,158.62,0,0.133,0.4,4.804,207.5,97.81,22,980.0
1999,8,27,1,30,0,0,0,0,0,0,7,21,151.99,0,0.133,0.4,4.784,207.5,100.0,21,980.0
1999,8,27,2,0,0,0,0,0,0,0,7,21,145.03,0,0.133,0.5,4.764,191.60000000000002,100.0,21,980.0
1999,8,27,2,30,0,0,0,0,0,0,3,21,137.89000000000001,0,0.133,0.4,4.749,191.60000000000002,100.0,21,980.0
1999,8,27,3,0,0,0,0,0,0,0,3,21,130.66,0,0.133,0.4,4.734,182.3,100.0,21,980.0
1999,8,27,3,30,0,0,0,0,0,0,3,20,123.37,0,0.133,0.4,4.724,182.3,100.0,20,980.0
1999,8,27,4,0,0,0,0,0,0,0,4,20,116.05,0,0.133,0.4,4.715,180.3,100.0,20,980.0
1999,8,27,4,30,0,0,0,0,0,0,3,20,108.7,0,0.133,0.4,4.711,180.3,100.0,20,980.0
1999,8,27,5,0,0,0,0,0,0,0,0,20,101.33,0,0.133,0.4,4.708,181.5,100.0,20,980.0
1999,8,27,5,30,0,0,0,0,0,0,3,20,93.95,0,0.133,0.30000000000000004,4.707,181.5,100.0,20,990.0
1999,8,27,6,0,19,0,19,19,192,30,3,21,86.57000000000001,4,0.133,0.2,4.707,181.3,100.0,21,990.0
1999,8,27,6,30,67,79,82,45,451,130,3,21,79.19,0,0.133,0.1,4.712,181.3,95.61,22,990.0
1999,8,27,7,0,62,604,250,62,604,250,0,21,71.8,0,0.133,0.0,4.718,176.5,93.91,23,990.0
1999,8,27,7,30,74,697,374,74,697,374,0,21,64.43,0,0.133,0.0,4.731,176.5,88.47,24,990.0
1999,8,27,8,0,81,763,496,81,763,496,0,22,57.07,0,0.133,0.0,4.745,171.10000000000002,83.63,25,990.0
1999,8,27,8,30,88,807,610,88,807,610,0,22,49.730000000000004,1,0.133,0.0,4.765,171.10000000000002,83.63,26,990.0
1999,8,27,9,0,275,426,590,93,840,713,3,21,42.42,1,0.133,0.0,4.785,155.9,77.74,27,990.0
1999,8,27,9,30,355,379,665,98,863,804,3,21,35.18,0,0.133,0.0,4.813,155.9,73.29,27,990.0
1999,8,27,10,0,318,462,726,101,880,878,3,21,28.04,1,0.133,0.0,4.841,143.1,68.69,28,990.0
1999,8,27,10,30,330,476,774,104,892,936,3,21,21.12,1,0.133,0.0,4.877,143.1,68.66,28,990.0
1999,8,27,11,0,339,483,807,107,897,975,3,21,14.73,1,0.133,0.0,4.913,138.8,69.43,28,990.0
1999,8,27,11,30,461,235,693,108,901,996,3,21,9.950000000000001,1,0.133,0.0,4.95,138.8,69.39,28,990.0
1999,8,27,12,0,461,234,692,112,896,996,3,22,9.620000000000001,1,0.133,0.0,4.988,138.4,66.39,29,980.0
1999,8,27,12,30,499,185,680,111,892,977,3,22,14.040000000000001,0,0.133,0.0,5.025,138.4,70.31,29,980.0
1999,8,27,13,0,437,230,653,111,882,939,3,22,20.32,1,0.133,0.0,5.062,138.3,71.01,29,980.0
1999,8,27,13,30,412,227,614,109,870,882,3,22,27.2,1,0.133,0.0,5.1000000000000005,138.3,70.98,28,980.0
1999,8,27,14,0,378,224,563,103,855,810,3,22,34.33,1,0.133,0.0,5.139,139.20000000000002,72.42,28,980.0
1999,8,27,14,30,337,219,502,99,831,721,8,22,41.56,1,0.133,0.0,5.168,139.20000000000002,72.41,28,980.0
1999,8,27,15,0,286,83,340,90,806,621,8,23,48.870000000000005,1,0.133,0.0,5.198,139.3,74.57000000000001,28,980.0
1999,8,27,15,30,234,79,278,84,763,508,8,23,56.2,3,0.133,0.0,5.216,139.3,79.04,27,980.0
1999,8,27,16,0,180,74,213,73,708,388,8,23,63.57,1,0.133,0.0,5.234,134.4,81.71000000000001,27,980.0
1999,8,27,16,30,125,60,145,62,620,265,8,23,70.94,0,0.133,0.0,5.2410000000000005,134.4,86.67,27,980.0
1999,8,27,17,0,64,290,123,45,492,145,7,24,78.33,0,0.133,0.1,5.248,124.0,90.49,27,980.0
1999,8,27,17,30,24,144,34,22,248,41,7,24,85.71000000000001,4,0.133,0.1,5.255,124.0,96.04,26,980.0
1999,8,27,18,0,0,0,0,0,0,0,8,24,93.10000000000001,0,0.133,0.2,5.2620000000000005,97.9,95.52,26,980.0
1999,8,27,18,30,0,0,0,0,0,0,7,24,100.49000000000001,0,0.133,0.2,5.266,97.9,95.55,25,980.0
1999,8,27,19,0,0,0,0,0,0,0,7,23,107.86,1,0.133,0.30000000000000004,5.272,83.2,93.66,25,980.0
1999,8,27,19,30,0,0,0,0,0,0,7,23,115.22,1,0.133,0.30000000000000004,5.273,83.2,99.44,24,980.0
1999,8,27,20,0,0,0,0,0,0,0,7,23,122.56,1,0.133,0.30000000000000004,5.275,76.2,97.75,24,990.0
1999,8,27,20,30,0,0,0,0,0,0,7,23,129.86,1,0.133,0.30000000000000004,5.276,76.2,100.0,23,990.0
1999,8,27,21,0,0,0,0,0,0,0,7,23,137.12,1,0.133,0.30000000000000004,5.277,73.8,100.0,23,990.0
1999,8,27,21,30,0,0,0,0,0,0,7,23,144.29,0,0.133,0.30000000000000004,5.267,73.8,100.0,23,990.0
1999,8,27,22,0,0,0,0,0,0,0,7,23,151.31,1,0.133,0.30000000000000004,5.258,71.0,100.0,23,990.0
1999,8,27,22,30,0,0,0,0,0,0,7,22,158.03,1,0.133,0.2,5.238,71.0,100.0,23,990.0
1999,8,27,23,0,0,0,0,0,0,0,7,22,164.08,1,0.133,0.2,5.219,67.8,100.0,23,980.0
1999,8,27,23,30,0,0,0,0,0,0,7,22,168.35,1,0.133,0.2,5.191,67.8,100.0,22,980.0
1999,8,28,0,0,0,0,0,0,0,0,7,22,168.61,1,0.133,0.2,5.164,62.400000000000006,100.0,22,980.0
1999,8,28,0,30,0,0,0,0,0,0,7,22,164.66,1,0.133,0.2,5.134,62.400000000000006,100.0,22,980.0
1999,8,28,1,0,0,0,0,0,0,0,4,22,158.74,1,0.133,0.30000000000000004,5.104,52.400000000000006,100.0,22,980.0
1999,8,28,1,30,0,0,0,0,0,0,4,21,152.06,1,0.133,0.30000000000000004,5.078,52.400000000000006,100.0,22,980.0
1999,8,28,2,0,0,0,0,0,0,0,4,21,145.06,1,0.133,0.30000000000000004,5.053,39.300000000000004,100.0,22,980.0
1999,8,28,2,30,0,0,0,0,0,0,4,21,137.9,1,0.133,0.30000000000000004,5.031,39.300000000000004,100.0,21,980.0
1999,8,28,3,0,0,0,0,0,0,0,4,21,130.66,1,0.133,0.30000000000000004,5.01,24.8,100.0,21,980.0
1999,8,28,3,30,0,0,0,0,0,0,4,21,123.35000000000001,0,0.133,0.30000000000000004,5.001,24.8,100.0,21,980.0
1999,8,28,4,0,0,0,0,0,0,0,4,21,116.02,1,0.133,0.30000000000000004,4.993,12.4,100.0,21,980.0
1999,8,28,4,30,0,0,0,0,0,0,7,21,108.65,0,0.133,0.2,4.992,12.4,100.0,21,980.0
1999,8,28,5,0,0,0,0,0,0,0,7,21,101.28,0,0.133,0.2,4.9910000000000005,3.6,100.0,21,980.0
1999,8,28,5,30,0,0,0,0,0,0,7,21,93.89,0,0.133,0.1,4.992,3.6,100.0,21,980.0
1999,8,28,6,0,20,1,21,19,231,33,7,22,86.5,4,0.133,0.0,4.993,0.0,100.0,22,980.0
1999,8,28,6,30,68,90,85,42,493,135,7,22,79.11,0,0.133,0.0,4.989,0.0,97.27,23,980.0
1999,8,28,7,0,107,5,108,55,645,257,7,22,71.72,0,0.133,0.0,4.985,4.2,92.94,24,990.0
1999,8,28,7,30,154,17,161,64,733,382,7,22,64.34,1,0.133,0.0,4.977,4.2,87.58,25,990.0
1999,8,28,8,0,200,24,213,70,795,504,7,22,56.96,1,0.133,0.0,4.97,6.6000000000000005,81.51,26,990.0
1999,8,28,8,30,238,25,254,76,836,618,6,22,49.61,1,0.133,0.0,4.963,6.6000000000000005,81.51,26,990.0
1999,8,28,9,0,276,28,297,79,867,721,6,22,42.29,1,0.133,0.0,4.956,22.0,75.96000000000001,27,990.0
1999,8,28,9,30,313,26,334,83,889,811,6,22,35.03,0,0.133,0.0,4.958,22.0,75.94,27,990.0
1999,8,28,10,0,337,32,365,86,905,886,6,22,27.87,1,0.133,0.0,4.96,58.900000000000006,72.28,28,990.0
1999,8,28,10,30,358,33,389,88,917,944,6,22,20.91,1,0.133,0.0,4.9750000000000005,58.900000000000006,72.25,28,990.0
1999,8,28,11,0,372,33,405,90,922,983,6,22,14.46,1,0.133,0.0,4.99,96.30000000000001,69.56,29,990.0
1999,8,28,11,30,363,456,813,91,926,1004,8,22,9.6,1,0.133,0.0,5.0120000000000005,96.30000000000001,69.53,29,980.0
1999,8,28,12,0,364,456,814,92,924,1005,8,23,9.31,1,0.133,0.0,5.034,115.5,70.74,29,980.0
1999,8,28,12,30,449,359,799,91,921,986,8,23,13.88,0,0.133,0.0,5.061,115.5,70.7,29,980.0
1999,8,28,13,0,354,441,768,91,913,948,8,23,20.240000000000002,1,0.133,0.0,5.089,125.9,72.13,29,980.0
1999,8,28,13,30,344,425,722,89,902,892,8,23,27.17,1,0.133,0.0,5.112,125.9,72.11,29,980.0
1999,8,28,14,0,318,417,663,84,889,819,8,23,34.32,1,0.133,0.0,5.135,134.70000000000002,73.32000000000001,29,980.0
1999,8,28,14,30,81,867,730,81,867,730,0,23,41.58,1,0.133,0.0,5.1450000000000005,134.70000000000002,77.67,28,980.0
1999,8,28,15,0,75,841,628,75,841,628,0,23,48.89,1,0.133,0.0,5.155,143.0,78.89,28,980.0
1999,8,28,15,30,70,801,515,70,801,515,0,23,56.24,0,0.133,0.0,5.148,143.0,78.89,28,980.0
1999,8,28,16,0,62,748,395,62,748,395,0,24,63.620000000000005,1,0.133,0.0,5.142,125.80000000000001,80.77,28,980.0
1999,8,28,16,30,53,666,270,53,666,270,0,24,71.0,1,0.133,0.0,5.127,125.80000000000001,85.64,27,980.0
1999,8,28,17,0,40,535,148,40,535,148,0,25,78.39,1,0.133,0.1,5.113,136.3,89.15,27,980.0
1999,8,28,17,30,21,288,42,21,288,42,1,25,85.79,1,0.133,0.2,5.1000000000000005,136.3,94.57000000000001,26,980.0
1999,8,28,18,0,0,0,0,0,0,0,1,24,93.18,1,0.133,0.30000000000000004,5.087,139.1,91.22,26,980.0
1999,8,28,18,30,0,0,0,0,0,0,1,24,100.58,0,0.133,0.30000000000000004,5.0840000000000005,139.1,96.81,25,980.0
1999,8,28,19,0,0,0,0,0,0,0,1,24,107.96000000000001,1,0.135,0.4,5.081,130.8,94.86,25,980.0
1999,8,28,19,30,0,0,0,0,0,0,1,24,115.33,1,0.135,0.4,5.087,130.8,94.9,25,980.0
1999,8,28,20,0,0,0,0,0,0,0,1,23,122.68,1,0.135,0.5,5.093,120.0,93.54,25,980.0
1999,8,28,20,30,0,0,0,0,0,0,7,23,129.99,1,0.135,0.5,5.103,120.0,99.3,25,980.0
1999,8,28,21,0,0,0,0,0,0,0,7,23,137.26,1,0.135,0.5,5.114,110.2,98.36,25,990.0
1999,8,28,21,30,0,0,0,0,0,0,7,23,144.45000000000002,0,0.135,0.4,5.122,110.2,98.36,24,990.0
1999,8,28,22,0,0,0,0,0,0,0,7,23,151.5,1,0.135,0.4,5.131,101.4,97.56,24,990.0
1999,8,28,22,30,0,0,0,0,0,0,7,23,158.26,1,0.135,0.4,5.13,101.4,97.53,24,980.0
1999,8,28,23,0,0,0,0,0,0,0,7,23,164.37,1,0.135,0.4,5.1290000000000004,94.80000000000001,96.92,24,980.0
1999,8,28,23,30,0,0,0,0,0,0,7,23,168.70000000000002,1,0.135,0.30000000000000004,5.124,94.80000000000001,96.87,24,980.0
1999,8,29,0,0,0,0,0,0,0,0,7,23,168.93,1,0.135,0.30000000000000004,5.119,86.4,96.32000000000001,24,980.0
1999,8,29,0,30,0,0,0,0,0,0,7,23,164.86,1,0.135,0.30000000000000004,5.112,86.4,100.0,24,980.0
1999,8,29,1,0,0,0,0,0,0,0,7,23,158.84,1,0.135,0.30000000000000004,5.106,85.9,100.0,24,980.0
1999,8,29,1,30,0,0,0,0,0,0,7,23,152.12,0,0.135,0.2,5.096,85.9,100.0,23,980.0
1999,8,29,2,0,0,0,0,0,0,0,7,23,145.09,0,0.135,0.2,5.087,94.9,100.0,23,980.0
1999,8,29,2,30,0,0,0,0,0,0,7,23,137.91,0,0.135,0.2,5.081,94.9,100.0,23,980.0
1999,8,29,3,0,0,0,0,0,0,0,7,23,130.64000000000001,0,0.135,0.2,5.0760000000000005,106.7,100.0,23,980.0
1999,8,29,3,30,0,0,0,0,0,0,0,23,123.33,0,0.135,0.1,5.074,106.7,100.0,23,980.0
1999,8,29,4,0,0,0,0,0,0,0,7,22,115.98,0,0.135,0.1,5.073,126.0,99.72,23,980.0
1999,8,29,4,30,0,0,0,0,0,0,3,22,108.61,0,0.135,0.1,5.079,126.0,99.75,23,980.0
1999,8,29,5,0,0,0,0,0,0,0,3,22,101.22,0,0.135,0.1,5.086,180.4,99.16,23,980.0
1999,8,29,5,30,0,0,0,0,0,0,3,22,93.83,0,0.135,0.1,5.104,180.4,99.19,23,980.0
1999,8,29,6,0,18,0,18,19,246,34,7,23,86.43,4,0.135,0.1,5.122,214.70000000000002,100.0,23,980.0
1999,8,29,6,30,66,30,72,41,508,137,3,23,79.03,0,0.135,0.0,5.149,214.70000000000002,100.0,23,990.0
1999,8,29,7,0,101,372,218,55,646,259,8,23,71.63,0,0.135,0.0,5.176,112.4,100.0,23,990.0
1999,8,29,7,30,175,233,276,65,733,383,8,23,64.24,0,0.135,0.0,5.208,112.4,100.0,24,990.0
1999,8,29,8,0,239,114,302,71,793,505,8,24,56.86,0,0.135,0.1,5.24,58.2,100.0,25,990.0
1999,8,29,8,30,291,247,452,77,834,619,8,24,49.5,0,0.135,0.1,5.264,58.2,100.0,25,990.0
1999,8,29,9,0,349,110,431,85,857,721,8,25,42.17,0,0.135,0.1,5.289,52.300000000000004,100.0,26,990.0
1999,8,29,9,30,399,121,498,89,879,811,7,25,34.88,0,0.135,0.0,5.308,52.300000000000004,100.0,26,990.0
1999,8,29,10,0,128,0,128,93,894,885,6,24,27.7,0,0.135,0.0,5.328,102.30000000000001,92.59,26,990.0
1999,8,29,10,30,148,3,151,95,906,942,8,24,20.7,0,0.135,0.0,5.368,102.30000000000001,92.56,26,990.0
1999,8,29,11,0,436,47,482,97,911,981,8,23,14.19,0,0.135,0.0,5.409,155.9,83.47,27,990.0
1999,8,29,11,30,432,60,492,98,915,1001,8,23,9.25,1,0.135,0.0,5.455,155.9,83.42,27,980.0
1999,8,29,12,0,435,62,497,99,913,1001,8,23,9.01,1,0.135,0.0,5.502,169.60000000000002,80.65,27,980.0
1999,8,29,12,30,440,49,488,99,909,982,8,23,13.72,0,0.135,0.0,5.549,169.60000000000002,80.62,27,980.0
1999,8,29,13,0,411,61,469,98,900,944,8,23,20.16,1,0.135,0.0,5.597,169.70000000000002,82.71000000000001,27,980.0
1999,8,29,13,30,387,60,441,96,889,887,8,23,27.14,1,0.135,0.0,5.626,169.70000000000002,82.69,27,980.0
1999,8,29,14,0,355,59,404,92,873,814,8,24,34.31,1,0.135,0.0,5.655,162.10000000000002,84.73,27,980.0
1999,8,29,14,30,322,288,538,89,851,726,8,24,41.59,1,0.135,0.0,5.655,162.10000000000002,89.84,26,980.0
1999,8,29,15,0,277,283,463,82,824,624,8,24,48.92,1,0.135,0.0,5.656,163.10000000000002,91.53,26,980.0
1999,8,29,15,30,236,257,379,76,783,511,8,24,56.28,0,0.135,0.0,5.619,163.10000000000002,97.10000000000001,26,980.0
1999,8,29,16,0,172,266,290,67,730,391,8,24,63.67,1,0.135,0.0,5.582,163.0,98.96000000000001,26,980.0
1999,8,29,16,30,117,248,198,57,645,267,8,24,71.06,1,0.135,0.0,5.532,163.0,98.97,25,980.0
1999,8,29,17,0,68,201,108,42,517,146,8,25,78.46000000000001,1,0.135,0.1,5.482,161.8,100.0,25,980.0
1999,8,29,17,30,23,89,30,21,268,41,7,24,85.86,1,0.135,0.1,5.438,161.8,100.0,24,980.0
1999,8,29,18,0,0,0,0,0,0,0,7,24,93.27,1,0.135,0.2,5.3950000000000005,146.8,100.0,24,980.0
1999,8,29,18,30,0,0,0,0,0,0,7,24,100.67,0,0.135,0.2,5.361,146.8,100.0,24,980.0
1999,8,29,19,0,0,0,0,0,0,0,7,24,108.06,1,0.135,0.30000000000000004,5.327,141.20000000000002,100.0,24,980.0
1999,8,29,19,30,0,0,0,0,0,0,7,24,115.44,1,0.135,0.30000000000000004,5.301,141.20000000000002,100.0,24,980.0
1999,8,29,20,0,0,0,0,0,0,0,7,24,122.8,1,0.135,0.4,5.275,145.8,100.0,24,980.0
1999,8,29,20,30,0,0,0,0,0,0,7,23,130.12,1,0.135,0.4,5.252,145.8,100.0,24,990.0
1999,8,29,21,0,0,0,0,0,0,0,7,23,137.41,1,0.135,0.5,5.23,156.70000000000002,100.0,24,990.0
1999,8,29,21,30,0,0,0,0,0,0,7,23,144.62,0,0.135,0.5,5.2010000000000005,156.70000000000002,100.0,24,990.0
1999,8,29,22,0,0,0,0,0,0,0,7,23,151.69,1,0.135,0.5,5.172,167.9,100.0,24,990.0
1999,8,29,22,30,0,0,0,0,0,0,7,23,158.49,1,0.135,0.5,5.1450000000000005,167.9,100.0,23,990.0
1999,8,29,23,0,0,0,0,0,0,0,7,23,164.66,1,0.135,0.5,5.119,183.8,100.0,23,990.0
1999,8,29,23,30,0,0,0,0,0,0,7,23,169.06,1,0.135,0.5,5.093,183.8,100.0,23,980.0
1999,8,30,0,0,0,0,0,0,0,0,3,23,169.24,1,0.135,0.5,5.0680000000000005,193.3,100.0,23,980.0
1999,8,30,0,30,0,0,0,0,0,0,3,23,165.05,1,0.135,0.5,5.051,193.3,100.0,23,980.0
1999,8,30,1,0,0,0,0,0,0,0,3,23,158.95000000000002,1,0.135,0.5,5.034,202.4,100.0,23,980.0
1999,8,30,1,30,0,0,0,0,0,0,3,23,152.17000000000002,0,0.135,0.5,5.027,202.4,100.0,23,980.0
1999,8,30,2,0,0,0,0,0,0,0,4,22,145.11,0,0.135,0.5,5.021,210.3,99.93,23,980.0
1999,8,30,2,30,0,0,0,0,0,0,7,22,137.91,0,0.135,0.5,5.013,210.3,100.0,23,980.0
1999,8,30,3,0,0,0,0,0,0,0,7,22,130.63,0,0.135,0.5,5.007,216.0,100.0,23,980.0
1999,8,30,3,30,0,0,0,0,0,0,7,22,123.3,0,0.135,0.5,4.997,216.0,100.0,22,980.0
1999,8,30,4,0,0,0,0,0,0,0,8,22,115.94,0,0.135,0.5,4.989,229.70000000000002,100.0,22,980.0
1999,8,30,4,30,0,0,0,0,0,0,8,22,108.56,0,0.135,0.5,4.973,229.70000000000002,100.0,22,980.0
1999,8,30,5,0,0,0,0,0,0,0,7,22,101.17,0,0.135,0.5,4.957,252.60000000000002,100.0,22,980.0
1999,8,30,5,30,0,0,0,0,0,0,0,22,93.77,0,0.135,0.4,4.94,252.60000000000002,100.0,22,980.0
1999,8,30,6,0,19,265,36,19,265,36,0,22,86.36,0,0.135,0.4,4.924,277.7,100.0,22,980.0
1999,8,30,6,30,39,526,140,39,526,140,0,22,78.95,0,0.135,0.2,4.91,277.7,100.0,22,990.0
1999,8,30,7,0,122,179,178,52,666,262,3,23,71.55,0,0.135,0.0,4.896,305.7,100.0,23,990.0
1999,8,30,7,30,182,152,248,60,750,388,3,23,64.15,0,0.135,0.0,4.891,305.7,100.0,23,990.0
1999,8,30,8,0,65,812,510,65,812,510,0,24,56.76,0,0.135,0.1,4.8870000000000005,342.90000000000003,100.0,24,990.0
1999,8,30,8,30,70,851,624,70,851,624,0,24,49.38,0,0.135,0.0,4.889,342.90000000000003,100.0,25,990.0
1999,8,30,9,0,273,475,626,72,882,728,7,24,42.04,0,0.135,0.0,4.892,349.0,98.12,26,990.0
1999,8,30,9,30,368,352,658,75,903,818,7,24,34.74,0,0.135,0.0,4.902,349.0,98.11,26,990.0
1999,8,30,10,0,423,302,691,77,919,892,7,23,27.53,0,0.135,0.0,4.913,0.30000000000000004,85.32000000000001,27,990.0
1999,8,30,10,30,398,441,811,78,930,950,8,23,20.5,0,0.135,0.0,4.94,0.30000000000000004,85.3,27,990.0
1999,8,30,11,0,80,936,989,80,936,989,0,22,13.93,0,0.135,0.0,4.968,8.1,78.57000000000001,27,990.0
1999,8,30,11,30,435,486,916,81,939,1009,8,22,8.9,0,0.135,0.0,4.992,8.1,78.53,27,990.0
1999,8,30,12,0,82,938,1009,82,938,1009,0,23,8.71,0,0.135,0.0,5.017,5.2,79.52,27,980.0
1999,8,30,12,30,81,935,990,81,935,990,0,23,13.57,0,0.135,0.0,5.0280000000000005,5.2,79.47,27,980.0
1999,8,30,13,0,316,18,334,80,928,952,4,23,20.09,0,0.135,0.0,5.04,2.7,80.82000000000001,27,980.0
1999,8,30,13,30,295,21,314,78,917,895,4,23,27.11,1,0.135,0.0,5.0360000000000005,2.7,85.67,27,980.0
1999,8,30,14,0,272,19,288,75,904,822,4,23,34.31,1,0.135,0.0,5.032,358.0,87.64,27,980.0
1999,8,30,14,30,332,243,514,72,883,733,7,23,41.61,1,0.135,0.0,5.0120000000000005,358.0,87.63,26,980.0
1999,8,30,15,0,284,241,442,67,858,630,7,24,48.95,1,0.135,0.0,4.993,353.8,90.11,26,980.0
1999,8,30,15,30,241,219,363,62,820,517,7,24,56.33,0,0.135,0.0,4.965,353.8,95.59,26,980.0
1999,8,30,16,0,175,232,278,56,768,396,7,24,63.72,1,0.135,0.0,4.937,347.40000000000003,97.15,26,980.0
1999,8,30,16,30,119,219,190,48,688,271,7,24,71.12,1,0.135,0.0,4.909,347.40000000000003,97.16,25,980.0
1999,8,30,17,0,68,179,104,37,557,148,7,24,78.53,1,0.135,0.0,4.881,351.3,97.47,25,980.0
1999,8,30,17,30,23,83,29,19,310,41,7,24,85.94,1,0.135,0.0,4.862,351.3,100.0,24,980.0
1999,8,30,18,0,0,0,0,0,0,0,7,24,93.35000000000001,1,0.135,0.1,4.844,347.6,100.0,24,980.0
1999,8,30,18,30,0,0,0,0,0,0,7,23,100.76,0,0.135,0.1,4.836,347.6,100.0,23,980.0
1999,8,30,19,0,0,0,0,0,0,0,7,23,108.16,1,0.135,0.1,4.828,344.5,100.0,23,980.0
1999,8,30,19,30,0,0,0,0,0,0,7,23,115.54,1,0.135,0.1,4.8340000000000005,344.5,100.0,23,980.0
1999,8,30,20,0,0,0,0,0,0,0,7,23,122.91,1,0.135,0.1,4.841,343.0,100.0,23,980.0
1999,8,30,20,30,0,0,0,0,0,0,7,22,130.26,1,0.135,0.1,4.852,343.0,100.0,22,980.0
1999,8,30,21,0,0,0,0,0,0,0,7,22,137.55,1,0.135,0.1,4.863,344.6,100.0,22,990.0
1999,8,30,21,30,0,0,0,0,0,0,7,22,144.78,0,0.135,0.1,4.88,344.6,100.0,22,990.0
1999,8,30,22,0,0,0,0,0,0,0,7,22,151.88,1,0.135,0.1,4.897,344.5,100.0,22,990.0
1999,8,30,22,30,0,0,0,0,0,0,7,22,158.72,1,0.135,0.1,4.913,344.5,100.0,22,980.0
1999,8,30,23,0,0,0,0,0,0,0,7,22,164.95000000000002,1,0.135,0.1,4.93,343.8,100.0,22,980.0
1999,8,30,23,30,0,0,0,0,0,0,7,22,169.42000000000002,1,0.135,0.1,4.936,343.8,100.0,22,980.0
1999,8,31,0,0,0,0,0,0,0,0,7,22,169.55,1,0.135,0.1,4.9430000000000005,341.70000000000005,100.0,22,980.0
1999,8,31,0,30,0,0,0,0,0,0,7,21,165.23,1,0.135,0.1,4.9430000000000005,341.70000000000005,100.0,22,980.0
1999,8,31,1,0,0,0,0,0,0,0,7,21,159.05,1,0.135,0.1,4.9430000000000005,339.8,100.0,22,980.0
1999,8,31,1,30,0,0,0,0,0,0,7,21,152.22,0,0.135,0.1,4.939,339.8,100.0,21,980.0
1999,8,31,2,0,0,0,0,0,0,0,7,21,145.13,0,0.135,0.1,4.936,340.0,100.0,21,980.0
1999,8,31,2,30,0,0,0,0,0,0,7,21,137.91,0,0.135,0.1,4.928,340.0,100.0,21,980.0
1999,8,31,3,0,0,0,0,0,0,0,7,21,130.61,0,0.135,0.2,4.92,340.0,100.0,21,980.0
1999,8,31,3,30,0,0,0,0,0,0,7,21,123.27,0,0.135,0.2,4.905,340.0,100.0,21,980.0
1999,8,31,4,0,0,0,0,0,0,0,7,21,115.9,0,0.135,0.30000000000000004,4.891,341.1,100.0,21,980.0
1999,8,31,4,30,0,0,0,0,0,0,8,21,108.51,0,0.135,0.30000000000000004,4.872,341.1,100.0,21,980.0
1999,8,31,5,0,0,0,0,0,0,0,4,21,101.11,0,0.135,0.4,4.853,340.40000000000003,100.0,21,980.0
1999,8,31,5,30,0,0,0,0,0,0,1,21,93.7,0,0.135,0.30000000000000004,4.838,340.40000000000003,100.0,21,980.0
1999,8,31,6,0,19,258,36,19,265,36,7,21,86.29,4,0.135,0.2,4.823,339.1,100.0,21,980.0
1999,8,31,6,30,46,486,140,40,524,141,8,21,78.87,0,0.135,0.1,4.819,339.1,100.0,22,980.0
1999,8,31,7,0,100,386,223,54,659,263,8,22,71.46000000000001,0,0.135,0.0,4.816,332.90000000000003,100.0,23,980.0
1999,8,31,7,30,165,313,302,63,744,389,8,23,64.05,0,0.135,0.0,4.822,332.90000000000003,100.0,23,990.0
1999,8,31,8,0,238,90,288,70,801,511,4,24,56.65,0,0.135,0.0,4.828,336.70000000000005,100.0,24,990.0
1999,8,31,8,30,288,98,352,75,842,625,8,24,49.27,4,0.135,0.0,4.843,336.70000000000005,100.0,24,990.0
1999,8,31,9,0,80,871,728,80,871,728,0,24,41.910000000000004,0,0.135,0.0,4.8580000000000005,337.5,94.76,25,990.0
1999,8,31,9,30,83,892,818,83,892,818,0,24,34.6,0,0.135,0.0,4.875,337.5,94.75,25,990.0
1999,8,31,10,0,86,908,893,86,908,893,0,23,27.36,0,0.135,0.0,4.892,345.3,85.83,26,990.0
1999,8,31,10,30,88,919,950,88,919,950,0,23,20.3,0,0.135,0.0,4.915,345.3,85.8,26,990.0
1999,8,31,11,0,90,925,989,90,925,989,0,23,13.66,0,0.135,0.0,4.938,6.2,85.12,27,990.0
1999,8,31,11,30,91,928,1009,91,928,1009,0,23,8.55,0,0.135,0.0,4.962,6.2,85.09,27,980.0
1999,8,31,12,0,92,927,1009,92,927,1009,0,23,8.42,0,0.135,0.0,4.986,15.8,80.71000000000001,27,980.0
1999,8,31,12,30,91,924,990,91,924,990,0,23,13.43,0,0.135,0.0,4.996,15.8,80.67,27,980.0
1999,8,31,13,0,91,915,951,91,915,951,0,23,20.03,0,0.135,0.0,5.006,24.700000000000003,81.31,27,980.0
1999,8,31,13,30,439,106,534,89,904,894,3,23,27.09,0,0.135,0.0,4.993,24.700000000000003,81.28,27,980.0
1999,8,31,14,0,87,887,820,87,887,820,0,23,34.32,0,0.135,0.0,4.981,21.6,81.64,27,980.0
1999,8,31,14,30,358,180,493,83,865,730,8,23,41.63,0,0.135,0.0,4.947,21.6,86.56,26,980.0
1999,8,31,15,0,78,836,627,78,836,627,0,24,48.99,0,0.135,0.0,4.913,11.600000000000001,89.82000000000001,26,980.0
1999,8,31,15,30,73,796,513,73,796,513,0,24,56.38,0,0.135,0.0,4.88,11.600000000000001,89.81,26,980.0
1999,8,31,16,0,124,529,359,65,739,392,7,25,63.78,0,0.135,0.1,4.847,16.0,95.71000000000001,26,980.0
1999,8,31,16,30,68,604,263,55,654,266,8,25,71.19,0,0.135,0.1,4.815,16.0,100.0,25,980.0
1999,8,31,17,0,43,498,142,42,514,144,8,23,78.60000000000001,4,0.135,0.2,4.783,13.9,93.87,25,980.0
1999,8,31,17,30,20,252,38,20,261,38,8,23,86.02,4,0.135,0.30000000000000004,4.757,13.9,99.66,24,980.0
1999,8,31,18,0,0,0,0,0,0,0,7,23,93.44,0,0.135,0.4,4.732,4.2,95.59,24,980.0
1999,8,31,18,30,0,0,0,0,0,0,7,23,100.85000000000001,0,0.135,0.4,4.721,4.2,100.0,24,980.0
1999,8,31,19,0,0,0,0,0,0,0,7,22,108.26,1,0.135,0.5,4.71,359.3,99.31,24,980.0
1999,8,31,19,30,0,0,0,0,0,0,7,22,115.65,0,0.135,0.5,4.7090000000000005,359.3,99.34,23,980.0
1999,8,31,20,0,0,0,0,0,0,0,7,22,123.03,0,0.135,0.5,4.7090000000000005,355.0,97.68,23,980.0
1999,8,31,20,30,0,0,0,0,0,0,7,22,130.39000000000001,0,0.135,0.5,4.718,355.0,97.7,23,980.0
1999,8,31,21,0,0,0,0,0,0,0,3,22,137.70000000000002,0,0.135,0.5,4.729,351.20000000000005,96.08,23,980.0
1999,8,31,21,30,0,0,0,0,0,0,3,22,144.94,0,0.135,0.5,4.743,351.20000000000005,100.0,23,980.0
1999,8,31,22,0,0,0,0,0,0,0,3,22,152.07,0,0.135,0.5,4.758,346.0,100.0,23,980.0
1999,8,31,22,30,0,0,0,0,0,0,4,22,158.95000000000002,0,0.135,0.5,4.78,346.0,100.0,23,980.0
1999,8,31,23,0,0,0,0,0,0,0,4,21,165.24,1,0.135,0.5,4.803,334.8,99.84,23,980.0
1999,8,31,23,30,0,0,0,0,0,0,4,21,169.78,1,0.135,0.5,4.832,334.8,99.81,22,980.0
1999,9,1,0,0,0,0,0,0,0,0,4,21,169.86,1,0.135,0.5,4.862,318.3,99.21000000000001,22,980.0
1999,9,1,0,30,0,0,0,0,0,0,0,21,165.4,1,0.135,0.5,4.892,318.3,99.18,22,980.0
1999,9,1,1,0,0,0,0,0,0,0,0,21,159.14000000000001,1,0.135,0.5,4.923,303.40000000000003,98.64,22,980.0
1999,9,1,1,30,0,0,0,0,0,0,0,21,152.27,0,0.135,0.5,4.952,303.40000000000003,98.63,22,980.0
1999,9,1,2,0,0,0,0,0,0,0,0,21,145.15,0,0.135,0.5,4.9830000000000005,293.6,98.18,22,980.0
1999,9,1,2,30,0,0,0,0,0,0,3,21,137.9,0,0.135,0.5,5.007,293.6,98.19,22,980.0
1999,9,1,3,0,0,0,0,0,0,0,7,21,130.59,0,0.135,0.5,5.032,291.8,97.67,22,980.0
1999,9,1,3,30,0,0,0,0,0,0,8,21,123.24000000000001,0,0.135,0.5,5.045,291.8,100.0,22,980.0
1999,9,1,4,0,0,0,0,0,0,0,8,21,115.86,0,0.135,0.5,5.0600000000000005,297.3,100.0,22,980.0
1999,9,1,4,30,0,0,0,0,0,0,8,21,108.46000000000001,0,0.135,0.5,5.061,297.3,100.0,22,980.0
1999,9,1,5,0,0,0,0,0,0,0,7,21,101.05,0,0.135,0.5,5.062,303.8,100.0,22,980.0
1999,9,1,5,30,0,0,0,0,0,0,7,21,93.63,0,0.135,0.4,5.053,303.8,100.0,22,980.0
1999,9,1,6,0,17,0,17,21,221,35,7,21,86.21000000000001,4,0.135,0.4,5.045,306.5,98.96000000000001,22,980.0
1999,9,1,6,30,65,5,66,45,479,138,8,21,78.79,4,0.135,0.2,5.037,306.5,99.0,22,980.0
1999,9,1,7,0,116,26,125,60,625,260,8,22,71.37,0,0.135,0.0,5.029,309.6,100.0,22,990.0
1999,9,1,7,30,158,19,167,71,715,385,8,22,63.95,0,0.135,0.0,5.032,309.6,100.0,22,990.0
1999,9,1,8,0,78,0,78,78,778,508,8,23,56.550000000000004,0,0.135,0.0,5.037,300.7,100.0,23,990.0
1999,9,1,8,30,289,75,338,85,821,622,8,23,49.15,0,0.135,0.0,5.065,300.7,100.0,23,990.0
1999,9,1,9,0,275,22,292,89,853,725,8,24,41.78,0,0.135,0.1,5.094,54.7,100.0,24,990.0
1999,9,1,9,30,278,17,292,93,875,815,8,25,34.45,0,0.135,0.0,5.105,54.7,100.0,25,990.0
1999,9,1,10,0,365,33,394,96,892,890,8,22,27.2,0,0.135,0.0,5.117,74.0,81.89,26,990.0
1999,9,1,10,30,472,113,579,98,904,947,7,22,20.1,0,0.135,0.0,5.128,74.0,81.85000000000001,26,990.0
1999,9,1,11,0,491,258,742,98,914,987,7,22,13.4,0,0.135,0.0,5.14,86.7,74.8,27,990.0
1999,9,1,11,30,460,362,819,99,917,1007,7,22,8.19,0,0.135,0.0,5.152,86.7,74.75,27,980.0
1999,9,1,12,0,505,246,749,98,918,1007,7,22,8.13,0,0.135,0.0,5.165,110.60000000000001,75.94,28,980.0
1999,9,1,12,30,496,238,728,97,915,988,8,22,13.290000000000001,0,0.135,0.0,5.18,110.60000000000001,75.9,28,980.0
1999,9,1,13,0,421,382,780,95,909,949,7,22,19.98,0,0.135,0.0,5.195,126.9,72.81,28,980.0
1999,9,1,13,30,420,324,709,92,897,892,8,22,27.07,0,0.135,0.0,5.2090000000000005,126.9,77.13,28,980.0
1999,9,1,14,0,408,171,549,88,883,818,4,22,34.33,0,0.135,0.0,5.224,139.5,78.42,28,980.0
1999,9,1,14,30,320,369,596,84,861,728,3,22,41.660000000000004,0,0.135,0.0,5.23,139.5,78.4,27,980.0
1999,9,1,15,0,78,836,626,78,836,626,0,23,49.03,0,0.135,0.0,5.236,146.4,82.45,27,980.0
1999,9,1,15,30,72,795,512,72,795,512,0,23,56.43,0,0.135,0.0,5.243,146.4,87.43,26,980.0
1999,9,1,16,0,64,740,390,64,740,390,0,24,63.83,0,0.135,0.1,5.25,202.5,92.23,26,980.0
1999,9,1,16,30,55,655,265,55,655,265,0,24,71.25,0,0.135,0.1,5.248,202.5,97.85000000000001,25,980.0
1999,9,1,17,0,41,518,143,41,518,143,8,24,78.68,4,0.135,0.1,5.246,225.9,94.21000000000001,25,980.0
1999,9,1,17,30,20,264,38,20,264,38,7,24,86.10000000000001,4,0.135,0.2,5.238,225.9,94.24,25,980.0
1999,9,1,18,0,0,0,0,0,0,0,7,23,93.53,0,0.135,0.30000000000000004,5.23,242.3,89.25,25,980.0
1999,9,1,18,30,0,0,0,0,0,0,7,23,100.95,0,0.135,0.30000000000000004,5.216,242.3,94.76,24,980.0
1999,9,1,19,0,0,0,0,0,0,0,7,22,108.36,1,0.135,0.4,5.203,262.2,93.5,24,980.0
1999,9,1,19,30,0,0,0,0,0,0,0,22,115.77,0,0.135,0.4,5.192,262.2,93.53,24,980.0
1999,9,1,20,0,0,0,0,0,0,0,0,22,123.15,0,0.135,0.4,5.182,281.3,93.4,24,980.0
1999,9,1,20,30,0,0,0,0,0,0,7,22,130.52,0,0.135,0.4,5.175,281.3,99.21000000000001,24,980.0
1999,9,1,21,0,0,0,0,0,0,0,7,22,137.84,0,0.135,0.5,5.168,299.6,99.14,24,980.0
1999,9,1,21,30,0,0,0,0,0,0,7,22,145.11,0,0.135,0.5,5.164,299.6,99.14,23,980.0
1999,9,1,22,0,0,0,0,0,0,0,7,22,152.26,0,0.135,0.5,5.1610000000000005,314.1,98.83,23,980.0
1999,9,1,22,30,0,0,0,0,0,0,7,22,159.18,0,0.135,0.5,5.15,314.1,98.81,23,980.0
1999,9,1,23,0,0,0,0,0,0,0,7,22,165.53,1,0.135,0.5,5.14,327.0,98.16,23,980.0
1999,9,1,23,30,0,0,0,0,0,0,7,22,170.15,1,0.135,0.5,5.13,327.0,100.0,22,980.0
1999,9,2,0,0,0,0,0,0,0,0,7,22,170.17000000000002,1,0.135,0.5,5.12,334.20000000000005,100.0,22,980.0
1999,9,2,0,30,0,0,0,0,0,0,7,22,165.57,1,0.135,0.5,5.102,334.20000000000005,100.0,22,980.0
1999,9,2,1,0,0,0,0,0,0,0,7,22,159.22,1,0.135,0.5,5.085,338.20000000000005,100.0,22,980.0
1999,9,2,1,30,0,0,0,0,0,0,7,22,152.31,0,0.135,0.5,5.066,338.20000000000005,100.0,22,980.0
1999,9,2,2,0,0,0,0,0,0,0,8,22,145.16,0,0.135,0.5,5.047,342.0,100.0,22,980.0
1999,9,2,2,30,0,0,0,0,0,0,8,22,137.89000000000001,0,0.135,0.5,5.032,342.0,100.0,22,980.0
1999,9,2,3,0,0,0,0,0,0,0,7,22,130.57,0,0.135,0.5,5.017,350.0,100.0,22,980.0
1999,9,2,3,30,0,0,0,0,0,0,7,22,123.2,0,0.135,0.5,5.009,350.0,100.0,22,980.0
1999,9,2,4,0,0,0,0,0,0,0,7,21,115.81,0,0.135,0.5,5.001,2.5,99.7,22,980.0
1999,9,2,4,30,0,0,0,0,0,0,7,21,108.41,0,0.135,0.5,5.006,2.5,99.72,22,980.0
1999,9,2,5,0,0,0,0,0,0,0,7,21,100.99000000000001,0,0.135,0.5,5.0120000000000005,7.1000000000000005,99.13,22,980.0
1999,9,2,5,30,0,0,0,0,0,0,7,21,93.57000000000001,0,0.135,0.4,5.026,7.1000000000000005,99.16,22,980.0
1999,9,2,6,0,10,0,10,20,249,37,7,22,86.14,1,0.135,0.30000000000000004,5.041,8.700000000000001,100.0,22,980.0
1999,9,2,6,30,41,0,41,43,506,142,7,22,78.71000000000001,0,0.135,0.1,5.0600000000000005,8.700000000000001,100.0,22,980.0
1999,9,2,7,0,10,0,10,57,643,264,6,22,71.28,0,0.135,0.0,5.08,11.8,100.0,23,980.0
1999,9,2,7,30,30,0,30,67,730,389,6,23,63.86,0,0.135,0.0,5.103,11.8,100.0,23,980.0
1999,9,2,8,0,75,0,75,73,793,512,6,24,56.44,0,0.135,0.0,5.126,27.200000000000003,100.0,24,980.0
1999,9,2,8,30,140,0,140,79,834,626,8,24,49.04,0,0.135,0.0,5.174,27.200000000000003,100.0,24,990.0
1999,9,2,9,0,68,0,68,82,866,730,6,25,41.660000000000004,0,0.135,0.1,5.222,51.900000000000006,100.0,25,990.0
1999,9,2,9,30,184,6,190,86,888,819,8,25,34.31,0,0.135,0.1,5.248,51.900000000000006,100.0,25,990.0
1999,9,2,10,0,245,12,256,91,900,893,8,23,27.03,0,0.135,0.1,5.274,74.10000000000001,86.62,26,990.0
1999,9,2,10,30,373,28,399,93,911,950,8,23,19.900000000000002,0,0.135,0.0,5.272,74.10000000000001,86.58,26,980.0
1999,9,2,11,0,400,31,431,95,918,989,8,22,13.14,0,0.135,0.0,5.271,82.30000000000001,76.54,27,980.0
1999,9,2,11,30,513,140,652,95,922,1009,8,22,7.83,0,0.135,0.0,5.274,82.30000000000001,76.49,27,980.0
1999,9,2,12,0,512,210,721,95,922,1009,8,22,7.8500000000000005,0,0.135,0.0,5.277,101.4,78.06,27,980.0
1999,9,2,12,30,490,267,750,94,919,989,7,22,13.17,0,0.135,0.0,5.2860000000000005,101.4,78.02,27,980.0
1999,9,2,13,0,479,208,675,92,912,951,4,23,19.93,0,0.135,0.0,5.296,130.1,79.09,27,980.0
1999,9,2,13,30,413,349,724,90,901,893,3,23,27.060000000000002,0,0.135,0.0,5.303,130.1,79.06,27,980.0
1999,9,2,14,0,396,262,613,86,887,819,3,23,34.34,0,0.135,0.0,5.3100000000000005,149.20000000000002,80.77,27,980.0
1999,9,2,14,30,302,415,612,82,866,729,3,23,41.69,0,0.135,0.0,5.308,149.20000000000002,85.63,27,980.0
1999,9,2,15,0,295,248,458,76,840,626,3,24,49.07,0,0.135,0.0,5.307,150.20000000000002,90.36,27,980.0
1999,9,2,15,30,70,800,512,70,800,512,0,24,56.480000000000004,0,0.135,0.0,5.306,150.20000000000002,95.86,26,980.0
1999,9,2,16,0,62,746,391,62,746,391,0,24,63.9,0,0.135,0.1,5.305,145.20000000000002,97.44,26,980.0
1999,9,2,16,30,53,662,265,53,662,265,0,24,71.32000000000001,0,0.135,0.1,5.303,145.20000000000002,97.46000000000001,25,980.0
1999,9,2,17,0,40,526,143,40,526,143,0,24,78.75,0,0.135,0.1,5.3020000000000005,154.3,99.17,25,980.0
1999,9,2,17,30,19,271,37,19,271,37,7,24,86.18,4,0.135,0.0,5.297,154.3,100.0,25,980.0
1999,9,2,18,0,0,0,0,0,0,0,7,23,93.61,0,0.135,0.0,5.293,21.200000000000003,94.63,25,980.0
1999,9,2,18,30,0,0,0,0,0,0,8,23,101.04,0,0.135,0.1,5.282,21.200000000000003,94.66,24,980.0
1999,9,2,19,0,0,0,0,0,0,0,8,22,108.46000000000001,1,0.135,0.2,5.273,359.70000000000005,93.8,24,980.0
1999,9,2,19,30,0,0,0,0,0,0,8,22,115.88,0,0.135,0.2,5.26,359.70000000000005,93.82000000000001,24,980.0
1999,9,2,20,0,0,0,0,0,0,0,7,22,123.27,0,0.135,0.30000000000000004,5.249,9.600000000000001,92.02,24,980.0
1999,9,2,20,30,0,0,0,0,0,0,7,22,130.65,0,0.135,0.30000000000000004,5.234,9.600000000000001,92.04,24,980.0
1999,9,2,21,0,0,0,0,0,0,0,7,22,137.99,0,0.135,0.4,5.219,9.700000000000001,91.34,24,980.0
1999,9,2,21,30,0,0,0,0,0,0,7,22,145.27,0,0.135,0.4,5.198,9.700000000000001,96.99000000000001,23,980.0
1999,9,2,22,0,0,0,0,0,0,0,7,22,152.44,0,0.135,0.5,5.178,6.1000000000000005,96.44,23,980.0
1999,9,2,22,30,0,0,0,0,0,0,4,22,159.4,0,0.135,0.5,5.16,6.1000000000000005,100.0,23,980.0
1999,9,2,23,0,0,0,0,0,0,0,4,22,165.82,1,0.135,0.6000000000000001,5.143,3.7,100.0,23,980.0
1999,9,2,23,30,0,0,0,0,0,0,4,22,170.52,1,0.135,0.5,5.122,3.7,100.0,22,980.0
1999,9,3,0,0,0,0,0,0,0,0,4,22,170.47,1,0.135,0.5,5.102,2.5,100.0,22,980.0
1999,9,3,0,30,0,0,0,0,0,0,4,21,165.73,1,0.135,0.4,5.085,2.5,100.0,22,980.0
1999,9,3,1,0,0,0,0,0,0,0,4,21,159.3,1,0.135,0.4,5.069,2.4000000000000004,100.0,22,980.0
1999,9,3,1,30,0,0,0,0,0,0,4,21,152.34,0,0.135,0.30000000000000004,5.059,2.4000000000000004,100.0,21,980.0
1999,9,3,2,0,0,0,0,0,0,0,7,21,145.16,0,0.135,0.30000000000000004,5.049,3.4000000000000004,100.0,21,980.0
1999,9,3,2,30,0,0,0,0,0,0,7,21,137.88,0,0.135,0.30000000000000004,5.045,3.4000000000000004,100.0,21,980.0
1999,9,3,3,0,0,0,0,0,0,0,7,21,130.54,0,0.135,0.30000000000000004,5.041,7.2,100.0,21,980.0
1999,9,3,3,30,0,0,0,0,0,0,7,21,123.16,0,0.135,0.30000000000000004,5.04,7.2,100.0,21,980.0
1999,9,3,4,0,0,0,0,0,0,0,7,21,115.76,0,0.135,0.30000000000000004,5.039,12.3,100.0,21,980.0
1999,9,3,4,30,0,0,0,0,0,0,7,21,108.35000000000001,0,0.135,0.30000000000000004,5.042,12.3,100.0,21,980.0
1999,9,3,5,0,0,0,0,0,0,0,7,21,100.93,0,0.135,0.30000000000000004,5.046,17.5,100.0,21,980.0
1999,9,3,5,30,0,0,0,0,0,0,7,21,93.5,0,0.135,0.2,5.051,17.5,100.0,21,980.0
1999,9,3,6,0,11,0,11,20,270,39,7,21,86.06,4,0.135,0.1,5.057,20.8,100.0,21,980.0
1999,9,3,6,30,42,0,42,41,524,145,4,21,78.63,0,0.135,0.0,5.063,20.8,100.0,22,980.0
1999,9,3,7,0,111,321,214,54,664,268,8,22,71.19,0,0.135,0.0,5.07,28.0,100.0,23,980.0
1999,9,3,7,30,164,336,313,63,748,394,8,23,63.76,0,0.135,0.0,5.074,28.0,100.0,23,990.0
1999,9,3,8,0,242,213,360,67,810,516,3,24,56.34,0,0.135,0.0,5.079,30.6,100.0,24,990.0
1999,9,3,8,30,276,342,501,72,850,631,3,24,48.92,0,0.135,0.0,5.09,30.6,100.0,24,990.0
1999,9,3,9,0,75,880,734,75,880,734,0,24,41.53,0,0.135,0.0,5.101,28.1,98.17,25,990.0
1999,9,3,9,30,78,901,824,78,901,824,0,24,34.17,0,0.135,0.0,5.115,28.1,92.51,26,990.0
1999,9,3,10,0,80,916,898,80,916,898,0,24,26.87,0,0.135,0.0,5.1290000000000004,28.400000000000002,83.73,27,990.0
1999,9,3,10,30,82,927,955,82,927,955,0,24,19.7,0,0.135,0.0,5.149,28.400000000000002,83.7,27,980.0
1999,9,3,11,0,84,933,994,84,933,994,0,23,12.89,0,0.135,0.0,5.17,36.6,81.7,28,980.0
1999,9,3,11,30,84,936,1013,84,936,1013,0,23,7.47,0,0.135,0.0,5.184,36.6,81.67,28,980.0
1999,9,3,12,0,85,935,1013,85,935,1013,0,23,7.57,0,0.135,0.0,5.198,46.2,80.38,28,980.0
1999,9,3,12,30,84,932,993,84,932,993,7,23,13.06,4,0.135,0.0,5.197,46.2,80.34,28,980.0
1999,9,3,13,0,193,9,201,84,925,954,7,23,19.88,0,0.135,0.0,5.196,50.7,79.4,28,980.0
1999,9,3,13,30,282,15,296,82,914,896,6,23,27.060000000000002,0,0.135,0.0,5.1770000000000005,50.7,79.37,27,980.0
1999,9,3,14,0,331,31,357,80,899,822,6,23,34.36,0,0.135,0.0,5.158,50.400000000000006,79.41,27,980.0
1999,9,3,14,30,356,123,448,76,878,732,6,23,41.72,0,0.135,0.0,5.12,50.400000000000006,79.38,27,980.0
1999,9,3,15,0,257,415,529,72,850,628,8,23,49.120000000000005,0,0.135,0.0,5.082,51.300000000000004,82.48,27,980.0
1999,9,3,15,30,209,385,422,66,811,514,8,23,56.53,0,0.135,0.0,5.033,51.300000000000004,87.46000000000001,27,980.0
1999,9,3,16,0,59,757,392,59,757,392,1,24,63.96,0,0.135,0.0,4.985,46.400000000000006,90.33,27,980.0
1999,9,3,16,30,51,674,266,51,674,266,0,24,71.39,0,0.135,0.0,4.936,46.400000000000006,90.34,26,980.0
1999,9,3,17,0,39,537,143,39,537,143,0,24,78.83,0,0.135,0.1,4.8870000000000005,34.4,92.75,26,980.0
1999,9,3,17,30,19,278,37,19,278,37,0,24,86.27,0,0.135,0.1,4.852,34.4,98.43,25,980.0
1999,9,3,18,0,0,0,0,0,0,0,1,24,93.7,0,0.135,0.2,4.817,19.700000000000003,96.23,25,980.0
1999,9,3,18,30,0,0,0,0,0,0,0,24,101.14,0,0.135,0.2,4.798,19.700000000000003,100.0,24,980.0
1999,9,3,19,0,0,0,0,0,0,0,0,23,108.57000000000001,1,0.135,0.30000000000000004,4.779,22.0,99.12,24,980.0
1999,9,3,19,30,0,0,0,0,0,0,0,23,115.99000000000001,0,0.135,0.30000000000000004,4.766,22.0,99.16,24,980.0
1999,9,3,20,0,0,0,0,0,0,0,0,23,123.39,0,0.135,0.4,4.753,28.0,98.05,24,980.0
1999,9,3,20,30,0,0,0,0,0,0,3,23,130.78,0,0.135,0.4,4.737,28.0,100.0,23,980.0
1999,9,3,21,0,0,0,0,0,0,0,3,23,138.13,0,0.135,0.4,4.722,28.5,100.0,23,980.0
1999,9,3,21,30,0,0,0,0,0,0,0,23,145.43,0,0.135,0.4,4.704,28.5,100.0,23,980.0
1999,9,3,22,0,0,0,0,0,0,0,0,23,152.63,0,0.135,0.5,4.687,24.0,100.0,23,980.0
1999,9,3,22,30,0,0,0,0,0,0,0,23,159.62,0,0.135,0.5,4.67,24.0,100.0,23,980.0
1999,9,3,23,0,0,0,0,0,0,0,0,23,166.1,1,0.135,0.5,4.654,15.600000000000001,100.0,23,980.0
1999,9,3,23,30,0,0,0,0,0,0,0,22,170.88,1,0.135,0.5,4.635,15.600000000000001,100.0,22,980.0
1999,9,4,0,0,0,0,0,0,0,0,0,22,170.77,1,0.135,0.5,4.616,6.9,100.0,22,980.0
1999,9,4,0,30,0,0,0,0,0,0,7,22,165.89000000000001,1,0.135,0.5,4.6000000000000005,6.9,100.0,22,980.0
1999,9,4,1,0,0,0,0,0,0,0,7,22,159.38,1,0.135,0.5,4.585,0.4,100.0,22,980.0
1999,9,4,1,30,0,0,0,0,0,0,7,22,152.37,0,0.135,0.5,4.569,0.4,100.0,22,980.0
1999,9,4,2,0,0,0,0,0,0,0,7,22,145.17000000000002,0,0.135,0.5,4.554,359.8,100.0,22,980.0
1999,9,4,2,30,0,0,0,0,0,0,7,21,137.86,0,0.135,0.5,4.539,359.8,100.0,22,980.0
1999,9,4,3,0,0,0,0,0,0,0,7,21,130.51,0,0.135,0.5,4.524,1.4000000000000001,100.0,22,980.0
1999,9,4,3,30,0,0,0,0,0,0,7,21,123.12,0,0.135,0.5,4.519,1.4000000000000001,100.0,21,980.0
1999,9,4,4,0,0,0,0,0,0,0,6,21,115.71000000000001,0,0.135,0.5,4.515,1.9000000000000001,100.0,21,980.0
1999,9,4,4,30,0,0,0,0,0,0,7,21,108.29,0,0.135,0.5,4.529,1.9000000000000001,100.0,21,980.0
1999,9,4,5,0,0,0,0,0,0,0,7,21,100.86,0,0.135,0.5,4.5440000000000005,358.6,100.0,21,980.0
1999,9,4,5,30,0,0,0,0,0,0,7,21,93.42,0,0.135,0.30000000000000004,4.5760000000000005,358.6,100.0,21,980.0
1999,9,4,6,0,21,275,40,21,275,40,7,21,85.98,4,0.135,0.2,4.609,356.0,100.0,21,980.0
1999,9,4,6,30,42,528,147,42,528,147,1,22,78.54,0,0.135,0.1,4.6530000000000005,356.0,100.0,22,990.0
1999,9,4,7,0,55,665,270,55,665,270,8,23,71.10000000000001,4,0.135,0.0,4.697,351.1,100.0,23,990.0
1999,9,4,7,30,186,120,240,64,749,396,3,23,63.660000000000004,0,0.135,0.0,4.745,351.1,100.0,23,990.0
1999,9,4,8,0,238,250,377,69,809,519,3,23,56.230000000000004,0,0.135,0.0,4.793,344.90000000000003,99.24000000000001,24,990.0
1999,9,4,8,30,74,849,634,74,849,634,0,23,48.81,0,0.135,0.0,4.837,344.90000000000003,93.51,25,990.0
1999,9,4,9,0,322,377,606,78,878,737,3,23,41.410000000000004,0,0.135,0.0,4.881,337.0,85.22,26,990.0
1999,9,4,9,30,390,296,635,81,899,827,3,23,34.03,0,0.135,0.0,4.913,337.0,85.21000000000001,26,990.0
1999,9,4,10,0,370,439,763,83,916,901,8,23,26.71,0,0.135,0.0,4.946,337.1,78.79,27,990.0
1999,9,4,10,30,477,230,695,84,926,958,4,22,19.51,0,0.135,0.0,4.979,337.1,78.76,27,990.0
1999,9,4,11,0,436,395,822,86,933,996,7,23,12.64,0,0.135,0.0,5.013,343.40000000000003,78.9,28,990.0
1999,9,4,11,30,488,320,806,87,936,1015,8,23,7.11,0,0.135,0.0,5.054,343.40000000000003,78.85000000000001,28,990.0
1999,9,4,12,0,511,226,736,87,934,1015,8,23,7.3,0,0.135,0.0,5.096,340.1,74.75,28,980.0
1999,9,4,12,30,501,134,632,87,930,994,8,23,12.950000000000001,0,0.135,0.0,5.142,340.1,74.71000000000001,28,980.0
1999,9,4,13,0,482,159,632,86,922,954,7,23,19.85,0,0.135,0.0,5.189,352.70000000000005,74.95,28,980.0
1999,9,4,13,30,203,9,211,84,911,896,6,23,27.060000000000002,0,0.135,0.0,5.231,352.70000000000005,79.41,28,980.0
1999,9,4,14,0,208,8,215,82,895,821,9,23,34.38,0,0.135,0.0,5.274,121.60000000000001,80.46000000000001,28,980.0
1999,9,4,14,30,118,0,118,78,873,730,9,23,41.76,0,0.135,0.0,5.304,121.60000000000001,80.45,27,980.0
1999,9,4,15,0,137,0,137,73,845,626,9,23,49.17,0,0.135,0.1,5.3340000000000005,99.5,83.64,27,980.0
1999,9,4,15,30,111,0,111,68,805,512,9,23,56.59,0,0.135,0.1,5.34,99.5,88.69,26,980.0
1999,9,4,16,0,89,0,89,61,750,389,6,24,64.02,0,0.135,0.1,5.348,74.3,90.28,26,980.0
1999,9,4,16,30,91,0,91,52,665,263,6,24,71.46000000000001,0,0.135,0.1,5.3500000000000005,74.3,95.8,26,980.0
1999,9,4,17,0,48,0,48,40,523,140,6,24,78.91,4,0.135,0.1,5.353,314.3,97.87,26,980.0
1999,9,4,17,30,12,0,12,19,262,36,6,24,86.35000000000001,4,0.135,0.2,5.348,314.3,97.89,25,980.0
1999,9,4,18,0,0,0,0,0,0,0,6,23,93.8,0,0.135,0.30000000000000004,5.344,279.8,89.44,25,980.0
1999,9,4,18,30,0,0,0,0,0,0,6,23,101.24000000000001,0,0.135,0.30000000000000004,5.3340000000000005,279.8,94.96000000000001,25,980.0
1999,9,4,19,0,0,0,0,0,0,0,6,22,108.67,1,0.135,0.4,5.325,286.6,93.04,25,980.0
1999,9,4,19,30,0,0,0,0,0,0,7,22,116.10000000000001,0,0.135,0.4,5.319,286.6,93.07000000000001,24,980.0
1999,9,4,20,0,0,0,0,0,0,0,7,22,123.51,0,0.135,0.5,5.314,293.40000000000003,93.31,24,990.0
1999,9,4,20,30,0,0,0,0,0,0,7,22,130.91,0,0.135,0.5,5.303,293.40000000000003,99.10000000000001,24,990.0
1999,9,4,21,0,0,0,0,0,0,0,7,22,138.27,0,0.135,0.5,5.293,303.0,99.21000000000001,24,990.0
1999,9,4,21,30,0,0,0,0,0,0,7,22,145.59,0,0.135,0.5,5.28,303.0,99.21000000000001,23,990.0
1999,9,4,22,0,0,0,0,0,0,0,7,22,152.81,0,0.135,0.5,5.267,312.8,98.85000000000001,23,990.0
1999,9,4,22,30,0,0,0,0,0,0,7,22,159.84,0,0.135,0.5,5.245,312.8,98.82000000000001,23,990.0
1999,9,4,23,0,0,0,0,0,0,0,7,22,166.39000000000001,1,0.135,0.5,5.224,321.20000000000005,98.25,23,990.0
1999,9,4,23,30,0,0,0,0,0,0,7,22,171.26,1,0.135,0.5,5.203,321.20000000000005,100.0,22,980.0
1999,9,5,0,0,0,0,0,0,0,0,7,22,171.07,1,0.135,0.5,5.183,329.90000000000003,100.0,22,980.0
1999,9,5,0,30,0,0,0,0,0,0,4,22,166.03,1,0.135,0.5,5.1690000000000005,329.90000000000003,100.0,22,980.0
1999,9,5,1,0,0,0,0,0,0,0,4,22,159.44,1,0.135,0.5,5.155,338.5,100.0,22,980.0
1999,9,5,1,30,0,0,0,0,0,0,4,22,152.39000000000001,0,0.135,0.5,5.149,338.5,100.0,22,980.0
1999,9,5,2,0,0,0,0,0,0,0,7,22,145.16,0,0.135,0.5,5.144,350.5,100.0,22,980.0
1999,9,5,2,30,0,0,0,0,0,0,7,22,137.84,0,0.135,0.4,5.14,350.5,100.0,22,980.0
1999,9,5,3,0,0,0,0,0,0,0,7,22,130.48,0,0.135,0.4,5.1370000000000005,17.8,100.0,23,980.0
1999,9,5,3,30,0,0,0,0,0,0,7,22,123.08,0,0.135,0.4,5.13,17.8,100.0,22,980.0
1999,9,5,4,0,0,0,0,0,0,0,7,22,115.66,0,0.135,0.4,5.123,66.3,100.0,22,980.0
1999,9,5,4,30,0,0,0,0,0,0,8,22,108.23,0,0.135,0.4,5.114,66.3,100.0,22,980.0
1999,9,5,5,0,0,0,0,0,0,0,8,21,100.79,0,0.135,0.5,5.106,98.2,99.66,22,980.0
1999,9,5,5,30,0,0,0,0,0,0,7,21,93.35000000000001,0,0.135,0.4,5.102,98.2,99.69,22,980.0
1999,9,5,6,0,5,0,5,21,273,40,7,22,85.9,4,0.135,0.30000000000000004,5.099,103.80000000000001,100.0,22,990.0
1999,9,5,6,30,18,0,18,42,524,147,8,22,78.46000000000001,0,0.135,0.1,5.113,103.80000000000001,100.0,22,990.0
1999,9,5,7,0,115,14,119,56,659,270,7,23,71.01,0,0.135,0.0,5.128,89.5,100.0,23,990.0
1999,9,5,7,30,113,0,113,65,744,396,4,23,63.57,0,0.135,0.0,5.142,89.5,100.0,23,990.0
1999,9,5,8,0,138,0,138,71,803,519,4,24,56.13,0,0.135,0.0,5.157,70.10000000000001,100.0,24,990.0
1999,9,5,8,30,273,44,302,77,843,633,4,24,48.7,0,0.135,0.0,5.163,70.10000000000001,100.0,24,990.0
1999,9,5,9,0,336,64,384,78,877,737,4,24,41.28,0,0.135,0.0,5.17,67.9,98.16,25,990.0
1999,9,5,9,30,410,160,544,81,898,827,4,24,33.89,0,0.135,0.0,5.164,67.9,98.14,25,990.0
1999,9,5,10,0,244,12,255,81,917,902,4,24,26.560000000000002,0,0.135,0.0,5.158,63.5,95.97,25,990.0
1999,9,5,10,30,405,38,442,83,927,959,4,24,19.32,0,0.135,0.0,5.152,63.5,95.93,25,990.0
1999,9,5,11,0,320,17,337,83,936,997,4,23,12.39,0,0.135,0.0,5.147,59.1,91.71000000000001,26,990.0
1999,9,5,11,30,391,27,419,83,939,1016,4,23,6.75,0,0.135,0.0,5.147,59.1,91.65,26,990.0
1999,9,5,12,0,411,32,443,82,940,1016,4,23,7.03,0,0.135,0.0,5.147,51.1,83.65,26,990.0
1999,9,5,12,30,284,15,299,81,937,995,4,23,12.86,0,0.135,0.0,5.149,51.1,83.61,26,980.0
1999,9,5,13,0,472,252,710,80,930,956,3,22,19.82,0,0.135,0.0,5.152,30.6,82.63,26,980.0
1999,9,5,13,30,423,317,705,78,919,897,3,22,27.07,0,0.135,0.0,5.162,30.6,82.60000000000001,26,980.0
1999,9,5,14,0,76,904,822,76,904,822,0,22,34.410000000000004,0,0.135,0.0,5.172,19.400000000000002,82.16,26,980.0
1999,9,5,14,30,73,883,731,73,883,731,1,22,41.800000000000004,0,0.135,0.0,5.178,19.400000000000002,87.15,26,980.0
1999,9,5,15,0,69,854,627,69,854,627,0,23,49.22,0,0.135,0.0,5.184,13.3,88.73,26,980.0
1999,9,5,15,30,64,815,512,64,815,512,0,23,56.65,0,0.135,0.0,5.1770000000000005,13.3,88.73,25,980.0
1999,9,5,16,0,58,759,390,58,759,390,0,23,64.09,0,0.135,0.0,5.17,356.8,91.56,25,980.0
1999,9,5,16,30,50,675,264,50,675,264,0,23,71.54,0,0.135,0.0,5.163,356.8,97.2,24,980.0
1999,9,5,17,0,38,536,140,38,536,140,7,23,78.99,4,0.135,0.0,5.157,344.0,98.03,24,980.0
1999,9,5,17,30,18,273,35,18,273,35,7,23,86.44,4,0.135,0.0,5.15,344.0,100.0,23,980.0
1999,9,5,18,0,0,0,0,0,0,0,7,23,93.89,0,0.135,0.1,5.143,337.90000000000003,100.0,23,980.0
1999,9,5,18,30,0,0,0,0,0,0,7,23,101.33,0,0.135,0.1,5.1370000000000005,337.90000000000003,100.0,23,980.0
1999,9,5,19,0,0,0,0,0,0,0,7,23,108.78,1,0.136,0.1,5.131,334.70000000000005,100.0,23,980.0
1999,9,5,19,30,0,0,0,0,0,0,8,22,116.21000000000001,0,0.136,0.0,5.12,334.70000000000005,100.0,23,980.0
1999,9,5,20,0,0,0,0,0,0,0,8,22,123.63000000000001,0,0.136,0.0,5.109,333.8,100.0,23,990.0
1999,9,5,20,30,0,0,0,0,0,0,7,22,131.04,0,0.136,0.0,5.088,333.8,100.0,22,990.0
1999,9,5,21,0,0,0,0,0,0,0,6,22,138.41,0,0.136,0.0,5.0680000000000005,337.40000000000003,100.0,22,990.0
1999,9,5,21,30,0,0,0,0,0,0,6,22,145.75,0,0.136,0.0,5.042,337.40000000000003,100.0,22,990.0
1999,9,5,22,0,0,0,0,0,0,0,6,22,152.99,0,0.136,0.0,5.017,342.5,100.0,22,990.0
1999,9,5,22,30,0,0,0,0,0,0,8,22,160.06,0,0.136,0.0,4.992,342.5,100.0,22,980.0
1999,9,5,23,0,0,0,0,0,0,0,8,22,166.67000000000002,1,0.136,0.0,4.968,349.0,100.0,22,980.0
1999,9,5,23,30,0,0,0,0,0,0,8,21,171.63,1,0.136,0.0,4.947,349.0,100.0,22,980.0
1999,9,6,0,0,0,0,0,0,0,0,8,21,171.36,1,0.136,0.0,4.9270000000000005,350.6,100.0,22,980.0
1999,9,6,0,30,0,0,0,0,0,0,8,21,166.17000000000002,1,0.136,0.0,4.91,350.6,100.0,21,980.0
1999,9,6,1,0,0,0,0,0,0,0,8,21,159.5,1,0.136,0.0,4.894,348.8,100.0,21,980.0
1999,9,6,1,30,0,0,0,0,0,0,8,21,152.41,0,0.136,0.0,4.883,348.8,100.0,21,980.0
1999,9,6,2,0,0,0,0,0,0,0,8,21,145.16,0,0.136,0.1,4.872,347.20000000000005,100.0,21,980.0
1999,9,6,2,30,0,0,0,0,0,0,7,21,137.82,0,0.136,0.1,4.863,347.20000000000005,100.0,21,980.0
1999,9,6,3,0,0,0,0,0,0,0,8,21,130.44,0,0.136,0.1,4.855,348.0,100.0,21,980.0
1999,9,6,3,30,0,0,0,0,0,0,8,21,123.03,0,0.136,0.1,4.851,348.0,100.0,21,980.0
1999,9,6,4,0,0,0,0,0,0,0,7,21,115.61,0,0.136,0.2,4.847,352.0,100.0,21,980.0
1999,9,6,4,30,0,0,0,0,0,0,7,20,108.17,0,0.136,0.2,4.841,352.0,100.0,21,980.0
1999,9,6,5,0,0,0,0,0,0,0,8,20,100.73,0,0.136,0.30000000000000004,4.836,356.8,100.0,21,980.0
1999,9,6,5,30,0,0,0,0,0,0,8,20,93.28,0,0.136,0.2,4.829,356.8,100.0,21,980.0
1999,9,6,6,0,20,302,42,20,302,42,0,21,85.82000000000001,0,0.136,0.2,4.822,0.5,100.0,21,980.0
1999,9,6,6,30,40,551,151,40,551,151,0,21,78.37,0,0.136,0.1,4.821,0.5,100.0,21,990.0
1999,9,6,7,0,51,685,275,51,685,275,0,22,70.92,0,0.136,0.0,4.821,8.200000000000001,100.0,22,990.0
1999,9,6,7,30,59,766,401,59,766,401,1,22,63.47,0,0.136,0.0,4.8340000000000005,8.200000000000001,100.0,22,990.0
1999,9,6,8,0,226,329,410,64,824,524,8,22,56.02,0,0.136,0.0,4.847,10.100000000000001,99.67,23,990.0
1999,9,6,8,30,256,425,538,68,862,639,7,22,48.58,0,0.136,0.0,4.872,10.100000000000001,93.86,24,990.0
1999,9,6,9,0,350,270,553,71,890,742,8,22,41.160000000000004,0,0.136,0.0,4.898,24.400000000000002,83.99,25,990.0
1999,9,6,9,30,333,444,703,74,910,831,7,22,33.76,0,0.136,0.0,4.933,24.400000000000002,79.15,26,990.0
1999,9,6,10,0,391,394,744,76,925,905,8,21,26.400000000000002,0,0.136,0.0,4.969,32.7,71.78,27,990.0
1999,9,6,10,30,483,140,616,78,935,962,8,21,19.14,0,0.136,0.0,5.013,32.7,71.74,27,990.0
1999,9,6,11,0,432,433,856,80,940,1000,7,21,12.15,0,0.136,0.0,5.058,35.7,68.48,28,980.0
1999,9,6,11,30,499,307,804,81,943,1018,8,21,6.390000000000001,0,0.136,0.0,5.1000000000000005,35.7,68.44,28,980.0
1999,9,6,12,0,445,406,848,82,941,1017,7,21,6.78,0,0.136,0.0,5.142,37.2,69.8,28,980.0
1999,9,6,12,30,82,937,996,82,937,996,0,21,12.77,0,0.136,0.0,5.179,37.2,69.76,28,980.0
1999,9,6,13,0,82,928,956,82,928,956,0,22,19.8,0,0.136,0.0,5.216,36.6,70.95,28,980.0
1999,9,6,13,30,449,196,624,80,917,897,3,22,27.080000000000002,0,0.136,0.0,5.244,36.6,70.92,28,980.0
1999,9,6,14,0,335,431,692,79,900,822,8,22,34.44,0,0.136,0.0,5.273,36.9,72.18,28,980.0
1999,9,6,14,30,357,143,464,75,879,730,8,22,41.85,0,0.136,0.0,5.285,36.9,72.17,28,980.0
1999,9,6,15,0,264,381,513,71,850,626,8,23,49.27,0,0.136,0.0,5.298,35.300000000000004,76.12,28,980.0
1999,9,6,15,30,212,369,415,66,810,511,8,23,56.71,0,0.136,0.0,5.276,35.300000000000004,80.67,27,980.0
1999,9,6,16,0,178,74,211,59,756,388,4,24,64.16,0,0.136,0.0,5.255,33.4,83.88,27,980.0
1999,9,6,16,30,50,672,262,50,672,262,0,24,71.61,0,0.136,0.0,5.221,33.4,88.97,26,980.0
1999,9,6,17,0,37,535,139,37,535,139,0,24,79.07000000000001,0,0.136,0.1,5.188,6.800000000000001,91.46000000000001,26,980.0
1999,9,6,17,30,18,271,34,18,271,34,0,24,86.52,0,0.136,0.1,5.148,6.800000000000001,97.07000000000001,25,980.0
1999,9,6,18,0,0,0,0,0,0,0,1,23,93.98,0,0.136,0.2,5.109,344.20000000000005,93.03,25,980.0
1999,9,6,18,30,0,0,0,0,0,0,1,23,101.43,0,0.136,0.2,5.063,344.20000000000005,93.07000000000001,25,980.0
1999,9,6,19,0,0,0,0,0,0,0,1,23,108.88,1,0.136,0.30000000000000004,5.017,336.3,91.36,25,980.0
1999,9,6,19,30,0,0,0,0,0,0,3,23,116.32000000000001,0,0.136,0.30000000000000004,4.968,336.3,97.0,24,980.0
1999,9,6,20,0,0,0,0,0,0,0,3,23,123.75,0,0.136,0.4,4.92,334.5,95.97,24,980.0
1999,9,6,20,30,0,0,0,0,0,0,3,23,131.17000000000002,0,0.136,0.4,4.872,334.5,96.0,24,980.0
1999,9,6,21,0,0,0,0,0,0,0,0,23,138.55,0,0.136,0.4,4.825,338.3,95.35000000000001,24,980.0
1999,9,6,21,30,0,0,0,0,0,0,0,23,145.9,0,0.136,0.4,4.777,338.3,100.0,24,980.0
1999,9,6,22,0,0,0,0,0,0,0,0,23,153.17000000000002,0,0.136,0.4,4.73,339.1,100.0,24,980.0
1999,9,6,22,30,0,0,0,0,0,0,0,22,160.28,0,0.136,0.4,4.686,339.1,99.98,23,980.0
1999,9,6,23,0,0,0,0,0,0,0,0,22,166.95000000000002,1,0.136,0.5,4.642,338.40000000000003,99.29,23,980.0
1999,9,6,23,30,0,0,0,0,0,0,0,22,172.0,1,0.136,0.5,4.603,338.40000000000003,100.0,23,980.0
1999,9,7,0,0,0,0,0,0,0,0,0,22,171.65,1,0.136,0.5,4.564,340.5,100.0,23,980.0
1999,9,7,0,30,0,0,0,0,0,0,0,22,166.3,1,0.136,0.5,4.5360000000000005,340.5,100.0,22,980.0
1999,9,7,1,0,0,0,0,0,0,0,0,22,159.56,1,0.136,0.6000000000000001,4.508,346.8,100.0,22,980.0
1999,9,7,1,30,0,0,0,0,0,0,0,22,152.43,0,0.136,0.6000000000000001,4.493,346.8,100.0,22,980.0
1999,9,7,2,0,0,0,0,0,0,0,0,22,145.15,0,0.136,0.6000000000000001,4.478,353.3,100.0,22,980.0
1999,9,7,2,30,0,0,0,0,0,0,0,21,137.79,0,0.136,0.6000000000000001,4.4750000000000005,353.3,100.0,21,980.0
1999,9,7,3,0,0,0,0,0,0,0,0,21,130.4,0,0.136,0.6000000000000001,4.472,358.6,100.0,21,980.0
1999,9,7,3,30,0,0,0,0,0,0,0,21,122.98,0,0.136,0.6000000000000001,4.485,358.6,100.0,21,980.0
1999,9,7,4,0,0,0,0,0,0,0,0,21,115.55,0,0.136,0.6000000000000001,4.498,1.1,100.0,21,980.0
1999,9,7,4,30,0,0,0,0,0,0,0,21,108.11,0,0.136,0.6000000000000001,4.522,1.1,100.0,21,980.0
1999,9,7,5,0,0,0,0,0,0,0,0,21,100.66,0,0.136,0.6000000000000001,4.547,1.2000000000000002,100.0,21,980.0
1999,9,7,5,30,0,0,0,0,0,0,0,21,93.2,0,0.136,0.4,4.574,1.2000000000000002,100.0,21,980.0
1999,9,7,6,0,21,302,43,21,302,43,0,21,85.74,0,0.136,0.30000000000000004,4.603,0.5,100.0,22,980.0
1999,9,7,6,30,40,549,152,40,549,152,0,22,78.29,0,0.136,0.1,4.638,0.5,100.0,23,980.0
1999,9,7,7,0,52,683,277,52,683,277,0,23,70.83,0,0.136,0.0,4.674,15.5,94.29,24,980.0
1999,9,7,7,30,61,764,403,61,764,403,0,23,63.370000000000005,0,0.136,0.0,4.713,15.5,88.86,25,980.0
1999,9,7,8,0,67,819,526,67,819,526,0,23,55.92,0,0.136,0.0,4.752,30.3,84.74,26,990.0
1999,9,7,8,30,72,858,641,72,858,641,0,23,48.47,0,0.136,0.0,4.788,30.3,84.75,26,990.0
1999,9,7,9,0,76,884,744,76,884,744,0,23,41.04,0,0.136,0.0,4.825,35.300000000000004,79.62,27,990.0
1999,9,7,9,30,397,86,469,80,905,833,3,23,33.63,0,0.136,0.0,4.8500000000000005,35.300000000000004,79.59,27,980.0
1999,9,7,10,0,82,920,907,82,920,907,0,23,26.25,0,0.136,0.0,4.875,42.2,75.7,28,980.0
1999,9,7,10,30,84,930,964,84,930,964,0,23,18.96,0,0.136,0.0,4.893,42.2,75.66,28,980.0
1999,9,7,11,0,85,936,1002,85,936,1002,0,23,11.91,0,0.136,0.0,4.9110000000000005,58.5,71.97,29,980.0
1999,9,7,11,30,86,939,1021,86,939,1021,0,23,6.03,0,0.136,0.0,4.929,58.5,71.92,29,980.0
1999,9,7,12,0,88,937,1019,88,937,1019,0,23,6.54,0,0.136,0.0,4.947,86.0,72.32000000000001,29,980.0
1999,9,7,12,30,87,934,998,87,934,998,0,23,12.700000000000001,0,0.136,0.0,4.969,86.0,72.28,29,980.0
1999,9,7,13,0,478,231,696,87,924,958,3,23,19.79,0,0.136,0.0,4.992,114.30000000000001,72.58,29,980.0
1999,9,7,13,30,85,913,899,85,913,899,0,23,27.1,0,0.136,0.0,5.021,114.30000000000001,72.54,29,980.0
1999,9,7,14,0,83,896,822,83,896,822,0,23,34.480000000000004,0,0.136,0.0,5.05,127.4,74.44,29,980.0
1999,9,7,14,30,80,874,731,80,874,731,0,23,41.9,0,0.136,0.0,5.081,127.4,74.43,29,980.0
1999,9,7,15,0,76,843,626,76,843,626,0,24,49.33,0,0.136,0.0,5.113,105.60000000000001,77.76,29,980.0
1999,9,7,15,30,70,802,510,70,802,510,0,24,56.78,0,0.136,0.0,5.144,105.60000000000001,82.39,28,980.0
1999,9,7,16,0,63,744,386,63,744,386,0,24,64.23,1,0.136,0.0,5.175,80.7,87.83,28,980.0
1999,9,7,16,30,54,656,260,54,656,260,0,24,71.69,1,0.136,0.0,5.202,80.7,87.84,27,980.0
1999,9,7,17,0,40,512,136,40,512,136,0,24,79.15,1,0.136,0.1,5.23,98.0,87.24,27,980.0
1999,9,7,17,30,18,244,33,18,244,33,7,24,86.61,1,0.136,0.1,5.258,98.0,92.55,26,980.0
1999,9,7,18,0,0,0,0,0,0,0,7,24,94.07000000000001,1,0.136,0.2,5.287,110.60000000000001,91.83,26,980.0
1999,9,7,18,30,0,0,0,0,0,0,7,24,101.53,0,0.136,0.2,5.311,110.60000000000001,91.86,26,980.0
1999,9,7,19,0,0,0,0,0,0,0,7,24,108.99000000000001,1,0.136,0.30000000000000004,5.336,107.9,89.79,26,980.0
1999,9,7,19,30,0,0,0,0,0,0,7,24,116.43,1,0.136,0.30000000000000004,5.351,107.9,95.3,26,980.0
1999,9,7,20,0,0,0,0,0,0,0,7,24,123.87,1,0.136,0.30000000000000004,5.3660000000000005,95.30000000000001,94.72,26,980.0
1999,9,7,20,30,0,0,0,0,0,0,7,24,131.29,1,0.136,0.30000000000000004,5.356,95.30000000000001,94.74,25,980.0
1999,9,7,21,0,0,0,0,0,0,0,7,24,138.69,1,0.136,0.4,5.347,84.9,94.63,25,980.0
1999,9,7,21,30,0,0,0,0,0,0,7,24,146.06,0,0.136,0.4,5.328,84.9,94.62,25,980.0
1999,9,7,22,0,0,0,0,0,0,0,7,23,153.35,1,0.136,0.4,5.3100000000000005,67.60000000000001,93.98,25,980.0
1999,9,7,22,30,0,0,0,0,0,0,7,23,160.49,0,0.136,0.4,5.288,67.60000000000001,99.72,25,980.0
1999,9,7,23,0,0,0,0,0,0,0,7,23,167.22,1,0.136,0.4,5.267,43.800000000000004,98.73,25,980.0
1999,9,7,23,30,0,0,0,0,0,0,7,23,172.38,1,0.136,0.4,5.235,43.800000000000004,98.68,24,980.0
1999,9,8,0,0,0,0,0,0,0,0,7,23,171.93,1,0.136,0.5,5.203,24.6,98.03,24,980.0
1999,9,8,0,30,0,0,0,0,0,0,6,23,166.42000000000002,1,0.136,0.5,5.173,24.6,100.0,24,980.0
1999,9,8,1,0,0,0,0,0,0,0,6,23,159.6,1,0.136,0.5,5.143,10.100000000000001,100.0,24,980.0
1999,9,8,1,30,0,0,0,0,0,0,6,23,152.43,0,0.136,0.5,5.117,10.100000000000001,100.0,23,980.0
1999,9,8,2,0,0,0,0,0,0,0,7,23,145.13,0,0.136,0.5,5.0920000000000005,2.9000000000000004,100.0,23,980.0
1999,9,8,2,30,0,0,0,0,0,0,7,23,137.76,0,0.136,0.4,5.0760000000000005,2.9000000000000004,100.0,23,980.0
1999,9,8,3,0,0,0,0,0,0,0,7,23,130.36,0,0.136,0.4,5.0600000000000005,5.6000000000000005,100.0,23,980.0
1999,9,8,3,30,0,0,0,0,0,0,3,22,122.93,0,0.136,0.30000000000000004,5.046,5.6000000000000005,100.0,22,980.0
1999,9,8,4,0,0,0,0,0,0,0,4,22,115.49000000000001,0,0.136,0.30000000000000004,5.033,12.600000000000001,100.0,22,980.0
1999,9,8,4,30,0,0,0,0,0,0,4,22,108.04,0,0.136,0.30000000000000004,5.016,12.600000000000001,100.0,22,980.0
1999,9,8,5,0,0,0,0,0,0,0,4,22,100.59,0,0.136,0.30000000000000004,5.0,21.200000000000003,100.0,22,980.0
1999,9,8,5,30,0,0,0,0,0,0,3,22,93.13,0,0.136,0.2,4.982,21.200000000000003,100.0,22,980.0
1999,9,8,6,0,25,28,27,22,278,43,3,22,85.66,4,0.136,0.1,4.964,28.5,100.0,23,980.0
1999,9,8,6,30,75,97,95,44,526,151,3,23,78.2,0,0.136,0.0,4.949,28.5,100.0,23,980.0
1999,9,8,7,0,57,662,275,57,662,275,0,23,70.74,0,0.136,0.0,4.934,47.0,98.0,24,980.0
1999,9,8,7,30,67,746,402,67,746,402,0,23,63.27,1,0.136,0.0,4.924,47.0,98.02,25,980.0
1999,9,8,8,0,72,807,526,72,807,526,0,23,55.82,1,0.136,0.0,4.915,66.60000000000001,93.23,26,980.0
1999,9,8,8,30,78,846,640,78,846,640,0,23,48.36,1,0.136,0.0,4.916,66.60000000000001,87.89,26,980.0
1999,9,8,9,0,82,876,744,82,876,744,0,23,40.92,1,0.136,0.0,4.918,66.5,82.75,27,980.0
1999,9,8,9,30,85,897,834,85,897,834,0,23,33.5,0,0.136,0.0,4.9270000000000005,66.5,82.74,27,980.0
1999,9,8,10,0,385,412,755,87,914,908,3,23,26.1,0,0.136,0.0,4.937,59.0,78.0,28,980.0
1999,9,8,10,30,415,409,803,89,924,965,3,23,18.79,0,0.136,0.0,4.949,59.0,77.96000000000001,28,980.0
1999,9,8,11,0,450,374,817,90,932,1003,3,23,11.68,0,0.136,0.0,4.961,51.400000000000006,78.11,29,980.0
1999,9,8,11,30,90,935,1021,90,935,1021,0,23,5.67,0,0.136,0.0,4.97,51.400000000000006,78.07000000000001,29,980.0
1999,9,8,12,0,516,210,725,90,934,1020,2,23,6.32,0,0.136,0.0,4.979,41.7,73.96000000000001,29,980.0
1999,9,8,12,30,481,309,783,90,931,998,3,23,12.64,0,0.136,0.0,4.981,41.7,73.93,29,980.0
1999,9,8,13,0,405,444,823,89,923,958,8,23,19.79,0,0.136,0.0,4.984,36.6,74.26,29,980.0
1999,9,8,13,30,447,214,638,87,912,899,7,23,27.12,0,0.136,0.0,4.976,36.6,74.23,29,980.0
1999,9,8,14,0,289,572,761,84,896,822,8,24,34.52,0,0.136,0.0,4.968,33.4,75.17,29,980.0
1999,9,8,14,30,81,874,731,81,874,731,0,24,41.95,0,0.136,0.0,4.95,33.4,75.16,29,980.0
1999,9,8,15,0,75,846,626,75,846,626,0,24,49.39,0,0.136,0.0,4.932,29.3,76.45,29,980.0
1999,9,8,15,30,147,588,469,70,805,510,7,24,56.85,0,0.136,0.0,4.912,29.3,80.99,28,980.0
1999,9,8,16,0,176,231,276,62,748,386,8,24,64.31,0,0.136,0.0,4.892,35.4,83.54,28,980.0
1999,9,8,16,30,122,133,164,53,660,259,6,24,71.77,0,0.136,0.0,4.883,35.4,88.57000000000001,27,980.0
1999,9,8,17,0,66,105,86,40,515,136,6,25,79.24,4,0.136,0.1,4.875,350.70000000000005,89.84,27,980.0
1999,9,8,17,30,20,8,20,18,244,32,6,25,86.7,4,0.136,0.1,4.857,350.70000000000005,95.3,26,980.0
1999,9,8,18,0,0,0,0,0,0,0,6,24,94.17,0,0.136,0.2,4.84,315.20000000000005,93.63,26,980.0
1999,9,8,18,30,0,0,0,0,0,0,6,24,101.63,0,0.136,0.2,4.827,315.20000000000005,93.66,26,980.0
1999,9,8,19,0,0,0,0,0,0,0,6,24,109.09,1,0.136,0.30000000000000004,4.815,312.40000000000003,91.29,26,980.0
1999,9,8,19,30,0,0,0,0,0,0,7,24,116.54,0,0.136,0.30000000000000004,4.816,312.40000000000003,96.88,26,980.0
1999,9,8,20,0,0,0,0,0,0,0,7,24,123.99000000000001,0,0.136,0.30000000000000004,4.817,323.0,95.51,26,980.0
1999,9,8,20,30,0,0,0,0,0,0,7,24,131.42000000000002,0,0.136,0.30000000000000004,4.8100000000000005,323.0,95.53,25,980.0
1999,9,8,21,0,0,0,0,0,0,0,7,24,138.83,0,0.136,0.4,4.804,325.3,94.68,25,980.0
1999,9,8,21,30,0,0,0,0,0,0,7,24,146.21,0,0.136,0.4,4.795,325.3,94.68,25,980.0
1999,9,8,22,0,0,0,0,0,0,0,7,23,153.52,0,0.136,0.4,4.7860000000000005,324.3,93.96000000000001,25,980.0
1999,9,8,22,30,0,0,0,0,0,0,7,23,160.69,0,0.136,0.4,4.773,324.3,99.71000000000001,24,980.0
1999,9,8,23,0,0,0,0,0,0,0,7,23,167.49,1,0.136,0.4,4.7620000000000005,325.20000000000005,99.38,24,980.0
1999,9,8,23,30,0,0,0,0,0,0,7,23,172.75,1,0.136,0.4,4.752,325.20000000000005,99.34,24,980.0
1999,9,9,0,0,0,0,0,0,0,0,7,23,172.20000000000002,1,0.136,0.4,4.742,325.3,98.75,24,980.0
1999,9,9,0,30,0,0,0,0,0,0,7,23,166.53,1,0.136,0.4,4.728,325.3,98.72,24,980.0
1999,9,9,1,0,0,0,0,0,0,0,7,23,159.64000000000001,1,0.136,0.4,4.715,325.1,98.06,24,980.0
1999,9,9,1,30,0,0,0,0,0,0,7,23,152.44,1,0.136,0.4,4.702,325.1,100.0,23,980.0
1999,9,9,2,0,0,0,0,0,0,0,7,23,145.11,0,0.136,0.4,4.689,330.70000000000005,100.0,23,980.0
1999,9,9,2,30,0,0,0,0,0,0,7,23,137.73,0,0.136,0.4,4.684,330.70000000000005,100.0,23,980.0
1999,9,9,3,0,0,0,0,0,0,0,7,23,130.31,0,0.136,0.4,4.68,344.90000000000003,100.0,23,980.0
1999,9,9,3,30,0,0,0,0,0,0,7,22,122.88,0,0.136,0.4,4.6930000000000005,344.90000000000003,100.0,23,980.0
1999,9,9,4,0,0,0,0,0,0,0,8,22,115.43,0,0.136,0.4,4.707,3.4000000000000004,100.0,23,980.0
1999,9,9,4,30,0,0,0,0,0,0,7,22,107.98,0,0.136,0.30000000000000004,4.726,3.4000000000000004,100.0,22,980.0
1999,9,9,5,0,0,0,0,0,0,0,7,22,100.51,0,0.136,0.30000000000000004,4.746,18.5,100.0,22,980.0
1999,9,9,5,30,0,0,0,0,0,0,7,22,93.05,0,0.136,0.2,4.7540000000000004,18.5,100.0,22,980.0
1999,9,9,6,0,25,218,42,22,284,44,7,22,85.58,0,0.136,0.1,4.763,25.400000000000002,100.0,22,980.0
1999,9,9,6,30,57,403,140,44,530,153,7,22,78.11,0,0.136,0.0,4.747,25.400000000000002,100.0,23,980.0
1999,9,9,7,0,125,234,203,57,664,278,8,23,70.65,0,0.136,0.0,4.731,34.4,100.0,24,980.0
1999,9,9,7,30,178,259,296,67,748,405,8,23,63.18,1,0.136,0.0,4.691,34.4,98.96000000000001,24,980.0
1999,9,9,8,0,233,270,386,73,809,529,8,24,55.71,1,0.136,0.0,4.652,47.800000000000004,95.75,25,980.0
1999,9,9,8,30,237,452,538,79,849,644,3,24,48.25,1,0.136,0.0,4.601,47.800000000000004,95.75,25,980.0
1999,9,9,9,0,264,478,626,81,882,749,3,24,40.800000000000004,1,0.136,0.0,4.55,45.400000000000006,91.06,26,980.0
1999,9,9,9,30,343,429,701,84,904,839,3,24,33.37,0,0.136,0.0,4.5,45.400000000000006,91.03,26,980.0
1999,9,9,10,0,416,354,735,86,920,914,4,24,25.96,0,0.136,0.0,4.452,40.2,85.54,27,980.0
1999,9,9,10,30,410,454,841,88,931,971,7,24,18.62,0,0.136,0.0,4.422,40.2,85.5,27,980.0
1999,9,9,11,0,504,122,624,90,938,1010,2,24,11.46,0,0.136,0.0,4.392,37.4,85.26,27,980.0
1999,9,9,11,30,90,941,1028,90,941,1028,1,24,5.32,0,0.136,0.0,4.392,37.4,85.22,27,980.0
1999,9,9,12,0,446,415,860,91,940,1026,8,24,6.11,0,0.136,0.0,4.392,37.9,84.9,28,980.0
1999,9,9,12,30,451,369,812,90,936,1005,8,24,12.59,0,0.136,0.0,4.416,37.9,84.84,28,980.0
1999,9,9,13,0,484,169,644,91,927,963,7,24,19.79,0,0.136,0.0,4.44,42.7,79.87,28,980.0
1999,9,9,13,30,446,221,643,89,915,903,4,24,27.150000000000002,0,0.136,0.0,4.481,42.7,79.84,28,980.0
1999,9,9,14,0,344,414,685,86,897,826,7,24,34.56,0,0.136,0.0,4.523,44.300000000000004,81.19,28,980.0
1999,9,9,14,30,335,313,568,82,875,733,8,24,42.0,0,0.136,0.0,4.558,44.300000000000004,86.04,27,980.0
1999,9,9,15,0,187,599,577,77,846,627,8,24,49.46,0,0.136,0.0,4.594,65.9,88.10000000000001,27,980.0
1999,9,9,15,30,237,87,284,71,804,510,6,24,56.92,0,0.136,0.0,4.61,65.9,93.43,27,980.0
1999,9,9,16,0,161,27,173,63,748,386,6,25,64.38,0,0.136,0.0,4.627,55.7,95.91,27,980.0
1999,9,9,16,30,121,77,145,53,659,259,6,25,71.85000000000001,0,0.136,0.1,4.6290000000000004,55.7,95.94,26,980.0
1999,9,9,17,0,66,54,76,39,516,135,6,25,79.32000000000001,4,0.136,0.2,4.631,45.7,96.3,26,980.0
1999,9,9,17,30,17,0,17,17,242,31,6,25,86.79,4,0.136,0.2,4.618,45.7,100.0,25,980.0
1999,9,9,18,0,0,0,0,0,0,0,6,24,94.26,0,0.136,0.30000000000000004,4.605,53.900000000000006,99.04,25,980.0
1999,9,9,18,30,0,0,0,0,0,0,6,24,101.73,0,0.136,0.30000000000000004,4.594,53.900000000000006,99.08,25,980.0
1999,9,9,19,0,0,0,0,0,0,0,6,24,109.2,1,0.136,0.4,4.583,58.400000000000006,96.92,25,980.0
1999,9,9,19,30,0,0,0,0,0,0,6,24,116.66,0,0.136,0.4,4.5760000000000005,58.400000000000006,96.95,25,980.0
1999,9,9,20,0,0,0,0,0,0,0,7,24,124.11,0,0.136,0.4,4.57,66.5,95.55,25,980.0
1999,9,9,20,30,0,0,0,0,0,0,7,24,131.55,0,0.136,0.4,4.566,66.5,100.0,25,980.0
1999,9,9,21,0,0,0,0,0,0,0,7,24,138.97,0,0.136,0.4,4.562,69.3,100.0,25,980.0
1999,9,9,21,30,0,0,0,0,0,0,7,24,146.36,0,0.136,0.30000000000000004,4.553,69.3,100.0,24,980.0
1999,9,9,22,0,0,0,0,0,0,0,7,23,153.69,0,0.136,0.30000000000000004,4.545,82.2,99.16,24,980.0
1999,9,9,22,30,0,0,0,0,0,0,7,23,160.9,0,0.136,0.2,4.535,82.2,99.13,24,980.0
1999,9,9,23,0,0,0,0,0,0,0,7,23,167.76,1,0.136,0.1,4.526,118.10000000000001,98.14,24,980.0
1999,9,9,23,30,0,0,0,0,0,0,7,23,173.13,1,0.136,0.1,4.519,118.10000000000001,98.11,24,980.0
1999,9,10,0,0,0,0,0,0,0,0,7,23,172.46,1,0.136,0.1,4.5120000000000005,212.0,96.91,24,980.0
1999,9,10,0,30,0,0,0,0,0,0,7,23,166.62,1,0.136,0.2,4.513,212.0,96.88,24,980.0
1999,9,10,1,0,0,0,0,0,0,0,7,23,159.67000000000002,1,0.136,0.30000000000000004,4.516,232.0,95.72,24,980.0
1999,9,10,1,30,0,0,0,0,0,0,7,23,152.43,0,0.136,0.4,4.523,232.0,100.0,23,980.0
1999,9,10,2,0,0,0,0,0,0,0,7,23,145.09,0,0.136,0.5,4.531,246.10000000000002,100.0,23,980.0
1999,9,10,2,30,0,0,0,0,0,0,7,23,137.69,0,0.136,0.5,4.538,246.10000000000002,100.0,23,980.0
1999,9,10,3,0,0,0,0,0,0,0,7,23,130.27,0,0.136,0.5,4.546,262.0,100.0,23,980.0
1999,9,10,3,30,0,0,0,0,0,0,7,22,122.82000000000001,0,0.136,0.5,4.551,262.0,100.0,23,980.0
1999,9,10,4,0,0,0,0,0,0,0,7,22,115.37,0,0.136,0.6000000000000001,4.557,269.6,100.0,23,980.0
1999,9,10,4,30,0,0,0,0,0,0,7,22,107.91,0,0.136,0.6000000000000001,4.5520000000000005,269.6,100.0,22,980.0
1999,9,10,5,0,0,0,0,0,0,0,7,22,100.44,0,0.136,0.6000000000000001,4.548,277.8,100.0,22,980.0
1999,9,10,5,30,0,0,0,0,0,0,7,22,92.97,0,0.136,0.5,4.539,277.8,100.0,22,980.0
1999,9,10,6,0,10,0,10,23,298,46,7,22,85.5,4,0.136,0.4,4.53,289.6,100.0,22,980.0
1999,9,10,6,30,34,0,34,43,542,156,4,22,78.03,0,0.136,0.2,4.523,289.6,100.0,22,980.0
1999,9,10,7,0,122,271,212,56,678,281,8,23,70.55,0,0.136,0.0,4.516,313.70000000000005,100.0,23,980.0
1999,9,10,7,30,173,298,308,64,760,409,8,24,63.08,1,0.136,0.0,4.513,313.70000000000005,100.0,24,980.0
1999,9,10,8,0,226,312,402,68,822,533,8,24,55.61,1,0.136,0.0,4.511,354.70000000000005,99.13,25,980.0
1999,9,10,8,30,245,427,530,73,861,648,3,24,48.15,1,0.136,0.0,4.518,354.70000000000005,99.12,25,980.0
1999,9,10,9,0,287,433,616,74,893,752,3,24,40.69,1,0.136,0.0,4.525,2.3000000000000003,91.36,26,980.0
1999,9,10,9,30,363,389,689,77,913,842,3,24,33.24,0,0.136,0.0,4.555,2.3000000000000003,91.34,26,980.0
1999,9,10,10,0,323,474,749,78,929,915,3,23,25.82,1,0.136,0.0,4.586,11.5,80.75,27,980.0
1999,9,10,10,30,410,433,821,80,939,971,8,23,18.45,0,0.136,0.0,4.6290000000000004,11.5,80.72,27,980.0
1999,9,10,11,0,436,417,845,81,945,1009,8,22,11.24,0,0.136,0.0,4.673,24.3,74.27,28,980.0
1999,9,10,11,30,448,413,859,82,948,1026,8,22,4.96,0,0.136,0.0,4.721,24.3,74.23,28,980.0
1999,9,10,12,0,487,328,814,83,945,1024,8,22,5.91,0,0.136,0.0,4.771,51.300000000000004,73.96000000000001,28,980.0
1999,9,10,12,30,436,403,830,83,941,1002,8,22,12.55,0,0.136,0.0,4.8180000000000005,51.300000000000004,73.92,28,980.0
1999,9,10,13,0,471,265,721,84,931,960,3,23,19.8,0,0.136,0.0,4.865,87.0,75.0,29,980.0
1999,9,10,13,30,385,404,744,82,920,900,3,23,27.18,0,0.136,0.0,4.909,87.0,74.98,28,980.0
1999,9,10,14,0,393,277,621,81,900,823,8,23,34.61,0,0.136,0.0,4.954,102.4,75.29,28,980.0
1999,9,10,14,30,255,534,652,78,878,730,8,23,42.06,0,0.136,0.0,4.987,102.4,79.8,27,980.0
1999,9,10,15,0,264,378,510,74,848,624,7,23,49.52,0,0.136,0.0,5.021,111.30000000000001,81.95,27,980.0
1999,9,10,15,30,116,689,492,68,806,508,8,23,56.99,0,0.136,0.0,5.04,111.30000000000001,86.91,26,980.0
1999,9,10,16,0,77,683,372,61,748,384,8,24,64.46000000000001,4,0.136,0.1,5.059,103.10000000000001,90.31,26,980.0
1999,9,10,16,30,120,170,173,52,660,257,4,24,71.94,0,0.136,0.1,5.053,103.10000000000001,95.83,25,980.0
1999,9,10,17,0,39,516,133,39,516,133,0,23,79.41,0,0.136,0.1,5.048,119.30000000000001,93.99,25,980.0
1999,9,10,17,30,17,240,30,17,240,30,7,23,86.88,4,0.136,0.1,5.038,119.30000000000001,99.79,24,980.0
1999,9,10,18,0,0,0,0,0,0,0,7,24,94.36,0,0.136,0.2,5.0280000000000005,131.4,100.0,24,980.0
1999,9,10,18,30,0,0,0,0,0,0,7,24,101.83,0,0.136,0.2,5.016,131.4,100.0,24,980.0
1999,9,10,19,0,0,0,0,0,0,0,7,23,109.3,1,0.136,0.30000000000000004,5.005,136.1,99.14,24,980.0
1999,9,10,19,30,0,0,0,0,0,0,8,23,116.77,0,0.136,0.30000000000000004,4.9830000000000005,136.1,100.0,24,980.0
1999,9,10,20,0,0,0,0,0,0,0,7,23,124.22,0,0.136,0.4,4.962,140.6,100.0,24,980.0
1999,9,10,20,30,0,0,0,0,0,0,8,23,131.67000000000002,0,0.136,0.4,4.93,140.6,100.0,23,980.0
1999,9,10,21,0,0,0,0,0,0,0,8,23,139.1,0,0.136,0.4,4.898,145.8,100.0,23,980.0
1999,9,10,21,30,0,0,0,0,0,0,8,23,146.5,0,0.136,0.4,4.865,145.8,100.0,23,980.0
1999,9,10,22,0,0,0,0,0,0,0,8,23,153.86,0,0.136,0.5,4.832,151.3,100.0,23,980.0
1999,9,10,22,30,0,0,0,0,0,0,8,23,161.09,0,0.136,0.4,4.8020000000000005,151.3,100.0,23,980.0
1999,9,10,23,0,0,0,0,0,0,0,8,22,168.02,1,0.136,0.4,4.772,165.10000000000002,99.41,23,980.0
1999,9,10,23,30,0,0,0,0,0,0,8,22,173.5,1,0.136,0.4,4.743,165.10000000000002,99.37,23,980.0
1999,9,11,0,0,0,0,0,0,0,0,8,22,172.71,1,0.136,0.4,4.715,184.0,98.22,23,980.0
1999,9,11,0,30,0,0,0,0,0,0,7,22,166.71,1,0.136,0.4,4.694,184.0,100.0,22,980.0
1999,9,11,1,0,0,0,0,0,0,0,7,22,159.70000000000002,1,0.136,0.5,4.673,199.60000000000002,100.0,22,980.0
1999,9,11,1,30,0,0,0,0,0,0,7,22,152.43,0,0.136,0.5,4.659,199.60000000000002,100.0,22,980.0
1999,9,11,2,0,0,0,0,0,0,0,7,22,145.06,0,0.136,0.5,4.6450000000000005,208.3,100.0,22,980.0
1999,9,11,2,30,0,0,0,0,0,0,4,22,137.65,0,0.136,0.5,4.635,208.3,100.0,22,980.0
1999,9,11,3,0,0,0,0,0,0,0,7,22,130.22,0,0.136,0.5,4.626,213.60000000000002,100.0,22,980.0
1999,9,11,3,30,0,0,0,0,0,0,7,21,122.77,0,0.136,0.5,4.621,213.60000000000002,100.0,21,980.0
1999,9,11,4,0,0,0,0,0,0,0,7,21,115.31,0,0.136,0.5,4.617,217.0,100.0,21,980.0
1999,9,11,4,30,0,0,0,0,0,0,7,21,107.84,0,0.136,0.5,4.618,217.0,100.0,21,980.0
1999,9,11,5,0,0,0,0,0,0,0,7,21,100.37,0,0.136,0.5,4.62,222.5,100.0,21,980.0
1999,9,11,5,30,0,0,0,0,0,0,7,21,92.89,0,0.136,0.4,4.627,222.5,100.0,21,980.0
1999,9,11,6,0,12,0,12,22,317,47,7,21,85.42,4,0.136,0.30000000000000004,4.634,226.9,100.0,21,980.0
1999,9,11,6,30,41,0,41,41,558,158,3,22,77.94,0,0.136,0.1,4.65,226.9,100.0,22,990.0
1999,9,11,7,0,75,0,75,53,689,283,4,23,70.46000000000001,0,0.136,0.0,4.666,227.0,100.0,23,990.0
1999,9,11,7,30,109,0,109,61,769,411,4,23,62.99,1,0.136,0.0,4.6850000000000005,227.0,100.0,23,990.0
1999,9,11,8,0,141,0,141,66,826,534,4,24,55.51,1,0.136,0.0,4.704,242.8,100.0,24,990.0
1999,9,11,8,30,302,159,409,71,863,649,7,24,48.04,1,0.136,0.0,4.737,242.8,100.0,24,990.0
1999,9,11,9,0,352,160,474,74,892,752,7,23,40.57,1,0.136,0.1,4.7700000000000005,237.3,93.25,25,990.0
1999,9,11,9,30,415,137,530,77,912,842,7,23,33.12,0,0.136,0.0,4.795,237.3,93.23,25,990.0
1999,9,11,10,0,429,163,576,79,927,915,7,21,25.68,1,0.136,0.0,4.822,252.3,75.59,26,990.0
1999,9,11,10,30,435,52,484,80,938,971,6,21,18.29,0,0.136,0.0,4.843,252.3,75.56,26,990.0
1999,9,11,11,0,495,98,592,81,945,1008,6,21,11.040000000000001,0,0.136,0.0,4.865,282.6,75.54,27,990.0
1999,9,11,11,30,497,85,582,81,947,1026,6,21,4.61,0,0.136,0.0,4.883,282.6,75.5,27,980.0
1999,9,11,12,0,462,53,515,80,947,1024,7,21,5.74,0,0.136,0.0,4.902,288.8,71.23,27,980.0
1999,9,11,12,30,484,84,566,80,944,1002,8,21,12.52,0,0.136,0.0,4.917,288.8,71.19,27,980.0
1999,9,11,13,0,482,143,618,79,936,960,7,21,19.82,0,0.136,0.0,4.932,286.7,72.60000000000001,27,980.0
1999,9,11,13,30,422,177,579,78,925,900,7,21,27.22,1,0.136,0.0,4.941,286.7,76.96000000000001,27,980.0
1999,9,11,14,0,385,175,529,76,908,823,7,22,34.67,1,0.136,0.0,4.9510000000000005,280.3,79.27,27,980.0
1999,9,11,14,30,306,342,560,73,887,731,8,22,42.12,1,0.136,0.0,4.9510000000000005,280.3,79.25,26,980.0
1999,9,11,15,0,261,336,479,69,857,625,8,23,49.59,1,0.136,0.0,4.952,266.1,84.78,26,980.0
1999,9,11,15,30,223,306,390,64,817,508,8,23,57.07,0,0.136,0.0,4.944,266.1,89.93,25,980.0
1999,9,11,16,0,158,318,294,57,761,384,8,23,64.54,1,0.136,0.1,4.936,257.2,92.06,25,980.0
1999,9,11,16,30,105,297,197,49,674,257,8,23,72.02,1,0.136,0.1,4.922,257.2,97.72,24,980.0
1999,9,11,17,0,59,238,102,36,531,133,7,23,79.5,1,0.136,0.1,4.908,261.7,94.86,24,980.0
1999,9,11,17,30,18,90,22,16,253,29,7,23,86.98,4,0.136,0.2,4.897,261.7,94.88,24,980.0
1999,9,11,18,0,0,0,0,0,0,0,7,22,94.46000000000001,0,0.136,0.30000000000000004,4.886,280.40000000000003,90.63,24,980.0
1999,9,11,18,30,0,0,0,0,0,0,3,22,101.93,0,0.136,0.30000000000000004,4.882,280.40000000000003,96.27,24,980.0
1999,9,11,19,0,0,0,0,0,0,0,3,22,109.41,1,0.136,0.4,4.878,291.1,95.07000000000001,24,980.0
1999,9,11,19,30,0,0,0,0,0,0,0,22,116.88,0,0.136,0.4,4.883,291.1,95.10000000000001,23,980.0
1999,9,11,20,0,0,0,0,0,0,0,7,22,124.34,0,0.136,0.4,4.889,295.40000000000003,95.54,23,980.0
1999,9,11,20,30,0,0,0,0,0,0,7,22,131.79,0,0.136,0.4,4.899,295.40000000000003,100.0,23,980.0
1999,9,11,21,0,0,0,0,0,0,0,0,22,139.23,0,0.136,0.4,4.91,295.3,100.0,23,980.0
1999,9,11,21,30,0,0,0,0,0,0,1,22,146.65,0,0.136,0.4,4.918,295.3,100.0,22,980.0
1999,9,11,22,0,0,0,0,0,0,0,7,22,154.02,0,0.136,0.4,4.9270000000000005,295.1,100.0,22,980.0
1999,9,11,22,30,0,0,0,0,0,0,7,21,161.29,0,0.136,0.30000000000000004,4.93,295.1,100.0,22,980.0
1999,9,11,23,0,0,0,0,0,0,0,7,21,168.27,1,0.136,0.30000000000000004,4.9350000000000005,296.1,100.0,22,980.0
1999,9,11,23,30,0,0,0,0,0,0,7,21,173.88,1,0.136,0.2,4.932,296.1,100.0,21,980.0
1999,9,12,0,0,0,0,0,0,0,0,7,21,172.95000000000002,1,0.136,0.2,4.929,297.40000000000003,100.0,21,980.0
1999,9,12,0,30,0,0,0,0,0,0,7,21,166.79,1,0.136,0.2,4.92,297.40000000000003,100.0,21,980.0
1999,9,12,1,0,0,0,0,0,0,0,7,21,159.71,1,0.136,0.2,4.9110000000000005,297.1,100.0,21,980.0
1999,9,12,1,30,0,0,0,0,0,0,7,21,152.41,0,0.136,0.2,4.897,297.1,100.0,21,980.0
1999,9,12,2,0,0,0,0,0,0,0,7,21,145.03,0,0.136,0.2,4.884,293.40000000000003,100.0,21,980.0
1999,9,12,2,30,0,0,0,0,0,0,7,21,137.61,0,0.136,0.2,4.867,293.40000000000003,100.0,21,980.0
1999,9,12,3,0,0,0,0,0,0,0,6,21,130.16,0,0.136,0.30000000000000004,4.851,284.3,100.0,21,980.0
1999,9,12,3,30,0,0,0,0,0,0,7,21,122.71000000000001,0,0.136,0.30000000000000004,4.83,284.3,100.0,21,980.0
1999,9,12,4,0,0,0,0,0,0,0,7,21,115.24000000000001,0,0.136,0.30000000000000004,4.8100000000000005,271.3,100.0,21,980.0
1999,9,12,4,30,0,0,0,0,0,0,7,20,107.77,0,0.136,0.30000000000000004,4.785,271.3,100.0,21,980.0
1999,9,12,5,0,0,0,0,0,0,0,7,20,100.29,0,0.136,0.30000000000000004,4.76,260.7,100.0,21,980.0
1999,9,12,5,30,0,0,0,0,0,0,7,20,92.81,0,0.136,0.2,4.731,260.7,100.0,21,980.0
1999,9,12,6,0,25,0,25,22,316,48,7,21,85.33,4,0.136,0.2,4.702,255.3,100.0,21,980.0
1999,9,12,6,30,75,38,84,42,557,159,3,21,77.85000000000001,0,0.136,0.1,4.675,255.3,100.0,21,980.0
1999,9,12,7,0,133,144,182,55,681,284,3,22,70.37,0,0.136,0.0,4.649,246.10000000000002,100.0,22,980.0
1999,9,12,7,30,190,160,263,64,763,411,3,22,62.89,1,0.136,0.0,4.628,246.10000000000002,100.0,22,990.0
1999,9,12,8,0,248,165,342,72,814,534,3,23,55.410000000000004,1,0.136,0.0,4.6080000000000005,242.3,100.0,23,990.0
1999,9,12,8,30,77,854,649,77,854,649,0,23,47.94,1,0.136,0.0,4.612,242.3,100.0,23,990.0
1999,9,12,9,0,83,878,752,83,878,752,0,23,40.46,1,0.136,0.0,4.616,231.20000000000002,97.29,24,990.0
1999,9,12,9,30,87,899,841,87,899,841,0,23,33.0,0,0.136,0.0,4.65,231.20000000000002,97.28,25,990.0
1999,9,12,10,0,92,911,914,92,911,914,0,22,25.55,1,0.136,0.0,4.684,218.4,85.08,26,990.0
1999,9,12,10,30,412,454,843,94,921,970,7,22,18.14,0,0.136,0.0,4.729,218.4,80.17,26,990.0
1999,9,12,11,0,97,925,1006,97,925,1006,1,21,10.84,0,0.136,0.0,4.775,211.20000000000002,70.74,27,980.0
1999,9,12,11,30,98,928,1024,98,928,1024,1,21,4.2700000000000005,0,0.136,0.0,4.817,211.20000000000002,70.71000000000001,27,980.0
1999,9,12,12,0,99,925,1020,99,925,1020,0,21,5.58,0,0.136,0.0,4.86,211.4,70.5,27,980.0
1999,9,12,12,30,98,921,998,98,921,998,0,21,12.5,0,0.136,0.0,4.8950000000000005,211.4,70.46000000000001,27,980.0
1999,9,12,13,0,98,912,956,98,912,956,0,21,19.85,0,0.136,0.0,4.931,211.9,71.34,27,980.0
1999,9,12,13,30,95,899,895,95,899,895,0,21,27.27,1,0.136,0.0,4.961,211.9,71.31,27,980.0
1999,9,12,14,0,94,879,817,94,879,817,0,21,34.72,1,0.136,0.0,4.9910000000000005,206.8,72.38,27,980.0
1999,9,12,14,30,328,261,522,90,855,724,7,21,42.19,1,0.136,0.0,5.005,206.8,72.36,27,980.0
1999,9,12,15,0,280,255,445,85,821,617,7,22,49.660000000000004,1,0.136,0.0,5.019,201.60000000000002,75.34,27,980.0
1999,9,12,15,30,234,232,361,79,776,500,7,22,57.14,0,0.136,0.0,5.008,201.60000000000002,79.89,26,980.0
1999,9,12,16,0,170,236,271,70,714,376,7,22,64.62,1,0.136,0.0,4.997,205.0,83.3,26,980.0
1999,9,12,16,30,114,213,180,59,619,249,7,22,72.11,1,0.136,0.0,4.971,205.0,88.38,25,980.0
1999,9,12,17,0,62,160,91,42,469,127,3,23,79.59,1,0.136,0.0,4.947,218.60000000000002,91.44,25,980.0
1999,9,12,17,30,19,0,19,16,191,26,3,23,87.07000000000001,4,0.136,0.1,4.914,218.60000000000002,97.07000000000001,24,980.0
1999,9,12,18,0,0,0,0,0,0,0,1,23,94.55,0,0.136,0.2,4.882,219.9,96.79,24,980.0
1999,9,12,18,30,0,0,0,0,0,0,0,23,102.03,0,0.136,0.2,4.847,219.9,100.0,23,980.0
1999,9,12,19,0,0,0,0,0,0,0,0,23,109.51,1,0.136,0.30000000000000004,4.813,219.3,100.0,23,980.0
1999,9,12,19,30,0,0,0,0,0,0,0,23,116.99000000000001,0,0.136,0.30000000000000004,4.776,219.3,100.0,23,980.0
1999,9,12,20,0,0,0,0,0,0,0,0,23,124.45,0,0.136,0.30000000000000004,4.741,217.9,100.0,23,980.0
1999,9,12,20,30,0,0,0,0,0,0,0,22,131.92000000000002,0,0.136,0.30000000000000004,4.708,217.9,100.0,23,980.0
1999,9,12,21,0,0,0,0,0,0,0,0,22,139.36,0,0.136,0.30000000000000004,4.676,217.20000000000002,100.0,23,980.0
1999,9,12,21,30,0,0,0,0,0,0,0,22,146.79,0,0.136,0.30000000000000004,4.666,217.20000000000002,100.0,22,980.0
1999,9,12,22,0,0,0,0,0,0,0,0,22,154.18,0,0.136,0.30000000000000004,4.657,216.20000000000002,100.0,22,980.0
1999,9,12,22,30,0,0,0,0,0,0,0,22,161.48,0,0.136,0.30000000000000004,4.665,216.20000000000002,100.0,22,980.0
1999,9,12,23,0,0,0,0,0,0,0,0,22,168.52,1,0.136,0.4,4.673,215.60000000000002,100.0,22,980.0
1999,9,12,23,30,0,0,0,0,0,0,0,22,174.26,1,0.136,0.4,4.6850000000000005,215.60000000000002,100.0,22,980.0
1999,9,13,0,0,0,0,0,0,0,0,0,22,173.17000000000002,1,0.136,0.4,4.698,219.4,100.0,22,980.0
1999,9,13,0,30,0,0,0,0,0,0,3,21,166.86,1,0.136,0.4,4.707,219.4,100.0,22,980.0
1999,9,13,1,0,0,0,0,0,0,0,3,21,159.72,1,0.136,0.4,4.7170000000000005,226.9,100.0,22,980.0
1999,9,13,1,30,0,0,0,0,0,0,3,21,152.39000000000001,0,0.136,0.4,4.724,226.9,100.0,21,980.0
1999,9,13,2,0,0,0,0,0,0,0,3,21,144.99,0,0.136,0.4,4.732,234.0,100.0,21,980.0
1999,9,13,2,30,0,0,0,0,0,0,7,21,137.56,0,0.136,0.4,4.741,234.0,100.0,21,980.0
1999,9,13,3,0,0,0,0,0,0,0,7,21,130.11,0,0.136,0.4,4.751,241.10000000000002,100.0,21,980.0
1999,9,13,3,30,0,0,0,0,0,0,7,21,122.64,0,0.136,0.4,4.752,241.10000000000002,100.0,21,980.0
1999,9,13,4,0,0,0,0,0,0,0,8,21,115.17,0,0.136,0.5,4.7540000000000004,255.10000000000002,100.0,21,980.0
1999,9,13,4,30,0,0,0,0,0,0,7,21,107.7,0,0.136,0.5,4.75,255.10000000000002,100.0,21,980.0
1999,9,13,5,0,0,0,0,0,0,0,7,21,100.22,0,0.136,0.5,4.746,276.0,100.0,21,980.0
1999,9,13,5,30,0,0,0,0,0,0,7,21,92.73,0,0.136,0.4,4.744,276.0,100.0,21,980.0
1999,9,13,6,0,24,270,47,24,270,47,0,21,85.25,0,0.136,0.4,4.742,295.40000000000003,100.0,21,980.0
1999,9,13,6,30,47,510,156,47,510,156,0,21,77.77,0,0.136,0.2,4.734,295.40000000000003,100.0,21,980.0
1999,9,13,7,0,62,649,281,62,649,281,0,21,70.28,0,0.136,0.0,4.726,313.6,99.07000000000001,22,980.0
1999,9,13,7,30,72,735,408,72,735,408,0,21,62.800000000000004,1,0.136,0.0,4.722,313.6,99.09,23,980.0
1999,9,13,8,0,78,797,532,78,797,532,0,21,55.31,1,0.136,0.0,4.719,319.20000000000005,93.17,24,980.0
1999,9,13,8,30,84,838,647,84,838,647,0,21,47.83,1,0.136,0.0,4.7250000000000005,319.20000000000005,87.74,24,980.0
1999,9,13,9,0,87,871,751,87,871,751,0,21,40.35,1,0.136,0.0,4.731,330.1,82.12,25,980.0
1999,9,13,9,30,91,892,841,91,892,841,0,21,32.88,0,0.136,0.0,4.747,330.1,82.10000000000001,25,980.0
1999,9,13,10,0,93,910,915,93,910,915,0,21,25.42,1,0.136,0.0,4.764,351.70000000000005,76.23,26,980.0
1999,9,13,10,30,413,452,844,95,920,971,7,21,17.990000000000002,0,0.136,0.0,4.7860000000000005,351.70000000000005,76.2,26,980.0
1999,9,13,11,0,511,150,659,95,928,1008,4,21,10.65,0,0.136,0.0,4.808,66.60000000000001,70.75,27,980.0
1999,9,13,11,30,96,931,1025,96,931,1025,0,21,3.93,0,0.136,0.0,4.835,66.60000000000001,70.71000000000001,27,980.0
1999,9,13,12,0,517,223,739,95,931,1023,3,21,5.45,0,0.136,0.0,4.862,136.4,67.01,28,980.0
1999,9,13,12,30,436,466,892,94,927,1000,7,21,12.5,0,0.136,0.0,4.889,136.4,66.98,28,980.0
1999,9,13,13,0,477,116,587,93,919,958,4,21,19.88,0,0.136,0.0,4.916,149.3,68.14,28,980.0
1999,9,13,13,30,423,142,550,91,907,897,4,21,27.32,1,0.136,0.0,4.94,149.3,68.11,28,980.0
1999,9,13,14,0,386,141,502,88,889,819,4,22,34.78,1,0.136,0.0,4.965,145.4,70.2,28,980.0
1999,9,13,14,30,84,866,726,84,866,726,0,22,42.26,1,0.136,0.0,4.985,145.4,70.18,28,980.0
1999,9,13,15,0,79,835,619,79,835,619,0,22,49.74,1,0.136,0.0,5.006,156.60000000000002,70.92,28,980.0
1999,9,13,15,30,73,792,502,73,792,502,0,22,57.22,0,0.136,0.0,5.01,156.60000000000002,75.16,28,980.0
1999,9,13,16,0,65,731,378,65,731,378,0,22,64.71000000000001,1,0.136,0.0,5.015,141.5,77.29,28,980.0
1999,9,13,16,30,55,639,250,55,639,250,0,22,72.19,1,0.136,0.0,5.009,141.5,81.96000000000001,27,980.0
1999,9,13,17,0,40,490,127,40,490,127,0,23,79.68,1,0.136,0.0,5.0040000000000004,153.60000000000002,86.34,26,980.0
1999,9,13,17,30,16,209,26,16,209,26,0,23,87.16,0,0.136,0.1,4.997,153.60000000000002,91.62,25,980.0
1999,9,13,18,0,0,0,0,0,0,0,0,23,94.65,0,0.136,0.2,4.9910000000000005,180.4,93.75,25,980.0
1999,9,13,18,30,0,0,0,0,0,0,0,23,102.13,0,0.136,0.2,4.985,180.4,99.52,24,980.0
1999,9,13,19,0,0,0,0,0,0,0,0,23,109.62,1,0.138,0.2,4.98,173.8,98.13,24,980.0
1999,9,13,19,30,0,0,0,0,0,0,0,23,117.09,0,0.138,0.2,4.968,173.8,100.0,24,980.0
1999,9,13,20,0,0,0,0,0,0,0,1,23,124.57000000000001,0,0.138,0.2,4.957,159.4,100.0,24,980.0
1999,9,13,20,30,0,0,0,0,0,0,0,23,132.04,0,0.138,0.2,4.937,159.4,100.0,23,980.0
1999,9,13,21,0,0,0,0,0,0,0,1,23,139.49,0,0.138,0.2,4.918,147.9,100.0,23,980.0
1999,9,13,21,30,0,0,0,0,0,0,7,23,146.93,0,0.138,0.2,4.901,147.9,100.0,23,980.0
1999,9,13,22,0,0,0,0,0,0,0,7,23,154.33,0,0.138,0.30000000000000004,4.885,135.0,100.0,23,980.0
1999,9,13,22,30,0,0,0,0,0,0,7,22,161.66,0,0.138,0.30000000000000004,4.874,135.0,100.0,23,980.0
1999,9,13,23,0,0,0,0,0,0,0,7,22,168.76,1,0.138,0.30000000000000004,4.863,118.0,100.0,23,980.0
1999,9,13,23,30,0,0,0,0,0,0,7,22,174.63,1,0.138,0.30000000000000004,4.856,118.0,100.0,23,980.0
1999,9,14,0,0,0,0,0,0,0,0,7,22,173.38,1,0.138,0.4,4.8500000000000005,93.4,100.0,23,980.0
1999,9,14,0,30,0,0,0,0,0,0,7,22,166.91,1,0.138,0.4,4.845,93.4,100.0,22,980.0
1999,9,14,1,0,0,0,0,0,0,0,7,22,159.72,1,0.138,0.4,4.84,69.4,100.0,22,980.0
1999,9,14,1,30,0,0,0,0,0,0,7,22,152.37,0,0.138,0.4,4.833,69.4,100.0,22,980.0
1999,9,14,2,0,0,0,0,0,0,0,7,22,144.95000000000002,0,0.138,0.4,4.8260000000000005,57.400000000000006,100.0,22,980.0
1999,9,14,2,30,0,0,0,0,0,0,3,22,137.51,0,0.138,0.4,4.82,57.400000000000006,100.0,22,980.0
1999,9,14,3,0,0,0,0,0,0,0,3,22,130.05,0,0.138,0.5,4.815,53.7,100.0,22,980.0
1999,9,14,3,30,0,0,0,0,0,0,1,21,122.58,0,0.138,0.5,4.811,53.7,100.0,22,980.0
1999,9,14,4,0,0,0,0,0,0,0,0,21,115.10000000000001,0,0.138,0.5,4.808,48.2,100.0,22,980.0
1999,9,14,4,30,0,0,0,0,0,0,1,21,107.62,0,0.138,0.4,4.808,48.2,100.0,21,980.0
1999,9,14,5,0,0,0,0,0,0,0,0,21,100.14,0,0.138,0.4,4.808,43.1,100.0,21,980.0
1999,9,14,5,30,0,0,0,0,0,0,3,21,92.65,0,0.138,0.30000000000000004,4.817,43.1,100.0,21,980.0
1999,9,14,6,0,11,0,11,25,279,48,3,22,85.17,0,0.138,0.2,4.827,41.1,100.0,22,980.0
1999,9,14,6,30,36,0,36,47,517,158,3,22,77.68,4,0.138,0.1,4.841,41.1,96.71000000000001,23,980.0
1999,9,14,7,0,61,657,284,61,657,284,1,22,70.19,0,0.138,0.0,4.855,44.2,92.95,24,980.0
1999,9,14,7,30,71,741,411,71,741,411,1,22,62.7,1,0.138,0.0,4.8790000000000004,44.2,87.59,25,980.0
1999,9,14,8,0,78,800,534,78,800,534,1,22,55.22,1,0.138,0.0,4.904,45.300000000000004,82.05,26,980.0
1999,9,14,8,30,84,840,649,84,840,649,0,22,47.730000000000004,1,0.138,0.0,4.936,45.300000000000004,82.05,26,980.0
1999,9,14,9,0,88,870,752,88,870,752,0,22,40.25,1,0.138,0.0,4.968,43.6,77.22,27,980.0
1999,9,14,9,30,92,891,841,92,891,841,0,22,32.77,0,0.138,0.0,5.001,43.6,77.2,28,980.0
1999,9,14,10,0,94,907,915,94,907,915,0,22,25.3,1,0.138,0.0,5.035,52.300000000000004,72.55,29,980.0
1999,9,14,10,30,477,275,739,96,918,970,8,22,17.85,0,0.138,0.0,5.066,52.300000000000004,72.51,29,980.0
1999,9,14,11,0,505,115,618,98,924,1007,2,22,10.47,0,0.138,0.0,5.098,65.3,68.61,29,980.0
1999,9,14,11,30,99,926,1024,99,926,1024,1,22,3.61,0,0.138,0.0,5.125,65.3,68.56,29,980.0
1999,9,14,12,0,478,63,541,100,923,1020,3,22,5.3500000000000005,0,0.138,0.0,5.1530000000000005,77.2,68.93,30,980.0
1999,9,14,12,30,450,80,529,100,919,998,7,22,12.51,4,0.138,0.0,5.18,77.2,68.89,30,980.0
1999,9,14,13,0,100,909,955,100,909,955,0,22,19.92,0,0.138,0.0,5.2090000000000005,92.5,69.72,30,980.0
1999,9,14,13,30,97,896,894,97,896,894,0,22,27.38,1,0.138,0.0,5.238,92.5,69.7,30,980.0
1999,9,14,14,0,95,877,815,95,877,815,0,23,34.85,1,0.138,0.0,5.267,110.0,71.38,30,980.0
1999,9,14,14,30,224,12,233,91,853,722,6,23,42.33,1,0.138,0.0,5.29,110.0,71.36,29,980.0
1999,9,14,15,0,194,7,199,85,822,615,6,23,49.82,1,0.138,0.0,5.314,128.70000000000002,72.95,29,980.0
1999,9,14,15,30,160,1,161,78,777,498,6,23,57.300000000000004,0,0.138,0.0,5.33,128.70000000000002,77.3,28,980.0
1999,9,14,16,0,121,0,121,69,716,374,6,24,64.79,1,0.138,0.0,5.346,32.6,81.02,28,980.0
1999,9,14,16,30,79,0,79,58,621,247,6,24,72.28,1,0.138,0.0,5.359,32.6,85.89,27,980.0
1999,9,14,17,0,40,0,40,41,469,125,7,24,79.77,1,0.138,0.1,5.372,59.7,86.12,27,980.0
1999,9,14,17,30,8,0,8,16,187,25,7,24,87.26,4,0.138,0.1,5.392,59.7,91.36,26,980.0
1999,9,14,18,0,0,0,0,0,0,0,3,24,94.75,0,0.138,0.2,5.413,87.0,90.61,26,980.0
1999,9,14,18,30,0,0,0,0,0,0,3,24,102.23,0,0.138,0.2,5.425,87.0,96.17,25,980.0
1999,9,14,19,0,0,0,0,0,0,0,3,24,109.72,1,0.138,0.30000000000000004,5.438,80.80000000000001,95.15,25,980.0
1999,9,14,19,30,0,0,0,0,0,0,3,24,117.2,0,0.138,0.2,5.438,80.80000000000001,100.0,25,980.0
1999,9,14,20,0,0,0,0,0,0,0,4,24,124.68,0,0.138,0.2,5.438,75.3,100.0,25,980.0
1999,9,14,20,30,0,0,0,0,0,0,4,24,132.15,0,0.138,0.1,5.417,75.3,100.0,24,980.0
1999,9,14,21,0,0,0,0,0,0,0,3,23,139.62,0,0.138,0.1,5.396,70.60000000000001,99.97,24,980.0
1999,9,14,21,30,0,0,0,0,0,0,3,23,147.07,0,0.138,0.1,5.354,70.60000000000001,100.0,24,980.0
1999,9,14,22,0,0,0,0,0,0,0,3,23,154.48,0,0.138,0.1,5.313,70.8,100.0,24,980.0
1999,9,14,22,30,0,0,0,0,0,0,7,23,161.84,0,0.138,0.0,5.266,70.8,100.0,23,980.0
1999,9,14,23,0,0,0,0,0,0,0,7,23,168.99,1,0.138,0.0,5.219,71.10000000000001,100.0,23,980.0
1999,9,14,23,30,0,0,0,0,0,0,7,23,175.01,1,0.138,0.0,5.181,71.10000000000001,100.0,23,980.0
1999,9,15,0,0,0,0,0,0,0,0,7,23,173.58,1,0.138,0.1,5.144,67.9,100.0,23,980.0
1999,9,15,0,30,0,0,0,0,0,0,3,23,166.96,1,0.138,0.1,5.1160000000000005,67.9,100.0,23,980.0
1999,9,15,1,0,0,0,0,0,0,0,3,23,159.72,1,0.138,0.1,5.088,63.2,100.0,23,980.0
1999,9,15,1,30,0,0,0,0,0,0,3,22,152.34,0,0.138,0.2,5.067,63.2,100.0,23,980.0
1999,9,15,2,0,0,0,0,0,0,0,3,22,144.91,0,0.138,0.30000000000000004,5.046,59.800000000000004,100.0,23,980.0
1999,9,15,2,30,0,0,0,0,0,0,1,22,137.46,0,0.138,0.30000000000000004,5.043,59.800000000000004,100.0,22,980.0
1999,9,15,3,0,0,0,0,0,0,0,1,22,129.99,0,0.138,0.4,5.041,57.7,100.0,22,980.0
1999,9,15,3,30,0,0,0,0,0,0,3,22,122.51,0,0.138,0.4,5.053,57.7,100.0,22,980.0
1999,9,15,4,0,0,0,0,0,0,0,3,22,115.03,0,0.138,0.5,5.065,53.2,100.0,22,980.0
1999,9,15,4,30,0,0,0,0,0,0,3,22,107.55,0,0.138,0.5,5.0840000000000005,53.2,100.0,22,980.0
1999,9,15,5,0,0,0,0,0,0,0,3,22,100.06,0,0.138,0.5,5.104,49.2,100.0,23,980.0
1999,9,15,5,30,0,0,0,0,0,0,3,22,92.57000000000001,0,0.138,0.4,5.123,49.2,100.0,23,980.0
1999,9,15,6,0,13,0,13,24,306,50,3,23,85.08,4,0.138,0.30000000000000004,5.142,45.800000000000004,100.0,23,980.0
1999,9,15,6,30,43,0,43,45,542,161,8,23,77.59,4,0.138,0.1,5.16,45.800000000000004,100.0,23,980.0
1999,9,15,7,0,77,0,77,57,674,287,4,24,70.10000000000001,0,0.138,0.0,5.178,60.300000000000004,100.0,24,980.0
1999,9,15,7,30,112,0,112,66,755,414,4,24,62.61,1,0.138,0.0,5.198,60.300000000000004,100.0,24,980.0
1999,9,15,8,0,145,0,145,72,814,537,4,24,55.120000000000005,1,0.138,0.0,5.219,65.9,96.81,25,980.0
1999,9,15,8,30,296,242,459,77,853,652,4,24,47.63,1,0.138,0.0,5.248,65.9,96.82000000000001,25,980.0
1999,9,15,9,0,344,246,532,80,883,755,4,24,40.14,1,0.138,0.0,5.277,56.0,90.49,26,980.0
1999,9,15,9,30,418,209,595,83,903,844,4,24,32.660000000000004,0,0.138,0.0,5.307,56.0,90.47,26,980.0
1999,9,15,10,0,417,252,646,85,918,917,4,23,25.18,1,0.138,0.0,5.338,43.400000000000006,83.46000000000001,27,980.0
1999,9,15,10,30,442,255,685,87,928,972,4,23,17.72,1,0.138,0.0,5.359,43.400000000000006,83.41,27,980.0
1999,9,15,11,0,457,257,711,89,934,1008,4,23,10.31,1,0.138,0.0,5.381,39.400000000000006,77.19,28,980.0
1999,9,15,11,30,89,937,1025,89,937,1025,0,23,3.29,1,0.138,0.0,5.398,39.400000000000006,77.14,28,980.0
1999,9,15,12,0,89,937,1022,89,937,1022,0,23,5.2700000000000005,1,0.138,0.0,5.416,47.5,76.5,28,980.0
1999,9,15,12,30,88,932,999,88,932,999,0,23,12.530000000000001,0,0.138,0.0,5.441,47.5,76.47,28,980.0
1999,9,15,13,0,87,925,957,87,925,957,0,23,19.97,0,0.138,0.0,5.4670000000000005,65.7,77.19,29,980.0
1999,9,15,13,30,85,913,896,85,913,896,0,23,27.44,1,0.138,0.0,5.493,65.7,77.18,29,980.0
1999,9,15,14,0,82,897,818,82,897,818,0,23,34.92,1,0.138,0.0,5.519,85.7,78.36,29,980.0
1999,9,15,14,30,323,274,526,79,874,724,7,23,42.410000000000004,1,0.138,0.0,5.545,85.7,78.35000000000001,28,980.0
1999,9,15,15,0,275,270,449,74,844,618,7,24,49.9,1,0.138,0.0,5.571,105.60000000000001,80.23,28,980.0
1999,9,15,15,30,231,245,364,68,802,501,7,24,57.39,0,0.138,0.0,5.5920000000000005,105.60000000000001,85.06,27,980.0
1999,9,15,16,0,165,255,273,60,744,376,7,24,64.88,1,0.138,0.0,5.614,99.5,87.61,27,980.0
1999,9,15,16,30,109,235,181,51,653,249,7,24,72.37,1,0.138,0.0,5.631,99.5,92.94,26,980.0
1999,9,15,17,0,59,181,91,37,502,126,7,25,79.86,1,0.138,0.0,5.649,42.5,95.75,26,980.0
1999,9,15,17,30,18,0,18,15,217,25,6,25,87.35000000000001,1,0.138,0.1,5.65,42.5,100.0,26,980.0
1999,9,15,18,0,0,0,0,0,0,0,6,25,94.84,1,0.138,0.2,5.652,50.800000000000004,100.0,26,980.0
1999,9,15,18,30,0,0,0,0,0,0,6,25,102.33,0,0.138,0.2,5.636,50.800000000000004,100.0,25,980.0
1999,9,15,19,0,0,0,0,0,0,0,6,24,109.82000000000001,1,0.138,0.30000000000000004,5.62,61.7,99.74000000000001,25,980.0
1999,9,15,19,30,0,0,0,0,0,0,6,24,117.31,1,0.138,0.30000000000000004,5.588,61.7,100.0,24,980.0
1999,9,15,20,0,0,0,0,0,0,0,6,24,124.79,1,0.138,0.30000000000000004,5.557,68.7,100.0,24,980.0
1999,9,15,20,30,0,0,0,0,0,0,6,24,132.27,1,0.138,0.30000000000000004,5.517,68.7,100.0,24,980.0
1999,9,15,21,0,0,0,0,0,0,0,6,24,139.74,1,0.138,0.30000000000000004,5.477,77.0,100.0,24,980.0
1999,9,15,21,30,0,0,0,0,0,0,6,23,147.20000000000002,0,0.138,0.30000000000000004,5.43,77.0,100.0,24,980.0
1999,9,15,22,0,0,0,0,0,0,0,6,23,154.63,1,0.138,0.30000000000000004,5.383,88.9,100.0,24,980.0
1999,9,15,22,30,0,0,0,0,0,0,6,23,162.01,1,0.138,0.30000000000000004,5.3260000000000005,88.9,100.0,23,980.0
1999,9,15,23,0,0,0,0,0,0,0,6,23,169.22,1,0.138,0.4,5.2700000000000005,104.10000000000001,100.0,23,980.0
1999,9,15,23,30,0,0,0,0,0,0,6,23,175.38,1,0.138,0.4,5.204,104.10000000000001,100.0,23,980.0
1999,9,16,0,0,0,0,0,0,0,0,6,23,173.75,1,0.138,0.4,5.139,124.9,100.0,23,980.0
1999,9,16,0,30,0,0,0,0,0,0,6,23,166.99,1,0.138,0.4,5.074,124.9,100.0,23,980.0
1999,9,16,1,0,0,0,0,0,0,0,8,23,159.71,1,0.138,0.4,5.009,155.20000000000002,100.0,23,980.0
1999,9,16,1,30,0,0,0,0,0,0,8,22,152.3,1,0.138,0.30000000000000004,4.949,155.20000000000002,100.0,23,980.0
1999,9,16,2,0,0,0,0,0,0,0,8,22,144.86,1,0.138,0.30000000000000004,4.889,182.4,100.0,23,980.0
1999,9,16,2,30,0,0,0,0,0,0,8,22,137.4,1,0.138,0.2,4.837,182.4,100.0,22,980.0
1999,9,16,3,0,0,0,0,0,0,0,8,22,129.93,1,0.138,0.2,4.7860000000000005,192.3,100.0,22,980.0
1999,9,16,3,30,0,0,0,0,0,0,8,22,122.45,0,0.138,0.2,4.747,192.3,100.0,22,980.0
1999,9,16,4,0,0,0,0,0,0,0,8,22,114.96000000000001,1,0.138,0.2,4.7090000000000005,195.9,100.0,22,980.0
1999,9,16,4,30,0,0,0,0,0,0,8,22,107.47,1,0.138,0.2,4.6770000000000005,195.9,100.0,22,980.0
1999,9,16,5,0,0,0,0,0,0,0,8,22,99.98,1,0.138,0.30000000000000004,4.6450000000000005,201.10000000000002,100.0,22,980.0
1999,9,16,5,30,0,0,0,0,0,0,8,22,92.49,1,0.138,0.30000000000000004,4.615,201.10000000000002,100.0,22,980.0
1999,9,16,6,0,28,94,37,24,327,53,8,22,85.0,1,0.138,0.30000000000000004,4.585,216.5,100.0,22,980.0
1999,9,16,6,30,78,172,115,44,561,165,8,22,77.51,0,0.138,0.1,4.563,216.5,100.0,23,980.0
1999,9,16,7,0,130,215,204,56,690,292,8,23,70.01,1,0.138,0.0,4.541,254.10000000000002,100.0,24,990.0
1999,9,16,7,30,188,228,294,65,770,420,8,23,62.52,1,0.138,0.0,4.529,254.10000000000002,100.0,24,990.0
1999,9,16,8,0,245,237,381,69,828,544,8,24,55.03,1,0.138,0.0,4.517,283.8,100.0,25,990.0
1999,9,16,8,30,297,80,351,74,866,659,7,24,47.53,1,0.138,0.0,4.53,283.8,98.9,25,990.0
1999,9,16,9,0,344,82,407,76,897,763,7,23,40.04,1,0.138,0.0,4.5440000000000005,74.4,88.14,26,990.0
1999,9,16,9,30,394,71,454,79,917,852,7,23,32.55,0,0.138,0.0,4.5600000000000005,74.4,88.12,26,990.0
1999,9,16,10,0,417,84,493,79,934,925,7,22,25.07,1,0.138,0.0,4.577,81.4,77.02,27,990.0
1999,9,16,10,30,442,84,523,81,944,981,7,22,17.59,1,0.138,0.0,4.595,81.4,76.99,27,990.0
1999,9,16,11,0,458,85,542,80,952,1017,7,22,10.15,1,0.138,0.0,4.613,86.60000000000001,77.02,28,980.0
1999,9,16,11,30,283,19,302,80,954,1033,6,22,3.0,1,0.138,0.0,4.657,86.60000000000001,76.98,28,980.0
1999,9,16,12,0,282,19,301,78,954,1029,6,22,5.22,1,0.138,0.0,4.7010000000000005,95.7,73.42,28,980.0
1999,9,16,12,30,280,15,294,78,950,1005,6,22,12.57,0,0.138,0.0,4.766,95.7,73.39,28,980.0
1999,9,16,13,0,265,17,282,76,942,962,6,23,20.03,1,0.138,0.0,4.831,109.60000000000001,74.41,28,980.0
1999,9,16,13,30,250,15,263,75,931,900,6,23,27.51,1,0.138,0.0,4.904,109.60000000000001,74.39,28,980.0
1999,9,16,14,0,230,12,240,72,914,822,6,23,34.99,1,0.138,0.0,4.977,121.5,75.83,28,980.0
1999,9,16,14,30,336,203,486,69,892,728,3,23,42.49,1,0.138,0.0,5.037,121.5,80.36,28,980.0
1999,9,16,15,0,285,201,415,66,862,620,3,23,49.980000000000004,1,0.138,0.0,5.097,148.3,81.78,28,980.0
1999,9,16,15,30,237,183,336,61,821,503,3,23,57.47,0,0.138,0.0,5.144,148.3,86.74,27,980.0
1999,9,16,16,0,171,192,252,55,762,378,3,24,64.97,1,0.138,0.1,5.192,165.60000000000002,90.05,27,980.0
1999,9,16,16,30,113,179,167,47,674,250,3,24,72.46000000000001,1,0.138,0.1,5.215,165.60000000000002,95.57000000000001,26,980.0
1999,9,16,17,0,60,137,84,35,522,126,3,24,79.95,1,0.138,0.1,5.238,174.70000000000002,96.25,26,980.0
1999,9,16,17,30,16,0,16,14,233,25,7,24,87.45,1,0.138,0.1,5.243,174.70000000000002,100.0,25,980.0
1999,9,16,18,0,0,0,0,0,0,0,7,24,94.94,1,0.138,0.1,5.248,191.5,100.0,24,980.0
1999,9,16,18,30,0,0,0,0,0,0,7,24,102.43,0,0.138,0.1,5.232,191.5,100.0,24,980.0
1999,9,16,19,0,0,0,0,0,0,0,7,24,109.93,1,0.138,0.2,5.2170000000000005,195.0,100.0,24,980.0
1999,9,16,19,30,0,0,0,0,0,0,7,23,117.41,1,0.138,0.2,5.18,195.0,100.0,24,990.0
1999,9,16,20,0,0,0,0,0,0,0,7,23,124.9,1,0.138,0.30000000000000004,5.144,209.10000000000002,100.0,24,990.0
1999,9,16,20,30,0,0,0,0,0,0,7,23,132.38,1,0.138,0.30000000000000004,5.1000000000000005,209.10000000000002,100.0,23,990.0
1999,9,16,21,0,0,0,0,0,0,0,7,23,139.86,1,0.138,0.4,5.057,227.10000000000002,100.0,23,990.0
1999,9,16,21,30,0,0,0,0,0,0,7,23,147.33,0,0.138,0.4,5.026,227.10000000000002,100.0,23,990.0
1999,9,16,22,0,0,0,0,0,0,0,7,22,154.77,1,0.138,0.4,4.995,251.3,99.86,23,990.0
1999,9,16,22,30,0,0,0,0,0,0,7,22,162.17000000000002,1,0.138,0.4,4.974,251.3,99.83,23,990.0
1999,9,16,23,0,0,0,0,0,0,0,7,22,169.43,1,0.138,0.4,4.953,275.40000000000003,97.76,23,990.0
1999,9,16,23,30,0,0,0,0,0,0,7,22,175.74,1,0.138,0.30000000000000004,4.941,275.40000000000003,100.0,23,990.0
1999,9,17,0,0,0,0,0,0,0,0,7,22,173.91,1,0.138,0.30000000000000004,4.929,298.5,100.0,23,990.0
1999,9,17,0,30,0,0,0,0,0,0,7,22,167.01,1,0.138,0.30000000000000004,4.917,298.5,100.0,22,980.0
1999,9,17,1,0,0,0,0,0,0,0,7,22,159.69,1,0.138,0.30000000000000004,4.905,322.8,100.0,22,980.0
1999,9,17,1,30,0,0,0,0,0,0,7,22,152.26,1,0.138,0.30000000000000004,4.894,322.8,100.0,22,980.0
1999,9,17,2,0,0,0,0,0,0,0,7,21,144.81,1,0.138,0.30000000000000004,4.884,355.3,98.86,22,980.0
1999,9,17,2,30,0,0,0,0,0,0,7,21,137.34,1,0.138,0.30000000000000004,4.8790000000000004,355.3,98.87,22,980.0
1999,9,17,3,0,0,0,0,0,0,0,7,21,129.86,1,0.138,0.4,4.875,18.8,97.84,22,980.0
1999,9,17,3,30,0,0,0,0,0,0,7,21,122.38,0,0.138,0.4,4.877,18.8,100.0,21,980.0
1999,9,17,4,0,0,0,0,0,0,0,7,21,114.89,1,0.138,0.4,4.8790000000000004,21.200000000000003,100.0,21,990.0
1999,9,17,4,30,0,0,0,0,0,0,7,21,107.4,1,0.138,0.4,4.888,21.200000000000003,100.0,21,990.0
1999,9,17,5,0,0,0,0,0,0,0,7,21,99.9,1,0.138,0.4,4.899,13.200000000000001,100.0,21,990.0
1999,9,17,5,30,0,0,0,0,0,0,6,21,92.41,1,0.138,0.30000000000000004,4.914,13.200000000000001,100.0,21,990.0
1999,9,17,6,0,11,0,11,23,344,54,6,21,84.92,1,0.138,0.2,4.929,10.4,100.0,21,990.0
1999,9,17,6,30,36,0,36,42,574,167,6,21,77.42,0,0.138,0.1,4.945,10.4,100.0,21,990.0
1999,9,17,7,0,64,0,64,52,701,293,6,22,69.93,1,0.138,0.0,4.962,62.300000000000004,100.0,22,990.0
1999,9,17,7,30,178,32,193,60,778,421,7,22,62.43,0,0.138,0.0,4.981,62.300000000000004,100.0,22,990.0
1999,9,17,8,0,205,17,215,64,835,544,6,23,54.93,0,0.138,0.1,5.0,136.0,100.0,23,990.0
1999,9,17,8,30,286,48,318,69,871,658,8,23,47.44,0,0.138,0.0,5.002,136.0,100.0,23,990.0
1999,9,17,9,0,373,171,504,71,899,761,7,21,39.94,0,0.138,0.0,5.005,113.0,87.49,24,990.0
1999,9,17,9,30,396,72,457,74,919,850,7,21,32.45,0,0.138,0.0,4.984,113.0,87.47,24,990.0
1999,9,17,10,0,462,192,636,77,933,923,7,20,24.96,0,0.138,0.0,4.963,186.5,76.23,25,990.0
1999,9,17,10,30,490,133,617,78,943,978,4,20,17.47,0,0.138,0.0,4.945,186.5,76.19,25,990.0
1999,9,17,11,0,508,238,743,81,948,1015,8,21,10.01,0,0.138,0.0,4.9270000000000005,198.10000000000002,78.89,26,990.0
1999,9,17,11,30,404,29,434,81,951,1031,3,21,2.73,0,0.138,0.0,4.917,198.10000000000002,78.85000000000001,26,990.0
1999,9,17,12,0,331,18,349,83,949,1028,4,21,5.2,0,0.138,0.0,4.907,199.60000000000002,75.92,26,990.0
1999,9,17,12,30,504,128,629,82,945,1005,7,21,12.61,0,0.138,0.0,4.905,199.60000000000002,75.89,26,980.0
1999,9,17,13,0,484,171,646,81,937,962,7,21,20.09,0,0.138,0.0,4.904,201.5,77.32000000000001,26,980.0
1999,9,17,13,30,443,115,545,79,926,900,7,21,27.580000000000002,0,0.138,0.0,4.9110000000000005,201.5,82.0,25,980.0
1999,9,17,14,0,405,145,524,77,909,821,7,22,35.07,0,0.138,0.0,4.9190000000000005,214.70000000000002,84.8,25,980.0
1999,9,17,14,30,307,40,337,74,887,727,7,22,42.57,0,0.138,0.0,4.933,214.70000000000002,84.77,25,980.0
1999,9,17,15,0,186,594,568,69,858,620,7,23,50.06,0,0.138,0.0,4.947,214.60000000000002,88.76,25,980.0
1999,9,17,15,30,183,472,436,64,817,502,8,23,57.56,0,0.138,0.0,4.966,214.60000000000002,94.2,24,980.0
1999,9,17,16,0,142,414,317,57,759,377,8,23,65.05,0,0.138,0.0,4.985,228.3,96.4,24,980.0
1999,9,17,16,30,115,179,169,48,669,249,3,23,72.55,0,0.138,0.0,5.014,228.3,100.0,24,980.0
1999,9,17,17,0,59,145,85,35,517,125,3,23,80.05,4,0.138,0.1,5.043,241.60000000000002,100.0,24,980.0
1999,9,17,17,30,16,0,16,14,223,24,7,23,87.54,4,0.138,0.2,5.071,241.60000000000002,100.0,23,980.0
1999,9,17,18,0,0,0,0,0,0,0,7,22,95.04,0,0.138,0.30000000000000004,5.1000000000000005,248.8,99.73,23,980.0
1999,9,17,18,30,0,0,0,0,0,0,3,22,102.53,0,0.138,0.30000000000000004,5.1160000000000005,248.8,99.76,23,980.0
1999,9,17,19,0,0,0,0,0,0,0,3,22,110.03,1,0.138,0.4,5.133,249.3,98.62,23,990.0
1999,9,17,19,30,0,0,0,0,0,0,3,22,117.52,0,0.138,0.4,5.1370000000000005,249.3,100.0,22,990.0
1999,9,17,20,0,0,0,0,0,0,0,3,22,125.01,0,0.138,0.4,5.141,244.60000000000002,100.0,22,990.0
1999,9,17,20,30,0,0,0,0,0,0,1,22,132.5,0,0.138,0.4,5.14,244.60000000000002,100.0,22,990.0
1999,9,17,21,0,0,0,0,0,0,0,0,22,139.98,0,0.138,0.4,5.139,237.4,100.0,22,990.0
1999,9,17,21,30,0,0,0,0,0,0,0,22,147.45000000000002,0,0.138,0.30000000000000004,5.146,237.4,100.0,22,990.0
1999,9,17,22,0,0,0,0,0,0,0,1,22,154.91,0,0.138,0.30000000000000004,5.1530000000000005,229.4,100.0,22,990.0
1999,9,17,22,30,0,0,0,0,0,0,1,21,162.33,1,0.138,0.30000000000000004,5.164,229.4,100.0,21,990.0
1999,9,17,23,0,0,0,0,0,0,0,1,21,169.64000000000001,1,0.138,0.30000000000000004,5.176,224.60000000000002,100.0,21,990.0
1999,9,17,23,30,0,0,0,0,0,0,1,21,176.11,1,0.138,0.2,5.191,224.60000000000002,100.0,21,980.0
1999,9,18,0,0,0,0,0,0,0,0,7,21,174.04,1,0.138,0.2,5.207,223.20000000000002,100.0,21,980.0
1999,9,18,0,30,0,0,0,0,0,0,7,21,167.02,1,0.138,0.2,5.226,223.20000000000002,100.0,21,980.0
1999,9,18,1,0,0,0,0,0,0,0,7,21,159.66,1,0.138,0.2,5.246,220.5,100.0,21,980.0
1999,9,18,1,30,0,0,0,0,0,0,7,21,152.22,0,0.138,0.1,5.265,220.5,100.0,21,980.0
1999,9,18,2,0,0,0,0,0,0,0,7,21,144.75,0,0.138,0.1,5.284,215.4,100.0,21,980.0
1999,9,18,2,30,0,0,0,0,0,0,7,21,137.28,0,0.138,0.1,5.3,215.4,100.0,21,980.0
1999,9,18,3,0,0,0,0,0,0,0,7,21,129.79,0,0.138,0.1,5.317,210.5,100.0,21,980.0
1999,9,18,3,30,0,0,0,0,0,0,4,21,122.3,0,0.138,0.0,5.33,210.5,100.0,21,980.0
1999,9,18,4,0,0,0,0,0,0,0,7,21,114.81,0,0.138,0.0,5.344,207.4,100.0,21,980.0
1999,9,18,4,30,0,0,0,0,0,0,7,21,107.32000000000001,0,0.138,0.0,5.354,207.4,100.0,21,980.0
1999,9,18,5,0,0,0,0,0,0,0,7,21,99.83,0,0.138,0.0,5.364,207.20000000000002,100.0,21,990.0
1999,9,18,5,30,0,0,0,0,0,0,7,21,92.33,0,0.138,0.0,5.368,207.20000000000002,100.0,21,990.0
1999,9,18,6,0,30,30,32,26,288,52,7,21,84.83,0,0.138,0.0,5.372,211.20000000000002,100.0,21,990.0
1999,9,18,6,30,42,0,42,49,523,163,7,21,77.34,0,0.138,0.0,5.3580000000000005,211.20000000000002,100.0,21,990.0
1999,9,18,7,0,129,31,140,63,656,289,7,21,69.84,0,0.138,0.0,5.344,223.20000000000002,100.0,22,990.0
1999,9,18,7,30,161,11,166,73,740,416,8,21,62.34,0,0.138,0.0,5.308,223.20000000000002,100.0,22,990.0
1999,9,18,8,0,241,54,272,79,800,540,8,22,54.84,0,0.138,0.0,5.273,232.60000000000002,100.0,22,990.0
1999,9,18,8,30,287,49,321,85,841,655,8,22,47.35,0,0.138,0.0,5.224,232.60000000000002,100.0,22,990.0
1999,9,18,9,0,341,56,385,87,875,759,8,23,39.85,0,0.138,0.0,5.176,233.10000000000002,100.0,23,990.0
1999,9,18,9,30,351,35,381,90,897,848,8,23,32.35,0,0.138,0.0,5.147,233.10000000000002,100.0,23,990.0
1999,9,18,10,0,422,60,476,90,917,922,8,23,24.86,0,0.138,0.0,5.119,232.60000000000002,94.36,24,990.0
1999,9,18,10,30,489,124,608,91,928,977,7,23,17.36,0,0.138,0.0,5.104,232.60000000000002,94.31,24,990.0
1999,9,18,11,0,273,14,288,90,937,1014,8,22,9.88,0,0.138,0.0,5.09,237.60000000000002,84.62,25,990.0
1999,9,18,11,30,500,85,586,91,940,1031,7,22,2.49,0,0.138,0.0,5.063,237.60000000000002,84.57000000000001,25,990.0
1999,9,18,12,0,520,211,731,90,941,1027,7,21,5.21,0,0.138,0.0,5.0360000000000005,236.70000000000002,78.09,26,980.0
1999,9,18,12,30,505,218,719,89,937,1004,7,21,12.67,0,0.138,0.0,5.0040000000000004,236.70000000000002,78.05,26,980.0
1999,9,18,13,0,483,203,674,88,929,961,7,21,20.16,0,0.138,0.0,4.973,224.20000000000002,78.34,26,980.0
1999,9,18,13,30,438,262,671,86,917,899,7,21,27.66,0,0.138,0.0,4.947,224.20000000000002,78.32000000000001,26,980.0
1999,9,18,14,0,400,230,589,85,898,820,7,22,35.15,0,0.138,0.0,4.921,204.9,79.01,26,980.0
1999,9,18,14,30,311,389,597,82,875,725,8,22,42.65,0,0.138,0.0,4.906,204.9,78.99,26,980.0
1999,9,18,15,0,263,370,500,78,840,617,8,22,50.15,0,0.138,0.0,4.891,191.8,80.28,26,980.0
1999,9,18,15,30,191,437,425,72,797,499,8,22,57.65,0,0.138,0.0,4.876,191.8,80.27,26,980.0
1999,9,18,16,0,81,684,368,65,732,373,8,23,65.14,0,0.138,0.0,4.862,209.70000000000002,84.39,26,980.0
1999,9,18,16,30,92,398,211,54,636,244,8,23,72.64,0,0.138,0.0,4.849,209.70000000000002,89.54,25,980.0
1999,9,18,17,0,51,313,104,39,478,121,7,23,80.14,4,0.138,0.1,4.836,232.9,93.45,25,980.0
1999,9,18,17,30,19,0,19,15,175,22,6,23,87.64,4,0.138,0.1,4.832,232.9,99.21000000000001,24,980.0
1999,9,18,18,0,0,0,0,0,0,0,6,23,95.14,0,0.138,0.2,4.828,259.2,98.94,24,980.0
1999,9,18,18,30,0,0,0,0,0,0,6,23,102.63,0,0.138,0.2,4.8180000000000005,259.2,100.0,24,980.0
1999,9,18,19,0,0,0,0,0,0,0,6,23,110.13,1,0.138,0.30000000000000004,4.808,257.40000000000003,100.0,24,980.0
1999,9,18,19,30,0,0,0,0,0,0,6,23,117.62,0,0.138,0.30000000000000004,4.808,257.40000000000003,100.0,23,980.0
1999,9,18,20,0,0,0,0,0,0,0,6,22,125.12,0,0.138,0.4,4.8100000000000005,254.8,98.4,23,980.0
1999,9,18,20,30,0,0,0,0,0,0,6,22,132.61,0,0.138,0.4,4.82,254.8,98.41,23,980.0
1999,9,18,21,0,0,0,0,0,0,0,6,22,140.09,0,0.138,0.4,4.831,263.90000000000003,97.34,23,980.0
1999,9,18,21,30,0,0,0,0,0,0,8,22,147.57,0,0.138,0.4,4.835,263.90000000000003,100.0,22,980.0
1999,9,18,22,0,0,0,0,0,0,0,7,22,155.04,0,0.138,0.5,4.839,270.2,100.0,22,980.0
1999,9,18,22,30,0,0,0,0,0,0,7,22,162.48,1,0.138,0.4,4.825,270.2,100.0,22,980.0
1999,9,18,23,0,0,0,0,0,0,0,7,22,169.83,1,0.138,0.4,4.811,273.3,100.0,22,980.0
1999,9,18,23,30,0,0,0,0,0,0,7,21,176.46,1,0.138,0.30000000000000004,4.773,273.3,100.0,21,980.0
1999,9,19,0,0,0,0,0,0,0,0,7,21,174.15,1,0.138,0.30000000000000004,4.736,276.40000000000003,100.0,21,980.0
1999,9,19,0,30,0,0,0,0,0,0,7,21,167.02,1,0.138,0.30000000000000004,4.686,276.40000000000003,100.0,21,980.0
1999,9,19,1,0,0,0,0,0,0,0,7,21,159.62,1,0.138,0.30000000000000004,4.638,276.0,100.0,21,980.0
1999,9,19,1,30,0,0,0,0,0,0,7,20,152.17000000000002,0,0.138,0.30000000000000004,4.593,276.0,100.0,21,980.0
1999,9,19,2,0,0,0,0,0,0,0,7,20,144.70000000000002,0,0.138,0.30000000000000004,4.549,270.5,100.0,21,980.0
1999,9,19,2,30,0,0,0,0,0,0,7,20,137.21,0,0.138,0.30000000000000004,4.517,270.5,100.0,21,980.0
1999,9,19,3,0,0,0,0,0,0,0,7,20,129.72,0,0.138,0.30000000000000004,4.486,261.5,100.0,21,980.0
1999,9,19,3,30,0,0,0,0,0,0,7,20,122.23,0,0.138,0.30000000000000004,4.468,261.5,100.0,20,980.0
1999,9,19,4,0,0,0,0,0,0,0,7,20,114.74000000000001,0,0.138,0.4,4.4510000000000005,252.60000000000002,100.0,20,980.0
1999,9,19,4,30,0,0,0,0,0,0,3,20,107.24000000000001,0,0.138,0.4,4.445,252.60000000000002,100.0,20,980.0
1999,9,19,5,0,0,0,0,0,0,0,0,20,99.75,0,0.138,0.5,4.44,247.4,100.0,20,980.0
1999,9,19,5,30,0,0,0,0,0,0,0,20,92.25,0,0.138,0.4,4.437,247.4,100.0,20,980.0
1999,9,19,6,0,26,312,55,26,312,55,0,20,84.75,0,0.138,0.30000000000000004,4.4350000000000005,248.3,100.0,21,980.0
1999,9,19,6,30,47,545,168,47,545,168,0,21,77.25,0,0.138,0.1,4.426,248.3,100.0,21,990.0
1999,9,19,7,0,139,131,185,61,672,294,3,22,69.75,0,0.138,0.0,4.418,252.20000000000002,100.0,22,990.0
1999,9,19,7,30,71,754,422,71,754,422,0,22,62.25,0,0.138,0.0,4.414,252.20000000000002,100.0,22,990.0
1999,9,19,8,0,252,248,396,78,811,546,3,22,54.76,0,0.138,0.0,4.4110000000000005,243.20000000000002,99.73,23,990.0
1999,9,19,8,30,84,850,662,84,850,662,0,22,47.26,0,0.138,0.0,4.42,243.20000000000002,99.75,24,990.0
1999,9,19,9,0,90,877,765,90,877,765,0,22,39.76,0,0.138,0.0,4.43,233.3,93.03,25,990.0
1999,9,19,9,30,94,898,854,94,898,854,0,22,32.26,0,0.138,0.0,4.452,233.3,93.01,25,990.0
1999,9,19,10,0,100,909,926,100,909,926,0,22,24.76,0,0.138,0.0,4.474,216.9,85.99,26,990.0
1999,9,19,10,30,102,920,981,102,920,981,0,22,17.26,1,0.138,0.0,4.494,216.9,85.95,26,990.0
1999,9,19,11,0,106,923,1016,106,923,1016,0,22,9.77,1,0.138,0.0,4.515,205.70000000000002,80.91,26,990.0
1999,9,19,11,30,106,926,1032,106,926,1032,0,22,2.3000000000000003,1,0.138,0.0,4.5200000000000005,205.70000000000002,80.87,26,980.0
1999,9,19,12,0,107,924,1028,107,924,1028,0,22,5.26,1,0.138,0.0,4.525,207.0,80.96000000000001,26,980.0
1999,9,19,12,30,106,920,1004,106,920,1004,0,22,12.74,0,0.138,0.0,4.505,207.0,80.93,26,980.0
1999,9,19,13,0,104,913,961,104,913,961,0,22,20.240000000000002,1,0.138,0.0,4.486,215.5,81.5,26,980.0
1999,9,19,13,30,101,900,898,101,900,898,0,22,27.740000000000002,1,0.138,0.0,4.453,215.5,81.47,26,980.0
1999,9,19,14,0,96,885,820,96,885,820,0,22,35.24,1,0.138,0.0,4.421,232.3,82.55,26,980.0
1999,9,19,14,30,190,645,664,92,861,724,8,22,42.74,1,0.138,0.0,4.388,232.3,87.56,26,980.0
1999,9,19,15,0,158,637,566,84,833,617,8,23,50.24,1,0.138,0.0,4.355,267.3,90.18,26,980.0
1999,9,19,15,30,147,580,457,77,788,498,8,23,57.74,0,0.138,0.0,4.33,267.3,90.17,25,980.0
1999,9,19,16,0,110,552,342,67,730,373,8,23,65.24,1,0.138,0.0,4.306,290.7,93.09,25,980.0
1999,9,19,16,30,76,496,224,56,633,244,8,23,72.74,1,0.138,0.0,4.297,290.7,98.81,25,980.0
1999,9,19,17,0,46,379,111,39,480,121,7,24,80.23,1,0.138,0.1,4.289,292.5,100.0,25,980.0
1999,9,19,17,30,19,0,19,14,176,21,7,24,87.73,4,0.138,0.1,4.3020000000000005,292.5,100.0,24,980.0
1999,9,19,18,0,0,0,0,0,0,0,7,23,95.23,0,0.138,0.2,4.315,310.20000000000005,97.24000000000001,24,980.0
1999,9,19,18,30,0,0,0,0,0,0,6,23,102.73,0,0.138,0.2,4.341,310.20000000000005,100.0,24,980.0
1999,9,19,19,0,0,0,0,0,0,0,6,23,110.23,1,0.138,0.30000000000000004,4.367,324.8,100.0,24,980.0
1999,9,19,19,30,0,0,0,0,0,0,7,23,117.72,0,0.138,0.30000000000000004,4.397,324.8,100.0,23,980.0
1999,9,19,20,0,0,0,0,0,0,0,6,22,125.22,0,0.138,0.30000000000000004,4.428,338.3,99.19,23,980.0
1999,9,19,20,30,0,0,0,0,0,0,8,22,132.71,0,0.138,0.30000000000000004,4.454,338.3,99.21000000000001,23,980.0
1999,9,19,21,0,0,0,0,0,0,0,8,22,140.20000000000002,0,0.138,0.30000000000000004,4.481,344.8,98.06,23,980.0
1999,9,19,21,30,0,0,0,0,0,0,7,22,147.69,0,0.138,0.2,4.492,344.8,98.06,23,980.0
1999,9,19,22,0,0,0,0,0,0,0,7,22,155.17000000000002,0,0.138,0.2,4.503,336.90000000000003,97.03,23,980.0
1999,9,19,22,30,0,0,0,0,0,0,7,22,162.62,1,0.138,0.2,4.5,336.90000000000003,100.0,23,980.0
1999,9,19,23,0,0,0,0,0,0,0,7,22,170.01,1,0.138,0.2,4.498,314.0,100.0,23,980.0
1999,9,19,23,30,0,0,0,0,0,0,7,22,176.81,1,0.138,0.2,4.492,314.0,100.0,22,980.0
1999,9,20,0,0,0,0,0,0,0,0,3,22,174.24,1,0.138,0.30000000000000004,4.487,280.2,100.0,22,980.0
1999,9,20,0,30,0,0,0,0,0,0,3,22,167.01,1,0.138,0.30000000000000004,4.483,280.2,100.0,22,980.0
1999,9,20,1,0,0,0,0,0,0,0,3,22,159.58,1,0.138,0.30000000000000004,4.479,253.10000000000002,100.0,22,980.0
1999,9,20,1,30,0,0,0,0,0,0,3,22,152.11,0,0.138,0.4,4.476,253.10000000000002,100.0,22,980.0
1999,9,20,2,0,0,0,0,0,0,0,1,21,144.63,0,0.138,0.5,4.474,230.4,99.65,22,980.0
1999,9,20,2,30,0,0,0,0,0,0,3,21,137.14000000000001,0,0.138,0.5,4.473,230.4,100.0,21,980.0
1999,9,20,3,0,0,0,0,0,0,0,3,21,129.65,0,0.138,0.6000000000000001,4.472,220.4,100.0,21,980.0
1999,9,20,3,30,0,0,0,0,0,0,3,21,122.16,0,0.138,0.6000000000000001,4.4670000000000005,220.4,100.0,21,980.0
1999,9,20,4,0,0,0,0,0,0,0,7,21,114.66,0,0.138,0.6000000000000001,4.462,218.60000000000002,100.0,21,980.0
1999,9,20,4,30,0,0,0,0,0,0,7,21,107.16,0,0.138,0.6000000000000001,4.461,218.60000000000002,100.0,21,980.0
1999,9,20,5,0,0,0,0,0,0,0,7,21,99.67,0,0.138,0.6000000000000001,4.46,219.3,100.0,21,980.0
1999,9,20,5,30,0,0,0,0,0,0,3,21,92.17,0,0.138,0.5,4.4670000000000005,219.3,100.0,21,980.0
1999,9,20,6,0,28,289,55,28,289,55,0,21,84.67,0,0.138,0.4,4.474,219.9,100.0,21,980.0
1999,9,20,6,30,51,522,167,51,522,167,0,21,77.17,0,0.138,0.2,4.49,219.9,98.68,22,990.0
1999,9,20,7,0,66,652,293,66,652,293,0,22,69.67,0,0.138,0.0,4.506,212.10000000000002,98.55,23,990.0
1999,9,20,7,30,77,736,421,77,736,421,0,22,62.17,0,0.138,0.0,4.531,212.10000000000002,98.57000000000001,23,990.0
1999,9,20,8,0,85,793,544,85,793,544,0,23,54.67,0,0.138,0.0,4.557,197.4,95.65,24,990.0
1999,9,20,8,30,92,834,659,92,834,659,0,23,47.17,0,0.138,0.0,4.583,197.4,90.12,25,990.0
1999,9,20,9,0,97,864,762,97,864,762,0,23,39.67,0,0.138,0.0,4.61,191.70000000000002,85.49,26,990.0
1999,9,20,9,30,101,886,851,101,886,851,0,23,32.17,0,0.138,0.0,4.642,191.70000000000002,85.46000000000001,26,990.0
1999,9,20,10,0,104,902,924,104,902,924,0,23,24.67,1,0.138,0.0,4.674,182.20000000000002,80.22,27,990.0
1999,9,20,10,30,106,913,979,106,913,979,0,23,17.17,1,0.138,0.0,4.7170000000000005,182.20000000000002,80.19,27,990.0
1999,9,20,11,0,106,920,1014,106,920,1014,0,23,9.67,1,0.138,0.0,4.761,176.9,75.71000000000001,28,980.0
1999,9,20,11,30,381,32,413,107,923,1030,6,23,2.17,1,0.138,0.0,4.807,176.9,75.67,28,980.0
1999,9,20,12,0,379,32,412,104,925,1026,6,23,5.33,1,0.138,0.0,4.853,175.20000000000002,76.03,28,980.0
1999,9,20,12,30,377,25,402,103,921,1001,6,23,12.83,0,0.138,0.0,4.901,175.20000000000002,75.99,28,980.0
1999,9,20,13,0,355,31,384,99,915,957,6,23,20.330000000000002,1,0.138,0.0,4.95,174.4,76.60000000000001,28,980.0
1999,9,20,13,30,333,29,359,97,902,895,6,23,27.830000000000002,1,0.138,0.0,4.995,174.4,76.58,28,980.0
1999,9,20,14,0,304,27,327,92,886,815,6,23,35.33,1,0.138,0.0,5.04,176.20000000000002,78.86,28,980.0
1999,9,20,14,30,325,77,382,87,862,720,6,23,42.83,1,0.138,0.0,5.088,176.20000000000002,83.59,28,980.0
1999,9,20,15,0,276,74,324,83,827,611,6,24,50.33,1,0.138,0.0,5.136,162.5,87.47,28,980.0
1999,9,20,15,30,225,67,261,76,781,493,6,24,57.83,0,0.138,0.0,5.1770000000000005,162.5,92.77,27,980.0
1999,9,20,16,0,167,63,194,70,709,366,6,24,65.33,1,0.138,0.1,5.218,127.5,92.46000000000001,27,980.0
1999,9,20,16,30,111,50,126,58,610,238,6,24,72.83,1,0.138,0.1,5.244,127.5,92.47,26,980.0
1999,9,20,17,0,58,20,61,42,437,115,8,24,80.33,1,0.138,0.2,5.271,119.60000000000001,94.03,26,980.0
1999,9,20,17,30,10,0,10,14,139,19,8,24,87.83,4,0.138,0.2,5.28,119.60000000000001,99.78,25,980.0
1999,9,20,18,0,0,0,0,0,0,0,4,23,95.33,0,0.138,0.30000000000000004,5.29,96.9,92.74,25,980.0
1999,9,20,18,30,0,0,0,0,0,0,3,23,102.83,0,0.138,0.30000000000000004,5.29,96.9,92.77,25,980.0
1999,9,20,19,0,0,0,0,0,0,0,3,23,110.33,1,0.138,0.4,5.29,65.7,92.08,25,980.0
1999,9,20,19,30,0,0,0,0,0,0,7,23,117.83,0,0.138,0.4,5.279,65.7,92.10000000000001,25,980.0
1999,9,20,20,0,0,0,0,0,0,0,7,23,125.32000000000001,0,0.138,0.4,5.2700000000000005,37.4,91.58,25,980.0
1999,9,20,20,30,0,0,0,0,0,0,7,23,132.82,0,0.138,0.4,5.249,37.4,97.21000000000001,24,980.0
1999,9,20,21,0,0,0,0,0,0,0,8,23,140.31,0,0.138,0.5,5.228,8.3,96.41,24,980.0
1999,9,20,21,30,0,0,0,0,0,0,8,23,147.8,0,0.138,0.5,5.196,8.3,96.41,24,980.0
1999,9,20,22,0,0,0,0,0,0,0,7,23,155.29,0,0.138,0.5,5.164,346.0,95.56,24,980.0
1999,9,20,22,30,0,0,0,0,0,0,7,23,162.76,1,0.138,0.5,5.127,346.0,100.0,23,980.0
1999,9,20,23,0,0,0,0,0,0,0,7,23,170.18,1,0.138,0.5,5.09,329.90000000000003,100.0,23,980.0
1999,9,20,23,30,0,0,0,0,0,0,7,23,177.14000000000001,1,0.138,0.5,5.054,329.90000000000003,100.0,23,980.0
1999,9,21,0,0,0,0,0,0,0,0,3,22,174.3,1,0.138,0.5,5.019,316.70000000000005,99.53,23,980.0
1999,9,21,0,30,0,0,0,0,0,0,3,22,166.98,1,0.138,0.5,4.993,316.70000000000005,100.0,23,980.0
1999,9,21,1,0,0,0,0,0,0,0,3,22,159.53,1,0.138,0.5,4.968,305.0,100.0,23,980.0
1999,9,21,1,30,0,0,0,0,0,0,3,22,152.05,0,0.138,0.5,4.95,305.0,100.0,23,980.0
1999,9,21,2,0,0,0,0,0,0,0,7,22,144.57,0,0.138,0.5,4.932,290.7,97.7,23,980.0
1999,9,21,2,30,0,0,0,0,0,0,7,22,137.07,0,0.138,0.4,4.913,290.7,97.71000000000001,23,980.0
1999,9,21,3,0,0,0,0,0,0,0,0,22,129.58,0,0.138,0.4,4.8950000000000005,263.7,97.27,23,980.0
1999,9,21,3,30,0,0,0,0,0,0,0,22,122.08,0,0.138,0.30000000000000004,4.862,263.7,100.0,23,980.0
1999,9,21,4,0,0,0,0,0,0,0,7,22,114.58,0,0.138,0.2,4.83,211.20000000000002,100.0,23,980.0
1999,9,21,4,30,0,0,0,0,0,0,1,22,107.08,0,0.138,0.2,4.777,211.20000000000002,100.0,22,980.0
1999,9,21,5,0,0,0,0,0,0,0,1,22,99.59,0,0.138,0.30000000000000004,4.7250000000000005,168.3,100.0,22,990.0
1999,9,21,5,30,0,0,0,0,0,0,3,22,92.09,0,0.138,0.2,4.662,168.3,100.0,22,990.0
1999,9,21,6,0,18,0,18,28,300,56,3,22,84.58,0,0.138,0.2,4.6000000000000005,163.5,100.0,22,990.0
1999,9,21,6,30,50,532,169,50,532,169,1,22,77.08,0,0.138,0.1,4.547,163.5,100.0,22,990.0
1999,9,21,7,0,140,92,172,61,678,297,3,23,69.58,0,0.138,0.0,4.494,172.20000000000002,100.0,23,990.0
1999,9,21,7,30,164,13,170,70,759,426,4,23,62.08,0,0.138,0.0,4.4590000000000005,172.20000000000002,100.0,23,990.0
1999,9,21,8,0,220,26,235,74,824,552,4,24,54.58,0,0.138,0.0,4.425,183.4,100.0,24,990.0
1999,9,21,8,30,295,56,333,79,863,667,4,24,47.08,0,0.138,0.0,4.414,183.4,100.0,24,990.0
1999,9,21,9,0,258,15,269,78,899,771,4,24,39.58,0,0.138,0.0,4.404,186.8,95.55,25,990.0
1999,9,21,9,30,182,6,188,81,919,860,4,24,32.08,0,0.138,0.0,4.417,186.8,95.53,25,990.0
1999,9,21,10,0,465,190,639,81,937,933,3,23,24.580000000000002,0,0.138,0.0,4.43,183.5,84.61,26,990.0
1999,9,21,10,30,442,53,493,82,946,987,4,23,17.080000000000002,0,0.138,0.0,4.458,183.5,84.58,26,990.0
1999,9,21,11,0,503,103,606,84,951,1023,3,22,9.58,0,0.138,0.0,4.487,177.9,76.01,27,990.0
1999,9,21,11,30,457,441,899,85,954,1038,8,22,2.1,0,0.138,0.0,4.517,177.9,75.98,27,990.0
1999,9,21,12,0,84,953,1033,84,953,1033,0,22,5.42,0,0.138,0.0,4.548,177.4,70.7,28,980.0
1999,9,21,12,30,444,388,823,83,949,1009,8,22,12.92,0,0.138,0.0,4.573,177.4,70.67,28,980.0
1999,9,21,13,0,398,36,432,82,940,964,8,22,20.42,0,0.138,0.0,4.599,184.10000000000002,71.43,28,980.0
1999,9,21,13,30,306,18,322,81,929,901,8,22,27.92,0,0.138,0.0,4.613,184.10000000000002,71.41,28,980.0
1999,9,21,14,0,374,339,650,81,908,821,8,22,35.42,0,0.138,0.0,4.628,193.5,73.14,28,980.0
1999,9,21,14,30,353,175,481,77,885,726,7,22,42.92,0,0.138,0.0,4.631,193.5,77.51,27,980.0
1999,9,21,15,0,207,529,545,73,853,617,8,22,50.42,0,0.138,0.0,4.634,182.8,78.24,27,980.0
1999,9,21,15,30,154,538,439,67,810,498,8,22,57.92,1,0.138,0.0,4.6290000000000004,182.8,82.97,27,980.0
1999,9,21,16,0,159,300,284,61,747,371,8,23,65.42,0,0.138,0.0,4.624,186.10000000000002,85.72,27,980.0
1999,9,21,16,30,105,275,185,51,653,243,7,23,72.92,0,0.138,0.0,4.619,186.10000000000002,90.95,26,980.0
1999,9,21,17,0,54,220,91,36,496,119,6,24,80.42,4,0.138,0.1,4.614,202.0,94.55,26,980.0
1999,9,21,17,30,15,0,15,13,188,20,6,24,87.92,4,0.138,0.2,4.606,202.0,100.0,25,980.0
1999,9,21,18,0,0,0,0,0,0,0,7,24,95.42,0,0.138,0.30000000000000004,4.598,215.5,100.0,25,980.0
1999,9,21,18,30,0,0,0,0,0,0,7,24,102.92,0,0.138,0.30000000000000004,4.587,215.5,100.0,24,980.0
1999,9,21,19,0,0,0,0,0,0,0,7,23,110.42,1,0.14,0.4,4.5760000000000005,223.70000000000002,98.12,24,980.0
1999,9,21,19,30,0,0,0,0,0,0,7,23,117.92,0,0.14,0.4,4.558,223.70000000000002,98.15,24,980.0
1999,9,21,20,0,0,0,0,0,0,0,3,23,125.42,0,0.14,0.4,4.542,229.20000000000002,97.19,24,990.0
1999,9,21,20,30,0,0,0,0,0,0,3,23,132.92000000000002,0,0.14,0.4,4.517,229.20000000000002,100.0,23,990.0
1999,9,21,21,0,0,0,0,0,0,0,0,23,140.42000000000002,0,0.14,0.4,4.493,230.8,100.0,23,990.0
1999,9,21,21,30,0,0,0,0,0,0,0,23,147.91,0,0.14,0.30000000000000004,4.468,230.8,100.0,23,990.0
1999,9,21,22,0,0,0,0,0,0,0,0,23,155.4,0,0.14,0.30000000000000004,4.4430000000000005,233.3,100.0,23,990.0
1999,9,21,22,30,0,0,0,0,0,0,0,22,162.88,1,0.14,0.2,4.4190000000000005,233.3,100.0,22,990.0
1999,9,21,23,0,0,0,0,0,0,0,0,22,170.33,1,0.14,0.2,4.396,234.4,100.0,22,990.0
1999,9,21,23,30,0,0,0,0,0,0,0,22,177.46,1,0.14,0.1,4.369,234.4,100.0,22,980.0
1999,9,22,0,0,0,0,0,0,0,0,3,22,174.33,1,0.14,0.1,4.3420000000000005,234.0,100.0,22,980.0
1999,9,22,0,30,0,0,0,0,0,0,3,22,166.94,1,0.14,0.1,4.314,234.0,100.0,22,980.0
1999,9,22,1,0,0,0,0,0,0,0,3,22,159.48,1,0.14,0.1,4.2860000000000005,228.70000000000002,100.0,22,980.0
1999,9,22,1,30,0,0,0,0,0,0,3,21,151.99,0,0.14,0.1,4.26,228.70000000000002,100.0,21,980.0
1999,9,22,2,0,0,0,0,0,0,0,3,21,144.5,0,0.14,0.1,4.235,223.8,100.0,21,980.0
1999,9,22,2,30,0,0,0,0,0,0,4,21,137.0,0,0.14,0.1,4.224,223.8,100.0,21,980.0
1999,9,22,3,0,0,0,0,0,0,0,4,21,129.5,0,0.14,0.1,4.213,218.8,100.0,21,980.0
1999,9,22,3,30,0,0,0,0,0,0,4,21,122.0,0,0.14,0.1,4.221,218.8,100.0,21,980.0
1999,9,22,4,0,0,0,0,0,0,0,7,21,114.5,0,0.14,0.1,4.23,214.0,100.0,21,980.0
1999,9,22,4,30,0,0,0,0,0,0,4,21,107.0,0,0.14,0.1,4.253,214.0,100.0,21,980.0
1999,9,22,5,0,0,0,0,0,0,0,4,21,99.5,0,0.14,0.2,4.277,210.8,100.0,21,980.0
1999,9,22,5,30,0,0,0,0,0,0,7,21,92.0,0,0.14,0.1,4.309,210.8,100.0,21,980.0
1999,9,22,6,0,30,188,48,25,372,60,7,21,84.5,4,0.14,0.1,4.341,209.70000000000002,100.0,21,990.0
1999,9,22,6,30,72,299,139,42,594,176,8,22,77.0,4,0.14,0.0,4.373,209.70000000000002,100.0,22,990.0
1999,9,22,7,0,123,336,241,52,718,304,8,22,69.5,0,0.14,0.0,4.406,214.60000000000002,96.87,23,990.0
1999,9,22,7,30,60,792,432,60,792,432,0,22,62.0,0,0.14,0.0,4.441,214.60000000000002,91.25,24,990.0
1999,9,22,8,0,215,433,467,64,845,555,7,22,54.5,0,0.14,0.0,4.477,216.60000000000002,83.62,25,990.0
1999,9,22,8,30,256,457,568,69,881,670,7,22,47.0,0,0.14,0.0,4.51,216.60000000000002,83.63,25,990.0
1999,9,22,9,0,72,908,772,72,908,772,0,21,39.5,0,0.14,0.0,4.5440000000000005,217.20000000000002,76.21000000000001,26,990.0
1999,9,22,9,30,74,927,861,74,927,861,0,21,32.0,0,0.14,0.0,4.583,217.20000000000002,76.2,27,990.0
1999,9,22,10,0,464,203,650,76,941,932,3,21,24.5,0,0.14,0.0,4.622,213.10000000000002,71.52,28,990.0
1999,9,22,10,30,489,246,724,78,950,986,3,21,17.01,0,0.14,0.0,4.666,213.10000000000002,71.49,28,990.0
1999,9,22,11,0,491,82,572,79,955,1021,3,21,9.52,0,0.14,0.0,4.711,205.3,68.14,28,990.0
1999,9,22,11,30,476,104,581,79,957,1036,7,21,2.11,4,0.14,0.0,4.752,205.3,68.11,28,990.0
1999,9,22,12,0,504,289,792,80,955,1031,3,21,5.55,0,0.14,0.0,4.7940000000000005,194.70000000000002,69.24,29,980.0
1999,9,22,12,30,79,951,1006,79,951,1006,0,21,13.02,0,0.14,0.0,4.831,194.70000000000002,69.21000000000001,29,980.0
1999,9,22,13,0,80,941,962,80,941,962,1,22,20.52,0,0.14,0.0,4.869,180.4,66.77,29,980.0
1999,9,22,13,30,350,523,812,79,929,899,7,22,28.01,0,0.14,0.0,4.899,180.4,70.73,28,980.0
1999,9,22,14,0,404,158,533,78,910,819,8,22,35.51,0,0.14,0.0,4.929,156.5,71.83,28,980.0
1999,9,22,14,30,193,6,197,74,887,723,6,22,43.01,0,0.14,0.0,4.94,156.5,76.12,27,980.0
1999,9,22,15,0,270,52,303,70,856,615,6,23,50.51,0,0.14,0.0,4.952,151.70000000000002,79.79,27,980.0
1999,9,22,15,30,235,144,311,65,813,496,6,23,58.02,0,0.14,0.0,4.966,151.70000000000002,84.61,26,980.0
1999,9,22,16,0,152,21,161,58,752,370,6,23,65.52,0,0.14,0.1,4.981,156.0,87.83,26,980.0
1999,9,22,16,30,112,57,129,49,658,241,6,23,73.02,0,0.14,0.1,4.996,156.0,93.2,26,980.0
1999,9,22,17,0,57,34,63,35,499,117,6,23,80.52,4,0.14,0.1,5.0120000000000005,114.9,93.11,26,980.0
1999,9,22,17,30,10,0,10,13,190,19,6,23,88.02,4,0.14,0.1,5.031,114.9,93.14,25,980.0
1999,9,22,18,0,0,0,0,0,0,0,6,23,95.52,0,0.14,0.2,5.051,96.7,91.14,25,980.0
1999,9,22,18,30,0,0,0,0,0,0,6,23,103.02,0,0.14,0.2,5.066,96.7,96.76,24,980.0
1999,9,22,19,0,0,0,0,0,0,0,6,23,110.52,1,0.14,0.30000000000000004,5.082,79.2,95.32000000000001,24,980.0
1999,9,22,19,30,0,0,0,0,0,0,6,23,118.02,0,0.14,0.30000000000000004,5.088,79.2,95.35000000000001,24,990.0
1999,9,22,20,0,0,0,0,0,0,0,6,23,125.52,0,0.14,0.30000000000000004,5.095,53.6,95.28,24,990.0
1999,9,22,20,30,0,0,0,0,0,0,6,23,133.02,0,0.14,0.30000000000000004,5.091,53.6,100.0,23,990.0
1999,9,22,21,0,0,0,0,0,0,0,6,23,140.52,0,0.14,0.30000000000000004,5.088,29.900000000000002,100.0,23,990.0
1999,9,22,21,30,0,0,0,0,0,0,8,23,148.02,0,0.14,0.2,5.079,29.900000000000002,100.0,23,990.0
1999,9,22,22,0,0,0,0,0,0,0,7,22,155.51,0,0.14,0.2,5.071,11.200000000000001,99.16,23,990.0
1999,9,22,22,30,0,0,0,0,0,0,7,22,163.0,1,0.14,0.2,5.058,11.200000000000001,100.0,22,990.0
1999,9,22,23,0,0,0,0,0,0,0,7,22,170.48,1,0.14,0.2,5.047,353.90000000000003,100.0,22,990.0
1999,9,22,23,30,0,0,0,0,0,0,7,22,177.74,1,0.14,0.1,5.03,353.90000000000003,100.0,22,980.0
1999,9,23,0,0,0,0,0,0,0,0,7,22,174.33,1,0.14,0.1,5.014,336.6,100.0,22,980.0
1999,9,23,0,30,0,0,0,0,0,0,7,21,166.9,1,0.14,0.1,4.998,336.6,100.0,22,980.0
1999,9,23,1,0,0,0,0,0,0,0,7,21,159.41,1,0.14,0.1,4.982,322.1,100.0,22,980.0
1999,9,23,1,30,0,0,0,0,0,0,7,21,151.92000000000002,0,0.14,0.1,4.972,322.1,100.0,21,980.0
1999,9,23,2,0,0,0,0,0,0,0,6,21,144.42000000000002,0,0.14,0.1,4.963,311.3,100.0,21,980.0
1999,9,23,2,30,0,0,0,0,0,0,6,21,136.92000000000002,0,0.14,0.1,4.962,311.3,100.0,21,980.0
1999,9,23,3,0,0,0,0,0,0,0,7,21,129.42000000000002,0,0.14,0.2,4.961,310.20000000000005,100.0,21,980.0
1999,9,23,3,30,0,0,0,0,0,0,7,21,121.92,0,0.14,0.30000000000000004,4.966,310.20000000000005,100.0,21,980.0
1999,9,23,4,0,0,0,0,0,0,0,7,21,114.42,0,0.14,0.4,4.971,327.40000000000003,100.0,22,980.0
1999,9,23,4,30,0,0,0,0,0,0,7,21,106.92,0,0.14,0.4,4.974,327.40000000000003,100.0,22,980.0
1999,9,23,5,0,0,0,0,0,0,0,7,21,99.42,0,0.14,0.4,4.977,25.3,100.0,22,980.0
1999,9,23,5,30,0,0,0,0,0,0,7,21,91.92,0,0.14,0.30000000000000004,4.972,25.3,100.0,22,990.0
1999,9,23,6,0,8,0,8,26,353,60,6,22,84.42,0,0.14,0.2,4.968,54.300000000000004,100.0,22,990.0
1999,9,23,6,30,22,0,22,44,577,175,6,22,76.92,0,0.14,0.1,4.964,54.300000000000004,100.0,22,990.0
1999,9,23,7,0,109,0,109,55,702,302,8,23,69.42,0,0.14,0.0,4.96,63.400000000000006,100.0,23,990.0
1999,9,23,7,30,194,63,224,64,778,430,7,23,61.92,0,0.14,0.0,4.965,63.400000000000006,100.0,23,990.0
1999,9,23,8,0,142,0,142,67,836,554,8,24,54.42,0,0.14,0.0,4.97,46.7,100.0,24,990.0
1999,9,23,8,30,219,11,227,72,872,668,8,24,46.92,0,0.14,0.0,4.9830000000000005,46.7,96.13,25,990.0
1999,9,23,9,0,330,44,364,75,901,771,4,23,39.42,0,0.14,0.0,4.997,37.300000000000004,87.72,26,990.0
1999,9,23,9,30,177,5,182,78,920,859,4,23,31.93,0,0.14,0.0,5.013,37.300000000000004,87.71000000000001,26,990.0
1999,9,23,10,0,452,97,541,80,934,930,4,22,24.43,0,0.14,0.0,5.03,34.800000000000004,77.14,27,990.0
1999,9,23,10,30,453,61,511,82,943,984,4,22,16.94,0,0.14,0.0,5.042,34.800000000000004,77.10000000000001,27,990.0
1999,9,23,11,0,516,147,662,84,948,1019,2,22,9.47,0,0.14,0.0,5.055,42.7,75.29,27,990.0
1999,9,23,11,30,84,951,1035,84,951,1035,0,22,2.19,0,0.14,0.0,5.056,42.7,75.25,27,990.0
1999,9,23,12,0,84,950,1030,84,950,1030,0,22,5.7,0,0.14,0.0,5.058,45.400000000000006,75.34,27,980.0
1999,9,23,12,30,84,946,1005,84,946,1005,0,22,13.14,0,0.14,0.0,5.0440000000000005,45.400000000000006,75.3,27,980.0
1999,9,23,13,0,82,938,961,82,938,961,0,22,20.62,0,0.14,0.0,5.03,50.400000000000006,75.85000000000001,27,980.0
1999,9,23,13,30,80,926,898,80,926,898,0,22,28.12,0,0.14,0.0,5.009,50.400000000000006,75.82000000000001,27,980.0
1999,9,23,14,0,348,402,676,77,911,818,2,22,35.61,0,0.14,0.0,4.989,76.9,76.69,27,980.0
1999,9,23,14,30,73,889,722,73,889,722,1,22,43.11,0,0.14,0.0,4.971,76.9,81.3,27,980.0
1999,9,23,15,0,68,859,614,68,859,614,0,22,50.61,0,0.14,0.0,4.955,90.9,83.46000000000001,27,980.0
1999,9,23,15,30,63,817,495,63,817,495,0,22,58.11,0,0.14,0.0,4.928,90.9,83.46000000000001,26,980.0
1999,9,23,16,0,56,758,369,56,758,369,0,23,65.61,0,0.14,0.0,4.902,84.10000000000001,85.46000000000001,26,980.0
1999,9,23,16,30,47,665,240,47,665,240,1,23,73.11,0,0.14,0.0,4.865,84.10000000000001,90.68,25,980.0
1999,9,23,17,0,34,511,117,34,511,117,0,23,80.61,0,0.14,0.1,4.828,100.5,92.53,25,980.0
1999,9,23,17,30,12,198,19,12,198,19,0,23,88.11,0,0.14,0.1,4.792,100.5,98.24000000000001,24,980.0
1999,9,23,18,0,0,0,0,0,0,0,0,23,95.61,0,0.14,0.2,4.757,94.10000000000001,97.15,24,980.0
1999,9,23,18,30,0,0,0,0,0,0,0,23,103.11,0,0.14,0.2,4.72,94.10000000000001,100.0,23,980.0
1999,9,23,19,0,0,0,0,0,0,0,0,23,110.62,1,0.14,0.30000000000000004,4.683,82.5,100.0,23,980.0
1999,9,23,19,30,0,0,0,0,0,0,0,22,118.12,0,0.14,0.2,4.646,82.5,100.0,23,980.0
1999,9,23,20,0,0,0,0,0,0,0,0,22,125.62,0,0.14,0.2,4.609,69.4,100.0,23,980.0
1999,9,23,20,30,0,0,0,0,0,0,3,22,133.12,0,0.14,0.2,4.57,69.4,100.0,22,990.0
1999,9,23,21,0,0,0,0,0,0,0,0,22,140.62,0,0.14,0.2,4.531,57.300000000000004,100.0,22,990.0
1999,9,23,21,30,0,0,0,0,0,0,3,22,148.12,0,0.14,0.2,4.508,57.300000000000004,100.0,22,990.0
1999,9,23,22,0,0,0,0,0,0,0,3,22,155.62,0,0.14,0.2,4.486,46.800000000000004,100.0,22,990.0
1999,9,23,22,30,0,0,0,0,0,0,3,21,163.11,1,0.14,0.2,4.484,46.800000000000004,100.0,22,990.0
1999,9,23,23,0,0,0,0,0,0,0,3,21,170.6,1,0.14,0.2,4.484,42.7,100.0,22,990.0
1999,9,23,23,30,0,0,0,0,0,0,3,21,177.99,1,0.14,0.2,4.482,42.7,100.0,22,990.0
1999,9,24,0,0,0,0,0,0,0,0,4,21,174.31,1,0.14,0.30000000000000004,4.481,43.400000000000006,100.0,22,980.0
1999,9,24,0,30,0,0,0,0,0,0,4,21,166.84,1,0.14,0.30000000000000004,4.4750000000000005,43.400000000000006,100.0,21,980.0
1999,9,24,1,0,0,0,0,0,0,0,4,21,159.34,1,0.14,0.4,4.47,46.0,100.0,21,980.0
1999,9,24,1,30,0,0,0,0,0,0,4,21,151.84,0,0.14,0.4,4.462,46.0,100.0,21,980.0
1999,9,24,2,0,0,0,0,0,0,0,4,21,144.35,0,0.14,0.5,4.454,52.900000000000006,100.0,21,980.0
1999,9,24,2,30,0,0,0,0,0,0,7,21,136.85,0,0.14,0.5,4.447,52.900000000000006,100.0,21,980.0
1999,9,24,3,0,0,0,0,0,0,0,8,21,129.35,0,0.14,0.5,4.441,65.8,100.0,21,980.0
1999,9,24,3,30,0,0,0,0,0,0,7,21,121.85000000000001,0,0.14,0.5,4.442,65.8,100.0,21,980.0
1999,9,24,4,0,0,0,0,0,0,0,3,21,114.34,0,0.14,0.5,4.444,88.2,100.0,21,980.0
1999,9,24,4,30,0,0,0,0,0,0,3,21,106.84,0,0.14,0.5,4.4590000000000005,88.2,100.0,21,980.0
1999,9,24,5,0,0,0,0,0,0,0,7,21,99.34,0,0.14,0.5,4.474,116.10000000000001,100.0,21,980.0
1999,9,24,5,30,0,0,0,0,0,0,7,21,91.84,0,0.14,0.4,4.5,116.10000000000001,100.0,21,990.0
1999,9,24,6,0,30,300,59,25,387,63,7,21,84.34,0,0.14,0.30000000000000004,4.5280000000000005,133.3,100.0,21,990.0
1999,9,24,6,30,41,604,179,41,604,179,0,21,76.84,0,0.14,0.1,4.5680000000000005,133.3,96.92,22,990.0
1999,9,24,7,0,142,88,173,51,724,306,3,21,69.34,0,0.14,0.0,4.6080000000000005,145.8,93.53,23,990.0
1999,9,24,7,30,188,44,209,58,797,434,4,21,61.84,0,0.14,0.0,4.659,145.8,93.56,23,990.0
1999,9,24,8,0,264,175,366,63,847,557,4,22,54.34,0,0.14,0.0,4.71,149.3,90.57000000000001,24,990.0
1999,9,24,8,30,316,245,484,68,882,671,3,22,46.85,0,0.14,0.0,4.763,149.3,85.34,25,990.0
1999,9,24,9,0,317,35,344,71,908,773,4,22,39.35,0,0.14,0.0,4.816,166.5,79.92,26,990.0
1999,9,24,9,30,359,419,716,74,926,861,3,22,31.85,0,0.14,0.0,4.86,166.5,79.9,26,990.0
1999,9,24,10,0,465,135,588,77,939,933,3,22,24.36,0,0.14,0.0,4.905,210.5,74.73,27,990.0
1999,9,24,10,30,424,413,820,78,948,986,3,22,16.88,0,0.14,0.0,4.942,210.5,74.69,27,990.0
1999,9,24,11,0,445,409,848,81,953,1021,3,22,9.43,0,0.14,0.0,4.979,232.4,75.06,27,990.0
1999,9,24,11,30,81,955,1036,81,955,1036,0,22,2.34,0,0.14,0.0,5.013,232.4,75.01,27,980.0
1999,9,24,12,0,82,953,1030,82,953,1030,1,22,5.87,0,0.14,0.0,5.047,233.4,75.55,28,980.0
1999,9,24,12,30,462,356,809,81,949,1005,3,22,13.26,0,0.14,0.0,5.078,233.4,75.5,28,980.0
1999,9,24,13,0,409,418,801,80,940,960,8,22,20.73,0,0.14,0.0,5.11,232.10000000000002,76.54,28,980.0
1999,9,24,13,30,361,470,775,78,928,897,8,22,28.22,0,0.14,0.0,5.131,232.10000000000002,76.5,27,980.0
1999,9,24,14,0,308,502,716,75,913,816,8,22,35.71,0,0.14,0.0,5.1530000000000005,224.60000000000002,78.31,27,980.0
1999,9,24,14,30,72,890,721,72,890,721,0,22,43.21,0,0.14,0.0,5.167,224.60000000000002,78.29,27,980.0
1999,9,24,15,0,67,860,612,67,860,612,0,23,50.71,0,0.14,0.0,5.182,219.5,79.71000000000001,27,980.0
1999,9,24,15,30,130,629,462,62,818,493,8,23,58.21,0,0.14,0.0,5.184,219.5,84.53,26,980.0
1999,9,24,16,0,172,139,229,55,757,367,8,23,65.71000000000001,0,0.14,0.0,5.186,222.60000000000002,86.51,26,980.0
1999,9,24,16,30,87,409,206,46,664,238,8,23,73.21000000000001,0,0.14,0.0,5.1850000000000005,222.60000000000002,91.8,25,980.0
1999,9,24,17,0,34,504,115,34,504,115,1,24,80.71000000000001,0,0.14,0.1,5.184,217.4,94.49,25,980.0
1999,9,24,17,30,18,0,18,12,190,18,7,24,88.2,4,0.14,0.1,5.1850000000000005,217.4,100.0,24,980.0
1999,9,24,18,0,0,0,0,0,0,0,7,24,95.71000000000001,0,0.14,0.1,5.187,218.5,100.0,24,980.0
1999,9,24,18,30,0,0,0,0,0,0,7,23,103.21000000000001,0,0.14,0.1,5.191,218.5,100.0,23,980.0
1999,9,24,19,0,0,0,0,0,0,0,7,23,110.71000000000001,1,0.14,0.2,5.196,223.8,100.0,23,980.0
1999,9,24,19,30,0,0,0,0,0,0,7,23,118.21000000000001,0,0.14,0.2,5.2,223.8,100.0,23,980.0
1999,9,24,20,0,0,0,0,0,0,0,7,23,125.71000000000001,0,0.14,0.30000000000000004,5.205,223.60000000000002,100.0,23,980.0
1999,9,24,20,30,0,0,0,0,0,0,3,23,133.21,0,0.14,0.30000000000000004,5.207,223.60000000000002,100.0,23,980.0
1999,9,24,21,0,0,0,0,0,0,0,4,23,140.71,0,0.14,0.4,5.21,219.3,100.0,23,980.0
1999,9,24,21,30,0,0,0,0,0,0,3,23,148.21,0,0.14,0.4,5.211,219.3,100.0,23,980.0
1999,9,24,22,0,0,0,0,0,0,0,3,23,155.71,0,0.14,0.5,5.213,214.3,100.0,23,980.0
1999,9,24,22,30,0,0,0,0,0,0,3,22,163.21,1,0.14,0.5,5.213,214.3,100.0,23,980.0
1999,9,24,23,0,0,0,0,0,0,0,3,22,170.71,1,0.14,0.5,5.213,214.3,100.0,23,980.0
1999,9,24,23,30,0,0,0,0,0,0,3,22,178.19,1,0.14,0.5,5.205,214.3,100.0,22,980.0
1999,9,25,0,0,0,0,0,0,0,0,7,22,174.26,1,0.14,0.5,5.197,221.3,100.0,22,980.0
1999,9,25,0,30,0,0,0,0,0,0,7,22,166.77,1,0.14,0.4,5.184,221.3,100.0,22,980.0
1999,9,25,1,0,0,0,0,0,0,0,7,22,159.27,1,0.14,0.4,5.172,231.60000000000002,100.0,22,980.0
1999,9,25,1,30,0,0,0,0,0,0,7,21,151.77,0,0.14,0.30000000000000004,5.154,231.60000000000002,100.0,22,980.0
1999,9,25,2,0,0,0,0,0,0,0,7,21,144.27,0,0.14,0.30000000000000004,5.138,244.5,100.0,22,980.0
1999,9,25,2,30,0,0,0,0,0,0,6,21,136.77,0,0.14,0.2,5.119,244.5,100.0,21,980.0
1999,9,25,3,0,0,0,0,0,0,0,6,21,129.26,0,0.14,0.2,5.1000000000000005,255.3,100.0,21,980.0
1999,9,25,3,30,0,0,0,0,0,0,6,21,121.76,0,0.14,0.2,5.085,255.3,100.0,21,980.0
1999,9,25,4,0,0,0,0,0,0,0,6,21,114.26,0,0.14,0.2,5.07,263.40000000000003,100.0,21,980.0
1999,9,25,4,30,0,0,0,0,0,0,6,21,106.76,0,0.14,0.2,5.066,263.40000000000003,100.0,21,980.0
1999,9,25,5,0,0,0,0,0,0,0,6,21,99.26,0,0.14,0.30000000000000004,5.063,273.0,100.0,21,980.0
1999,9,25,5,30,0,0,0,0,0,0,6,21,91.76,0,0.14,0.2,5.071,273.0,100.0,21,980.0
1999,9,25,6,0,15,0,15,27,348,62,6,21,84.26,0,0.14,0.2,5.079,282.2,100.0,22,980.0
1999,9,25,6,30,45,0,45,46,569,176,6,21,76.76,0,0.14,0.1,5.094,282.2,100.0,22,980.0
1999,9,25,7,0,92,0,92,58,692,304,6,22,69.26,0,0.14,0.0,5.11,306.90000000000003,100.0,23,980.0
1999,9,25,7,30,137,0,137,67,770,431,6,22,61.77,0,0.14,0.0,5.13,306.90000000000003,100.0,23,990.0
1999,9,25,8,0,175,3,177,73,826,555,6,23,54.27,0,0.14,0.0,5.151,314.5,100.0,24,990.0
1999,9,25,8,30,223,12,232,78,863,669,6,23,46.77,0,0.14,0.0,5.171,314.5,100.0,24,990.0
1999,9,25,9,0,257,14,268,81,892,772,6,24,39.28,0,0.14,0.0,5.192,324.8,100.0,24,990.0
1999,9,25,9,30,304,19,320,84,912,859,6,24,31.79,0,0.14,0.0,5.213,324.8,100.0,24,990.0
1999,9,25,10,0,353,25,377,86,927,931,6,23,24.3,0,0.14,0.0,5.235,341.3,93.15,25,990.0
1999,9,25,10,30,336,20,356,88,937,984,6,23,16.830000000000002,0,0.14,0.0,5.247,341.3,93.11,25,990.0
1999,9,25,11,0,320,17,337,88,943,1019,6,23,9.42,0,0.14,0.0,5.259,351.5,89.96000000000001,26,980.0
1999,9,25,11,30,138,1,139,88,946,1034,9,23,2.5500000000000003,0,0.14,0.0,5.256,351.5,89.9,26,980.0
1999,9,25,12,0,158,5,163,87,947,1029,6,22,6.0600000000000005,0,0.14,0.0,5.2540000000000004,357.5,87.76,26,980.0
1999,9,25,12,30,166,6,172,86,943,1003,6,22,13.4,0,0.14,0.0,5.24,357.5,87.71000000000001,26,980.0
1999,9,25,13,0,157,4,161,83,937,959,6,22,20.85,0,0.14,0.0,5.226,359.8,87.05,26,980.0
1999,9,25,13,30,204,9,212,81,925,895,6,22,28.330000000000002,0,0.14,0.0,5.21,359.8,87.01,25,980.0
1999,9,25,14,0,283,18,298,77,910,815,6,22,35.82,0,0.14,0.0,5.194,6.5,87.31,25,980.0
1999,9,25,14,30,285,28,306,73,888,719,7,22,43.31,0,0.14,0.0,5.1770000000000005,6.5,87.28,25,980.0
1999,9,25,15,0,293,173,403,68,858,611,7,22,50.81,0,0.14,0.0,5.16,17.0,88.42,25,980.0
1999,9,25,15,30,201,375,399,63,815,492,8,22,58.300000000000004,0,0.14,0.0,5.14,17.0,93.83,24,980.0
1999,9,25,16,0,145,13,151,56,754,365,4,23,65.8,0,0.14,0.0,5.12,123.80000000000001,98.18,24,980.0
1999,9,25,16,30,96,332,192,47,660,237,8,23,73.3,0,0.14,0.0,5.099,123.80000000000001,100.0,24,980.0
1999,9,25,17,0,49,270,92,34,499,114,8,23,80.8,4,0.14,0.1,5.079,96.9,100.0,24,980.0
1999,9,25,17,30,13,0,13,11,181,17,7,23,88.3,4,0.14,0.1,5.057,96.9,100.0,23,980.0
1999,9,25,18,0,0,0,0,0,0,0,7,22,95.8,0,0.14,0.2,5.0360000000000005,67.10000000000001,99.87,23,980.0
1999,9,25,18,30,0,0,0,0,0,0,8,22,103.3,0,0.14,0.2,5.019,67.10000000000001,99.89,23,980.0
1999,9,25,19,0,0,0,0,0,0,0,8,22,110.8,1,0.14,0.30000000000000004,5.003,63.5,97.99000000000001,23,980.0
1999,9,25,19,30,0,0,0,0,0,0,7,22,118.3,0,0.14,0.30000000000000004,4.988,63.5,100.0,23,980.0
1999,9,25,20,0,0,0,0,0,0,0,7,22,125.8,0,0.14,0.4,4.973,67.3,100.0,23,980.0
1999,9,25,20,30,0,0,0,0,0,0,7,22,133.3,0,0.14,0.4,4.961,67.3,100.0,22,980.0
1999,9,25,21,0,0,0,0,0,0,0,7,22,140.8,0,0.14,0.5,4.949,73.60000000000001,100.0,22,980.0
1999,9,25,21,30,0,0,0,0,0,0,7,22,148.3,0,0.14,0.5,4.936,73.60000000000001,100.0,22,980.0
1999,9,25,22,0,0,0,0,0,0,0,7,22,155.8,0,0.14,0.5,4.925,80.9,100.0,22,980.0
1999,9,25,22,30,0,0,0,0,0,0,7,21,163.3,1,0.14,0.5,4.916,80.9,100.0,22,980.0
1999,9,25,23,0,0,0,0,0,0,0,7,21,170.8,1,0.14,0.5,4.907,85.60000000000001,100.0,22,980.0
1999,9,25,23,30,0,0,0,0,0,0,7,21,178.3,1,0.14,0.4,4.901,85.60000000000001,100.0,22,980.0
1999,9,26,0,0,0,0,0,0,0,0,7,21,174.18,1,0.14,0.4,4.8950000000000005,76.7,97.97,22,980.0
1999,9,26,0,30,0,0,0,0,0,0,7,21,166.68,1,0.14,0.30000000000000004,4.89,76.7,100.0,22,980.0
1999,9,26,1,0,0,0,0,0,0,0,7,21,159.18,1,0.14,0.2,4.885,354.20000000000005,100.0,22,980.0
1999,9,26,1,30,0,0,0,0,0,0,7,21,151.68,0,0.14,0.30000000000000004,4.8790000000000004,354.20000000000005,100.0,21,980.0
1999,9,26,2,0,0,0,0,0,0,0,8,21,144.18,0,0.14,0.5,4.874,307.40000000000003,100.0,21,980.0
1999,9,26,2,30,0,0,0,0,0,0,7,20,136.68,0,0.14,0.5,4.868,307.40000000000003,100.0,21,980.0
1999,9,26,3,0,0,0,0,0,0,0,7,20,129.18,0,0.14,0.5,4.863,296.0,100.0,21,980.0
1999,9,26,3,30,0,0,0,0,0,0,7,20,121.68,0,0.14,0.5,4.855,296.0,100.0,20,980.0
1999,9,26,4,0,0,0,0,0,0,0,7,20,114.18,0,0.14,0.5,4.848,287.8,100.0,20,980.0
1999,9,26,4,30,0,0,0,0,0,0,7,20,106.68,0,0.14,0.4,4.838,287.8,100.0,20,980.0
1999,9,26,5,0,0,0,0,0,0,0,3,20,99.18,0,0.14,0.4,4.828,277.6,100.0,20,980.0
1999,9,26,5,30,0,0,0,0,0,0,3,20,91.68,0,0.14,0.2,4.82,277.6,100.0,20,980.0
1999,9,26,6,0,31,280,59,25,393,65,7,20,84.18,0,0.14,0.1,4.813,271.2,100.0,21,980.0
1999,9,26,6,30,32,0,32,41,607,181,4,21,76.69,0,0.14,0.0,4.8260000000000005,271.2,100.0,21,980.0
1999,9,26,7,0,140,57,160,51,725,309,3,22,69.19,0,0.14,0.0,4.84,282.5,100.0,22,980.0
1999,9,26,7,30,58,797,437,58,797,437,1,22,61.690000000000005,0,0.14,0.0,4.872,282.5,96.83,23,980.0
1999,9,26,8,0,259,87,311,62,849,559,3,22,54.2,0,0.14,0.0,4.904,317.6,92.24,24,980.0
1999,9,26,8,30,304,64,348,67,884,673,4,22,46.7,0,0.14,0.0,4.941,317.6,92.26,24,980.0
1999,9,26,9,0,380,179,519,70,909,775,4,21,39.21,0,0.14,0.0,4.978,347.8,82.47,25,980.0
1999,9,26,9,30,413,89,489,72,928,862,4,21,31.73,0,0.14,0.0,5.015,347.8,82.46000000000001,26,980.0
1999,9,26,10,0,467,203,653,75,941,933,3,21,24.25,0,0.14,0.0,5.053,3.0,76.27,27,980.0
1999,9,26,10,30,489,253,732,76,950,986,3,21,16.8,0,0.14,0.0,5.086,3.0,76.23,27,980.0
1999,9,26,11,0,513,232,743,77,956,1020,3,21,9.42,0,0.14,0.0,5.119,4.9,72.78,27,980.0
1999,9,26,11,30,481,350,832,77,958,1035,3,21,2.79,0,0.14,0.0,5.151,4.9,72.73,27,980.0
1999,9,26,12,0,377,452,827,77,957,1029,7,22,6.2700000000000005,4,0.14,0.0,5.184,6.0,70.01,28,980.0
1999,9,26,12,30,509,177,682,77,952,1003,8,22,13.540000000000001,0,0.14,0.0,5.214,6.0,69.98,28,980.0
1999,9,26,13,0,466,287,734,76,944,958,8,22,20.98,0,0.14,0.0,5.244,19.900000000000002,71.44,28,980.0
1999,9,26,13,30,430,288,684,74,932,894,8,22,28.44,0,0.14,0.0,5.272,19.900000000000002,71.41,28,980.0
1999,9,26,14,0,389,274,612,73,914,814,8,22,35.93,0,0.14,0.0,5.301,92.30000000000001,72.81,28,980.0
1999,9,26,14,30,283,448,609,70,891,718,8,22,43.42,0,0.14,0.0,5.319,92.30000000000001,77.16,27,980.0
1999,9,26,15,0,67,859,609,67,859,609,1,23,50.910000000000004,0,0.14,0.0,5.337,84.5,81.44,27,980.0
1999,9,26,15,30,62,817,490,62,817,490,0,23,58.4,0,0.14,0.0,5.335,84.5,86.35000000000001,27,980.0
1999,9,26,16,0,54,758,364,54,758,364,0,23,65.9,0,0.14,0.0,5.333,114.9,87.34,27,980.0
1999,9,26,16,30,45,664,235,45,664,235,8,23,73.4,3,0.14,0.0,5.33,114.9,87.36,26,980.0
1999,9,26,17,0,32,505,112,32,505,112,7,24,80.89,4,0.14,0.1,5.329,132.1,91.18,26,980.0
1999,9,26,17,30,16,0,16,11,187,16,4,24,88.39,4,0.14,0.2,5.3180000000000005,132.1,96.75,25,980.0
1999,9,26,18,0,0,0,0,0,0,0,3,23,95.89,0,0.14,0.30000000000000004,5.307,146.20000000000002,88.94,25,980.0
1999,9,26,18,30,0,0,0,0,0,0,7,23,103.39,0,0.14,0.30000000000000004,5.284,146.20000000000002,94.42,24,980.0
1999,9,26,19,0,0,0,0,0,0,0,7,23,110.89,1,0.14,0.30000000000000004,5.261,151.4,100.0,24,980.0
1999,9,26,19,30,0,0,0,0,0,0,7,23,118.39,0,0.14,0.2,5.24,151.4,100.0,23,980.0
1999,9,26,20,0,0,0,0,0,0,0,7,22,125.89,0,0.14,0.1,5.22,149.4,98.12,23,980.0
1999,9,26,20,30,0,0,0,0,0,0,7,22,133.39000000000001,0,0.14,0.0,5.212,149.4,100.0,23,980.0
1999,9,26,21,0,0,0,0,0,0,0,7,22,140.89000000000001,0,0.14,0.0,5.204,148.0,100.0,23,980.0
1999,9,26,21,30,0,0,0,0,0,0,6,22,148.39000000000001,0,0.14,0.0,5.205,148.0,100.0,22,980.0
1999,9,26,22,0,0,0,0,0,0,0,6,22,155.89000000000001,0,0.14,0.0,5.208,149.6,100.0,22,980.0
1999,9,26,22,30,0,0,0,0,0,0,6,22,163.38,1,0.14,0.0,5.218,149.6,100.0,22,980.0
1999,9,26,23,0,0,0,0,0,0,0,6,22,170.88,1,0.14,0.1,5.228,152.9,100.0,22,980.0
1999,9,26,23,30,0,0,0,0,0,0,6,22,178.33,1,0.14,0.2,5.243,152.9,100.0,22,980.0
1999,9,27,0,0,0,0,0,0,0,0,6,22,174.08,1,0.14,0.30000000000000004,5.259,148.20000000000002,100.0,22,980.0
1999,9,27,0,30,0,0,0,0,0,0,6,22,166.59,1,0.14,0.30000000000000004,5.268,148.20000000000002,100.0,22,980.0
1999,9,27,1,0,0,0,0,0,0,0,6,22,159.09,1,0.14,0.4,5.2780000000000005,131.70000000000002,100.0,22,980.0
1999,9,27,1,30,0,0,0,0,0,0,6,22,151.6,0,0.14,0.30000000000000004,5.279,131.70000000000002,100.0,22,980.0
1999,9,27,2,0,0,0,0,0,0,0,6,22,144.1,0,0.14,0.30000000000000004,5.28,94.0,100.0,22,980.0
1999,9,27,2,30,0,0,0,0,0,0,6,22,136.6,0,0.14,0.30000000000000004,5.273,94.0,100.0,22,980.0
1999,9,27,3,0,0,0,0,0,0,0,8,22,129.1,0,0.14,0.30000000000000004,5.267,63.800000000000004,100.0,22,980.0
1999,9,27,3,30,0,0,0,0,0,0,7,22,121.60000000000001,0,0.14,0.30000000000000004,5.256,63.800000000000004,100.0,22,980.0
1999,9,27,4,0,0,0,0,0,0,0,7,21,114.10000000000001,0,0.14,0.30000000000000004,5.246,54.300000000000004,99.66,22,980.0
1999,9,27,4,30,0,0,0,0,0,0,8,21,106.60000000000001,0,0.14,0.30000000000000004,5.236,54.300000000000004,99.69,22,980.0
1999,9,27,5,0,0,0,0,0,0,0,7,21,99.10000000000001,0,0.14,0.4,5.227,67.60000000000001,99.2,22,980.0
1999,9,27,5,30,0,0,0,0,0,0,6,21,91.61,0,0.14,0.4,5.221,67.60000000000001,99.25,22,980.0
1999,9,27,6,0,11,0,11,26,383,65,8,22,84.11,0,0.14,0.4,5.216,85.60000000000001,100.0,22,980.0
1999,9,27,6,30,12,0,12,43,597,181,8,22,76.61,0,0.14,0.2,5.219,85.60000000000001,100.0,22,980.0
1999,9,27,7,0,120,1,120,54,713,308,4,22,69.11,0,0.14,0.0,5.223,99.7,100.0,22,980.0
1999,9,27,7,30,187,315,337,62,787,436,7,22,61.620000000000005,0,0.14,0.0,5.23,99.7,100.0,22,980.0
1999,9,27,8,0,215,448,477,68,838,559,7,23,54.13,0,0.14,0.0,5.237,125.4,100.0,23,980.0
1999,9,27,8,30,72,874,673,72,874,673,0,23,46.64,0,0.14,0.0,5.242,125.4,100.0,23,980.0
1999,9,27,9,0,274,543,696,76,901,775,7,24,39.15,0,0.14,0.0,5.248,126.7,100.0,24,980.0
1999,9,27,9,30,369,403,713,79,920,862,8,24,31.67,0,0.14,0.0,5.252,126.7,100.0,24,980.0
1999,9,27,10,0,467,204,654,82,933,933,3,24,24.2,0,0.14,0.0,5.257,121.0,100.0,25,980.0
1999,9,27,10,30,497,141,632,83,943,986,3,24,16.77,0,0.14,0.0,5.258,121.0,100.0,25,980.0
1999,9,27,11,0,518,201,716,85,948,1020,3,24,9.44,0,0.14,0.0,5.259,119.0,96.84,25,980.0
1999,9,27,11,30,524,138,663,85,950,1035,3,24,3.0700000000000003,0,0.14,0.0,5.257,119.0,96.81,25,980.0
1999,9,27,12,0,509,273,781,86,949,1029,3,24,6.5,0,0.14,0.0,5.256,124.30000000000001,95.29,25,980.0
1999,9,27,12,30,85,944,1003,85,944,1003,1,24,13.700000000000001,0,0.14,0.0,5.2540000000000004,124.30000000000001,95.25,25,980.0
1999,9,27,13,0,480,218,684,84,936,958,3,23,21.11,0,0.14,0.0,5.252,137.5,93.71000000000001,25,980.0
1999,9,27,13,30,373,427,749,82,924,894,8,23,28.560000000000002,0,0.14,0.0,5.246,137.5,93.68,25,980.0
1999,9,27,14,0,325,30,350,79,906,813,6,23,36.04,0,0.14,0.0,5.2410000000000005,161.60000000000002,93.49,25,980.0
1999,9,27,14,30,343,243,519,76,883,717,7,23,43.52,0,0.14,0.0,5.228,161.60000000000002,99.22,24,980.0
1999,9,27,15,0,235,452,520,71,852,607,8,23,51.01,0,0.14,0.0,5.216,189.8,99.8,24,980.0
1999,9,27,15,30,158,537,439,65,808,488,8,23,58.5,0,0.14,0.0,5.2010000000000005,189.8,99.8,24,980.0
1999,9,27,16,0,165,225,256,58,746,362,8,24,66.0,0,0.14,0.0,5.187,225.20000000000002,100.0,24,980.0
1999,9,27,16,30,99,292,182,48,649,233,8,23,73.49,0,0.14,0.0,5.166,225.20000000000002,100.0,24,980.0
1999,9,27,17,0,50,234,86,34,488,110,7,23,80.99,4,0.14,0.1,5.146,243.9,100.0,24,980.0
1999,9,27,17,30,12,0,12,11,165,15,7,23,88.48,4,0.14,0.2,5.123,243.9,100.0,23,980.0
1999,9,27,18,0,0,0,0,0,0,0,6,23,95.98,0,0.14,0.4,5.101,249.8,100.0,23,980.0
1999,9,27,18,30,0,0,0,0,0,0,6,22,103.48,0,0.14,0.4,5.083,249.8,100.0,23,980.0
1999,9,27,19,0,0,0,0,0,0,0,6,22,110.98,1,0.14,0.5,5.065,255.10000000000002,100.0,23,980.0
1999,9,27,19,30,0,0,0,0,0,0,6,22,118.48,0,0.14,0.5,5.054,255.10000000000002,100.0,22,980.0
1999,9,27,20,0,0,0,0,0,0,0,6,22,125.97,0,0.14,0.5,5.0440000000000005,258.5,100.0,22,980.0
1999,9,27,20,30,0,0,0,0,0,0,6,22,133.47,0,0.14,0.5,5.042,258.5,100.0,22,980.0
1999,9,27,21,0,0,0,0,0,0,0,6,22,140.97,0,0.14,0.5,5.042,260.0,100.0,22,990.0
1999,9,27,21,30,0,0,0,0,0,0,6,22,148.47,0,0.14,0.5,5.046,260.0,100.0,22,990.0
1999,9,27,22,0,0,0,0,0,0,0,6,22,155.96,0,0.14,0.6000000000000001,5.051,263.90000000000003,100.0,22,990.0
1999,9,27,22,30,0,0,0,0,0,0,6,21,163.46,1,0.14,0.6000000000000001,5.055,263.90000000000003,100.0,22,990.0
1999,9,27,23,0,0,0,0,0,0,0,6,21,170.94,1,0.14,0.6000000000000001,5.059,270.7,100.0,22,980.0
1999,9,27,23,30,0,0,0,0,0,0,6,21,178.27,1,0.14,0.5,5.0600000000000005,270.7,100.0,21,980.0
1999,9,28,0,0,0,0,0,0,0,0,6,21,173.96,1,0.14,0.5,5.061,277.6,100.0,21,980.0
1999,9,28,0,30,0,0,0,0,0,0,6,21,166.49,1,0.14,0.5,5.059,277.6,100.0,21,980.0
1999,9,28,1,0,0,0,0,0,0,0,6,21,159.0,1,0.14,0.5,5.057,283.5,100.0,21,980.0
1999,9,28,1,30,0,0,0,0,0,0,6,21,151.51,0,0.14,0.5,5.054,283.5,100.0,21,980.0
1999,9,28,2,0,0,0,0,0,0,0,6,21,144.01,0,0.14,0.5,5.051,289.3,100.0,21,980.0
1999,9,28,2,30,0,0,0,0,0,0,6,21,136.51,0,0.14,0.4,5.048,289.3,100.0,21,980.0
1999,9,28,3,0,0,0,0,0,0,0,6,21,129.01,0,0.14,0.4,5.046,292.3,100.0,21,980.0
1999,9,28,3,30,0,0,0,0,0,0,6,20,121.52,0,0.14,0.4,5.048,292.3,100.0,21,980.0
1999,9,28,4,0,0,0,0,0,0,0,8,20,114.02,0,0.14,0.4,5.0520000000000005,287.3,100.0,21,980.0
1999,9,28,4,30,0,0,0,0,0,0,8,20,106.52,0,0.14,0.4,5.061,287.3,100.0,21,980.0
1999,9,28,5,0,0,0,0,0,0,0,7,20,99.02,0,0.14,0.4,5.071,273.0,100.0,21,980.0
1999,9,28,5,30,0,0,0,0,0,0,7,20,91.53,0,0.14,0.30000000000000004,5.085,273.0,100.0,21,980.0
1999,9,28,6,0,35,93,45,28,342,64,7,21,84.03,0,0.14,0.2,5.099,257.6,100.0,21,980.0
1999,9,28,6,30,87,142,120,48,560,179,8,21,76.54,0,0.14,0.1,5.112,257.6,100.0,21,990.0
1999,9,28,7,0,145,105,183,62,682,306,7,22,69.04,0,0.14,0.0,5.126,240.5,100.0,22,990.0
1999,9,28,7,30,195,55,221,71,761,434,8,22,61.550000000000004,0,0.14,0.0,5.127,240.5,100.0,22,990.0
1999,9,28,8,0,251,61,287,78,815,556,7,23,54.06,0,0.14,0.0,5.128,243.9,100.0,23,990.0
1999,9,28,8,30,208,8,213,84,853,670,4,23,46.57,0,0.14,0.0,5.122,243.9,100.0,23,990.0
1999,9,28,9,0,241,12,250,88,881,772,4,22,39.09,0,0.14,0.0,5.117,242.3,98.93,23,990.0
1999,9,28,9,30,221,10,230,92,902,860,4,22,31.62,0,0.14,0.0,5.119,242.3,98.91,24,990.0
1999,9,28,10,0,273,14,286,95,916,931,4,22,24.16,0,0.14,0.0,5.121,235.60000000000002,90.81,25,990.0
1999,9,28,10,30,274,14,288,96,926,984,7,22,16.75,0,0.14,0.0,5.13,235.60000000000002,85.53,25,990.0
1999,9,28,11,0,430,38,467,96,934,1018,7,22,9.47,0,0.14,0.0,5.14,233.3,78.86,26,990.0
1999,9,28,11,30,437,38,476,97,936,1032,7,22,3.37,0,0.14,0.0,5.1530000000000005,233.3,78.82000000000001,26,980.0
1999,9,28,12,0,497,82,579,94,938,1026,7,22,6.74,0,0.14,0.0,5.167,228.70000000000002,79.01,26,980.0
1999,9,28,12,30,476,73,547,93,933,1000,7,22,13.86,0,0.14,0.0,5.182,228.70000000000002,78.96000000000001,26,980.0
1999,9,28,13,0,465,92,552,90,927,955,8,22,21.240000000000002,0,0.14,0.0,5.197,219.5,79.15,27,980.0
1999,9,28,13,30,433,96,518,88,915,891,6,22,28.68,0,0.14,0.0,5.205,219.5,79.12,26,980.0
1999,9,28,14,0,399,128,503,85,897,809,8,22,36.15,0,0.14,0.0,5.215,214.10000000000002,79.4,26,980.0
1999,9,28,14,30,349,149,457,81,873,713,8,22,43.63,0,0.14,0.0,5.213,214.10000000000002,79.39,26,980.0
1999,9,28,15,0,260,363,488,75,842,604,8,22,51.11,0,0.14,0.0,5.212,215.5,82.36,26,980.0
1999,9,28,15,30,205,351,388,69,797,484,8,22,58.6,0,0.14,0.0,5.2010000000000005,215.5,87.37,25,980.0
1999,9,28,16,0,145,362,292,59,738,359,8,23,66.09,0,0.14,0.0,5.191,225.5,90.28,25,980.0
1999,9,28,16,30,83,0,83,49,640,230,8,23,73.59,0,0.14,0.0,5.173,225.5,95.83,24,980.0
1999,9,28,17,0,39,0,39,34,475,108,7,23,81.08,4,0.14,0.0,5.155,231.5,98.71000000000001,24,980.0
1999,9,28,17,30,5,0,5,10,151,14,7,23,88.57000000000001,4,0.14,0.0,5.132,231.5,100.0,23,980.0
1999,9,28,18,0,0,0,0,0,0,0,7,23,96.07000000000001,0,0.14,0.1,5.109,236.4,100.0,23,980.0
1999,9,28,18,30,0,0,0,0,0,0,7,22,103.57000000000001,0,0.14,0.1,5.083,236.4,100.0,23,980.0
1999,9,28,19,0,0,0,0,0,0,0,7,22,111.06,1,0.14,0.1,5.057,232.5,100.0,23,980.0
1999,9,28,19,30,0,0,0,0,0,0,7,22,118.56,0,0.14,0.1,5.025,232.5,100.0,22,980.0
1999,9,28,20,0,0,0,0,0,0,0,7,22,126.06,0,0.14,0.1,4.993,223.10000000000002,100.0,22,980.0
1999,9,28,20,30,0,0,0,0,0,0,7,22,133.55,0,0.14,0.1,4.954,223.10000000000002,100.0,22,980.0
1999,9,28,21,0,0,0,0,0,0,0,7,22,141.05,0,0.14,0.2,4.916,214.10000000000002,100.0,22,980.0
1999,9,28,21,30,0,0,0,0,0,0,7,22,148.54,0,0.14,0.1,4.878,214.10000000000002,100.0,22,980.0
1999,9,28,22,0,0,0,0,0,0,0,1,22,156.03,0,0.14,0.1,4.84,214.0,100.0,22,980.0
1999,9,28,22,30,0,0,0,0,0,0,1,21,163.52,1,0.14,0.1,4.803,214.0,100.0,21,980.0
1999,9,28,23,0,0,0,0,0,0,0,1,21,170.98,1,0.14,0.1,4.767,216.4,100.0,21,980.0
1999,9,28,23,30,0,0,0,0,0,0,1,21,178.11,1,0.14,0.0,4.735,216.4,100.0,21,980.0
1999,9,29,0,0,0,0,0,0,0,0,7,21,173.81,1,0.14,0.0,4.704,216.20000000000002,100.0,21,980.0
1999,9,29,0,30,0,0,0,0,0,0,7,21,166.38,1,0.14,0.0,4.69,216.20000000000002,100.0,21,980.0
1999,9,29,1,0,0,0,0,0,0,0,7,21,158.9,1,0.14,0.0,4.6770000000000005,210.0,100.0,21,980.0
1999,9,29,1,30,0,0,0,0,0,0,7,21,151.41,0,0.14,0.0,4.6850000000000005,210.0,100.0,21,980.0
1999,9,29,2,0,0,0,0,0,0,0,7,21,143.92000000000002,0,0.14,0.0,4.694,195.0,100.0,21,980.0
1999,9,29,2,30,0,0,0,0,0,0,7,21,136.42000000000002,0,0.14,0.0,4.707,195.0,100.0,21,980.0
1999,9,29,3,0,0,0,0,0,0,0,7,21,128.93,0,0.14,0.0,4.721,189.5,100.0,21,980.0
1999,9,29,3,30,0,0,0,0,0,0,8,20,121.43,0,0.14,0.0,4.721,189.5,100.0,21,980.0
1999,9,29,4,0,0,0,0,0,0,0,7,20,113.94,0,0.14,0.0,4.722,195.4,100.0,21,980.0
1999,9,29,4,30,0,0,0,0,0,0,7,20,106.44,0,0.14,0.0,4.723,195.4,100.0,20,980.0
1999,9,29,5,0,0,0,0,0,0,0,8,20,98.95,0,0.14,0.0,4.7250000000000005,197.0,100.0,20,980.0
1999,9,29,5,30,0,0,0,0,0,0,7,20,91.45,0,0.14,0.0,4.76,197.0,100.0,20,980.0
1999,9,29,6,0,35,49,41,30,330,64,7,20,83.96000000000001,0,0.14,0.0,4.796,186.8,100.0,21,990.0
1999,9,29,6,30,88,116,115,51,549,179,7,20,76.46000000000001,0,0.14,0.0,4.853,186.8,100.0,21,990.0
1999,9,29,7,0,144,74,170,64,677,307,8,21,68.97,0,0.14,0.0,4.9110000000000005,170.9,100.0,21,990.0
1999,9,29,7,30,206,180,292,73,756,435,7,21,61.480000000000004,0,0.14,0.0,4.962,170.9,100.0,21,990.0
1999,9,29,8,0,264,100,323,80,811,558,8,22,54.0,0,0.14,0.0,5.013,161.4,100.0,22,990.0
1999,9,29,8,30,247,18,260,86,850,671,4,22,46.51,0,0.14,0.0,5.048,161.4,100.0,22,990.0
1999,9,29,9,0,367,86,434,89,881,774,8,22,39.04,0,0.14,0.0,5.0840000000000005,178.3,99.06,23,990.0
1999,9,29,9,30,427,132,540,93,901,861,4,22,31.57,0,0.14,0.0,5.114,178.3,99.05,23,990.0
1999,9,29,10,0,470,168,624,91,923,933,4,22,24.13,0,0.14,0.0,5.1450000000000005,187.9,96.88,23,990.0
1999,9,29,10,30,491,250,731,93,932,986,8,22,16.740000000000002,0,0.14,0.0,5.16,187.9,96.85000000000001,23,990.0
1999,9,29,11,0,508,258,763,89,945,1021,7,21,9.53,0,0.14,0.0,5.175,194.10000000000002,87.21000000000001,24,990.0
1999,9,29,11,30,499,80,580,89,947,1035,8,21,3.7,0,0.14,0.0,5.17,194.10000000000002,87.16,24,990.0
1999,9,29,12,0,440,40,481,85,951,1029,4,21,7.0,0,0.14,0.0,5.167,200.20000000000002,84.66,24,990.0
1999,9,29,12,30,495,104,596,84,947,1003,4,21,14.030000000000001,0,0.14,0.0,5.1530000000000005,200.20000000000002,84.62,24,990.0
1999,9,29,13,0,368,27,393,80,941,957,4,21,21.38,0,0.14,0.0,5.14,205.20000000000002,83.84,24,980.0
1999,9,29,13,30,446,173,598,78,929,893,4,21,28.810000000000002,0,0.14,0.0,5.123,205.20000000000002,83.79,24,980.0
1999,9,29,14,0,401,169,538,74,914,812,4,21,36.27,0,0.14,0.0,5.107,203.70000000000002,84.10000000000001,24,980.0
1999,9,29,14,30,348,141,450,71,892,716,4,21,43.74,0,0.14,0.0,5.093,203.70000000000002,84.08,24,980.0
1999,9,29,15,0,244,421,507,66,861,606,7,21,51.22,0,0.14,0.0,5.08,198.20000000000002,85.45,24,980.0
1999,9,29,15,30,229,121,292,61,818,486,4,21,58.7,0,0.14,0.0,5.066,198.20000000000002,90.73,24,980.0
1999,9,29,16,0,166,196,245,56,753,360,8,21,66.19,0,0.14,0.0,5.053,192.0,93.11,24,980.0
1999,9,29,16,30,104,188,157,47,656,231,8,21,73.68,3,0.14,0.0,5.0440000000000005,192.0,93.13,23,980.0
1999,9,29,17,0,53,135,73,34,480,108,7,22,81.17,4,0.14,0.1,5.035,178.70000000000002,95.62,23,980.0
1999,9,29,17,30,9,0,9,10,152,14,7,22,88.66,4,0.14,0.2,5.0200000000000005,178.70000000000002,100.0,22,980.0
1999,9,29,18,0,0,0,0,0,0,0,4,22,96.16,0,0.14,0.30000000000000004,5.005,174.8,100.0,22,980.0
1999,9,29,18,30,0,0,0,0,0,0,7,22,103.65,0,0.14,0.30000000000000004,4.9830000000000005,174.8,100.0,22,980.0
1999,9,29,19,0,0,0,0,0,0,0,7,21,111.15,1,0.14300000000000002,0.4,4.961,183.4,99.92,22,980.0
1999,9,29,19,30,0,0,0,0,0,0,7,21,118.64,0,0.14300000000000002,0.4,4.937,183.4,100.0,21,980.0
1999,9,29,20,0,0,0,0,0,0,0,0,21,126.14,0,0.14300000000000002,0.4,4.913,190.8,100.0,21,990.0
1999,9,29,20,30,0,0,0,0,0,0,0,21,133.63,0,0.14300000000000002,0.30000000000000004,4.892,190.8,100.0,21,990.0
1999,9,29,21,0,0,0,0,0,0,0,0,21,141.12,0,0.14300000000000002,0.30000000000000004,4.871,195.60000000000002,100.0,21,990.0
1999,9,29,21,30,0,0,0,0,0,0,3,21,148.61,0,0.14300000000000002,0.30000000000000004,4.856,195.60000000000002,100.0,21,990.0
1999,9,29,22,0,0,0,0,0,0,0,0,21,156.1,0,0.14300000000000002,0.30000000000000004,4.841,198.20000000000002,100.0,21,990.0
1999,9,29,22,30,0,0,0,0,0,0,0,20,163.57,1,0.14300000000000002,0.30000000000000004,4.83,198.20000000000002,100.0,21,980.0
1999,9,29,23,0,0,0,0,0,0,0,0,20,171.0,1,0.14300000000000002,0.30000000000000004,4.819,203.3,100.0,21,980.0
1999,9,29,23,30,0,0,0,0,0,0,0,20,177.9,1,0.14300000000000002,0.30000000000000004,4.804,203.3,100.0,20,980.0
1999,9,30,0,0,0,0,0,0,0,0,4,20,173.64000000000001,1,0.14300000000000002,0.4,4.79,214.10000000000002,100.0,20,980.0
1999,9,30,0,30,0,0,0,0,0,0,4,20,166.26,1,0.14300000000000002,0.4,4.774,214.10000000000002,100.0,20,980.0
1999,9,30,1,0,0,0,0,0,0,0,4,20,158.79,1,0.14300000000000002,0.5,4.759,226.70000000000002,100.0,20,980.0
1999,9,30,1,30,0,0,0,0,0,0,4,20,151.31,0,0.14300000000000002,0.4,4.744,226.70000000000002,100.0,20,980.0
1999,9,30,2,0,0,0,0,0,0,0,7,20,143.82,0,0.14300000000000002,0.4,4.729,233.3,100.0,20,980.0
1999,9,30,2,30,0,0,0,0,0,0,7,19,136.33,0,0.14300000000000002,0.4,4.719,233.3,100.0,20,980.0
1999,9,30,3,0,0,0,0,0,0,0,7,19,128.84,0,0.14300000000000002,0.4,4.71,236.8,100.0,20,980.0
1999,9,30,3,30,0,0,0,0,0,0,7,19,121.35000000000001,0,0.14300000000000002,0.4,4.71,236.8,100.0,20,980.0
1999,9,30,4,0,0,0,0,0,0,0,7,19,113.85000000000001,0,0.14300000000000002,0.5,4.71,245.20000000000002,100.0,20,980.0
1999,9,30,4,30,0,0,0,0,0,0,7,19,106.36,0,0.14300000000000002,0.5,4.715,245.20000000000002,100.0,20,980.0
1999,9,30,5,0,0,0,0,0,0,0,7,20,98.87,0,0.14300000000000002,0.6000000000000001,4.721,259.1,100.0,20,980.0
1999,9,30,5,30,0,0,0,0,0,0,7,20,91.37,0,0.14300000000000002,0.5,4.722,259.1,100.0,20,980.0
1999,9,30,6,0,36,53,42,29,354,67,7,20,83.88,0,0.14300000000000002,0.4,4.724,271.3,100.0,20,990.0
1999,9,30,6,30,19,0,19,49,570,183,4,20,76.39,0,0.14300000000000002,0.2,4.723,271.3,98.99000000000001,21,990.0
1999,9,30,7,0,103,0,103,60,699,311,4,21,68.9,0,0.14300000000000002,0.0,4.723,268.0,95.83,22,990.0
1999,9,30,7,30,192,45,214,68,775,440,8,21,61.42,0,0.14300000000000002,0.0,4.724,268.0,90.23,23,990.0
1999,9,30,8,0,148,648,531,72,835,564,8,20,53.93,0,0.14300000000000002,0.0,4.7250000000000005,245.60000000000002,82.71000000000001,24,990.0
1999,9,30,8,30,226,549,605,77,872,678,7,20,46.46,0,0.14300000000000002,0.0,4.732,245.60000000000002,77.92,25,990.0
1999,9,30,9,0,77,905,780,77,905,780,0,20,38.99,0,0.14300000000000002,0.0,4.74,257.8,72.29,26,990.0
1999,9,30,9,30,80,924,868,80,924,868,0,20,31.53,0,0.14300000000000002,0.0,4.755,257.8,72.27,26,990.0
1999,9,30,10,0,80,940,939,80,940,939,1,20,24.11,0,0.14300000000000002,0.0,4.771,66.10000000000001,68.67,27,990.0
1999,9,30,10,30,82,949,991,82,949,991,1,20,16.740000000000002,0,0.14300000000000002,0.0,4.798,66.10000000000001,68.64,27,990.0
1999,9,30,11,0,83,954,1024,83,954,1024,0,21,9.6,0,0.14300000000000002,0.0,4.827,78.7,66.06,28,990.0
1999,9,30,11,30,520,239,760,83,956,1038,2,21,4.03,0,0.14300000000000002,0.0,4.8580000000000005,78.7,66.02,28,980.0
1999,9,30,12,0,517,239,755,85,953,1031,3,21,7.2700000000000005,0,0.14300000000000002,0.0,4.89,96.60000000000001,63.67,29,980.0
1999,9,30,12,30,488,293,773,84,949,1004,3,21,14.21,0,0.14300000000000002,0.0,4.915,96.60000000000001,63.620000000000005,29,980.0
1999,9,30,13,0,467,96,557,85,938,958,8,21,21.53,0,0.14300000000000002,0.0,4.941,123.0,65.27,29,980.0
1999,9,30,13,30,433,269,669,82,926,893,3,21,28.94,0,0.14300000000000002,0.0,4.962,123.0,65.24,29,980.0
1999,9,30,14,0,371,338,643,82,905,811,7,22,36.38,0,0.14300000000000002,0.0,4.9830000000000005,131.9,66.34,29,980.0
1999,9,30,14,30,314,361,575,78,881,713,8,22,43.85,0,0.14300000000000002,0.0,4.997,131.9,70.27,28,980.0
1999,9,30,15,0,248,405,501,74,847,603,8,22,51.32,0,0.14300000000000002,0.0,5.011,139.5,72.29,28,980.0
1999,9,30,15,30,100,728,477,68,801,483,8,22,58.800000000000004,0,0.14300000000000002,0.0,5.0040000000000004,139.5,72.29,28,980.0
1999,9,30,16,0,135,413,301,60,736,356,8,23,66.29,0,0.14300000000000002,0.0,4.997,140.70000000000002,74.7,28,980.0
1999,9,30,16,30,50,636,228,50,636,228,0,23,73.77,0,0.14300000000000002,0.0,4.978,140.70000000000002,79.19,27,980.0
1999,9,30,17,0,34,466,105,34,466,105,7,23,81.26,4,0.14300000000000002,0.1,4.9590000000000005,161.20000000000002,88.49,27,980.0
1999,9,30,17,30,12,0,12,9,138,12,7,23,88.75,4,0.14300000000000002,0.1,4.952,161.20000000000002,93.91,26,980.0
1999,9,30,18,0,0,0,0,0,0,0,7,23,96.25,0,0.14300000000000002,0.2,4.945,183.4,93.8,26,980.0
1999,9,30,18,30,0,0,0,0,0,0,1,23,103.74000000000001,0,0.14300000000000002,0.2,4.948,183.4,93.84,25,980.0
1999,9,30,19,0,0,0,0,0,0,0,1,23,111.23,1,0.14300000000000002,0.30000000000000004,4.9510000000000005,182.4,91.43,25,980.0
1999,9,30,19,30,0,0,0,0,0,0,0,23,118.72,0,0.14300000000000002,0.30000000000000004,4.96,182.4,97.07000000000001,25,980.0
1999,9,30,20,0,0,0,0,0,0,0,0,23,126.21000000000001,0,0.14300000000000002,0.30000000000000004,4.97,175.60000000000002,95.72,25,980.0
1999,9,30,20,30,0,0,0,0,0,0,0,23,133.7,0,0.14300000000000002,0.30000000000000004,4.981,175.60000000000002,95.75,24,980.0
1999,9,30,21,0,0,0,0,0,0,0,0,23,141.19,0,0.14300000000000002,0.30000000000000004,4.992,163.60000000000002,95.01,24,980.0
1999,9,30,21,30,0,0,0,0,0,0,0,23,148.68,0,0.14300000000000002,0.30000000000000004,4.999,163.60000000000002,95.01,24,980.0
1999,9,30,22,0,0,0,0,0,0,0,0,23,156.15,0,0.14300000000000002,0.30000000000000004,5.006,152.5,94.23,24,980.0
1999,9,30,22,30,0,0,0,0,0,0,0,23,163.61,1,0.14300000000000002,0.2,4.999,152.5,100.0,23,980.0
1999,9,30,23,0,0,0,0,0,0,0,0,22,171.0,1,0.14300000000000002,0.2,4.993,151.1,99.33,23,980.0
1999,9,30,23,30,0,0,0,0,0,0,0,22,177.63,1,0.14300000000000002,0.1,4.979,151.1,99.29,23,980.0
1999,10,1,0,0,0,0,0,0,0,0,4,22,173.46,1,0.14300000000000002,0.1,4.965,152.9,98.78,23,980.0
1999,10,1,0,30,0,0,0,0,0,0,4,22,166.13,1,0.14300000000000002,0.1,4.9430000000000005,152.9,98.74000000000001,23,980.0
1999,10,1,1,0,0,0,0,0,0,0,4,22,158.68,1,0.14300000000000002,0.1,4.922,355.70000000000005,95.98,23,980.0
1999,10,1,1,30,0,0,0,0,0,0,4,22,151.21,0,0.14300000000000002,0.2,4.901,355.70000000000005,100.0,23,980.0
1999,10,1,2,0,0,0,0,0,0,0,7,22,143.73,0,0.14300000000000002,0.4,4.881,0.5,100.0,23,980.0
1999,10,1,2,30,0,0,0,0,0,0,7,22,136.24,0,0.14300000000000002,0.4,4.863,0.5,100.0,22,980.0
1999,10,1,3,0,0,0,0,0,0,0,7,22,128.75,0,0.14300000000000002,0.5,4.846,8.4,100.0,22,980.0
1999,10,1,3,30,0,0,0,0,0,0,7,21,121.26,0,0.14300000000000002,0.5,4.832,8.4,100.0,21,980.0
1999,10,1,4,0,0,0,0,0,0,0,7,21,113.77,0,0.14300000000000002,0.6000000000000001,4.8180000000000005,14.3,100.0,21,980.0
1999,10,1,4,30,0,0,0,0,0,0,7,20,106.28,0,0.14300000000000002,0.5,4.805,14.3,100.0,20,980.0
1999,10,1,5,0,0,0,0,0,0,0,7,20,98.79,0,0.14300000000000002,0.4,4.7940000000000005,15.9,100.0,20,980.0
1999,10,1,5,30,0,0,0,0,0,0,0,20,91.3,0,0.14300000000000002,0.2,4.782,15.9,100.0,20,980.0
1999,10,1,6,0,37,92,47,29,358,67,3,21,83.81,0,0.14300000000000002,0.1,4.772,15.200000000000001,100.0,21,980.0
1999,10,1,6,30,89,110,116,48,571,183,3,21,76.32000000000001,0,0.14300000000000002,0.0,4.764,15.200000000000001,98.83,22,980.0
1999,10,1,7,0,60,695,311,60,695,311,1,22,68.84,0,0.14300000000000002,0.0,4.756,14.600000000000001,90.58,24,980.0
1999,10,1,7,30,208,150,280,69,772,440,3,22,61.36,0,0.14300000000000002,0.0,4.7540000000000004,14.600000000000001,85.36,25,980.0
1999,10,1,8,0,75,827,563,75,827,563,0,22,53.88,0,0.14300000000000002,0.0,4.753,10.5,80.42,26,980.0
1999,10,1,8,30,81,865,677,81,865,677,0,22,46.4,0,0.14300000000000002,0.0,4.761,10.5,80.42,26,980.0
1999,10,1,9,0,84,894,779,84,894,779,0,22,38.94,0,0.14300000000000002,0.0,4.769,7.6000000000000005,76.24,27,980.0
1999,10,1,9,30,87,913,866,87,913,866,0,22,31.5,0,0.14300000000000002,0.0,4.798,7.6000000000000005,76.21000000000001,27,980.0
1999,10,1,10,0,89,929,937,89,929,937,0,22,24.09,0,0.14300000000000002,0.0,4.827,11.600000000000001,72.83,28,980.0
1999,10,1,10,30,422,438,842,91,938,990,7,22,16.76,0,0.14300000000000002,0.0,4.872,11.600000000000001,72.79,28,980.0
1999,10,1,11,0,450,399,844,92,944,1023,8,22,9.68,0,0.14300000000000002,0.0,4.918,21.0,69.69,29,980.0
1999,10,1,11,30,509,289,797,93,946,1036,4,22,4.38,0,0.14300000000000002,0.0,4.968,21.0,69.65,29,980.0
1999,10,1,12,0,461,51,512,93,943,1029,3,23,7.55,0,0.14300000000000002,0.0,5.0200000000000005,38.6,70.55,29,980.0
1999,10,1,12,30,436,64,498,92,938,1001,8,23,14.39,4,0.14300000000000002,0.0,5.072,38.6,70.51,29,980.0
1999,10,1,13,0,411,410,793,91,929,955,8,23,21.68,0,0.14300000000000002,0.0,5.125,72.5,72.2,29,980.0
1999,10,1,13,30,426,84,500,89,916,889,3,23,29.07,0,0.14300000000000002,0.0,5.174,72.5,72.17,29,980.0
1999,10,1,14,0,399,138,510,85,899,807,4,23,36.5,0,0.14300000000000002,0.0,5.224,103.60000000000001,73.57000000000001,29,980.0
1999,10,1,14,30,347,149,455,81,874,710,4,23,43.96,0,0.14300000000000002,0.0,5.258,103.60000000000001,77.93,29,980.0
1999,10,1,15,0,280,260,442,76,841,600,8,24,51.43,0,0.14300000000000002,0.0,5.293,109.9,80.11,29,980.0
1999,10,1,15,30,175,474,420,70,795,480,7,24,58.9,0,0.14300000000000002,0.0,5.3100000000000005,109.9,80.11,28,980.0
1999,10,1,16,0,61,730,354,61,730,354,0,24,66.39,0,0.14300000000000002,0.0,5.328,91.0,82.45,28,980.0
1999,10,1,16,30,51,628,225,51,628,225,0,24,73.87,0,0.14300000000000002,0.0,5.346,91.0,87.42,27,980.0
1999,10,1,17,0,35,456,104,35,456,104,3,25,81.35000000000001,4,0.14300000000000002,0.1,5.3660000000000005,81.9,90.45,27,980.0
1999,10,1,17,30,12,0,12,9,128,12,8,25,88.84,4,0.14300000000000002,0.1,5.383,81.9,95.96000000000001,26,980.0
1999,10,1,18,0,0,0,0,0,0,0,6,24,96.33,0,0.14300000000000002,0.2,5.4,77.2,92.44,26,980.0
1999,10,1,18,30,0,0,0,0,0,0,6,24,103.82000000000001,0,0.14300000000000002,0.2,5.41,77.2,98.11,25,980.0
1999,10,1,19,0,0,0,0,0,0,0,6,24,111.31,1,0.14300000000000002,0.30000000000000004,5.421,73.0,97.34,25,980.0
1999,10,1,19,30,0,0,0,0,0,0,7,24,118.8,0,0.14300000000000002,0.2,5.42,73.0,100.0,24,980.0
1999,10,1,20,0,0,0,0,0,0,0,7,24,126.29,0,0.14300000000000002,0.2,5.4190000000000005,74.2,100.0,24,980.0
1999,10,1,20,30,0,0,0,0,0,0,4,24,133.77,0,0.14300000000000002,0.1,5.407,74.2,100.0,24,980.0
1999,10,1,21,0,0,0,0,0,0,0,8,24,141.26,0,0.14300000000000002,0.1,5.396,73.4,100.0,24,980.0
1999,10,1,21,30,0,0,0,0,0,0,8,23,148.73,0,0.14300000000000002,0.0,5.365,73.4,100.0,24,980.0
1999,10,1,22,0,0,0,0,0,0,0,8,23,156.20000000000002,0,0.14300000000000002,0.0,5.335,78.5,100.0,24,980.0
1999,10,1,22,30,0,0,0,0,0,0,8,23,163.64000000000001,1,0.14300000000000002,0.0,5.281,78.5,100.0,23,980.0
1999,10,1,23,0,0,0,0,0,0,0,8,23,170.99,1,0.14300000000000002,0.0,5.228,83.30000000000001,100.0,23,980.0
1999,10,1,23,30,0,0,0,0,0,0,8,23,177.33,1,0.14300000000000002,0.0,5.167,83.30000000000001,100.0,23,980.0
1999,10,2,0,0,0,0,0,0,0,0,0,23,173.25,1,0.14300000000000002,0.0,5.1080000000000005,86.4,100.0,23,980.0
1999,10,2,0,30,0,0,0,0,0,0,0,23,165.99,1,0.14300000000000002,0.1,5.057,86.4,100.0,23,980.0
1999,10,2,1,0,0,0,0,0,0,0,0,23,158.56,1,0.14300000000000002,0.2,5.006,88.0,100.0,23,980.0
1999,10,2,1,30,0,0,0,0,0,0,0,22,151.1,0,0.14300000000000002,0.30000000000000004,4.964,88.0,100.0,23,980.0
1999,10,2,2,0,0,0,0,0,0,0,0,22,143.63,0,0.14300000000000002,0.4,4.922,84.2,100.0,23,980.0
1999,10,2,2,30,0,0,0,0,0,0,0,22,136.15,0,0.14300000000000002,0.4,4.881,84.2,100.0,23,980.0
1999,10,2,3,0,0,0,0,0,0,0,0,22,128.66,0,0.14300000000000002,0.5,4.841,62.2,100.0,23,980.0
1999,10,2,3,30,0,0,0,0,0,0,0,22,121.18,0,0.14300000000000002,0.5,4.804,62.2,100.0,22,980.0
1999,10,2,4,0,0,0,0,0,0,0,0,22,113.69,0,0.14300000000000002,0.5,4.768,27.8,100.0,22,980.0
1999,10,2,4,30,0,0,0,0,0,0,0,21,106.2,0,0.14300000000000002,0.4,4.746,27.8,100.0,22,980.0
1999,10,2,5,0,0,0,0,0,0,0,0,21,98.71000000000001,0,0.14300000000000002,0.30000000000000004,4.724,12.3,100.0,22,980.0
1999,10,2,5,30,0,0,0,0,0,0,0,21,91.23,0,0.14300000000000002,0.1,4.714,12.3,100.0,22,980.0
1999,10,2,6,0,27,404,71,27,404,71,0,22,83.74,0,0.14300000000000002,0.0,4.705,9.200000000000001,100.0,22,980.0
1999,10,2,6,30,43,611,188,43,611,188,0,23,76.26,0,0.14300000000000002,0.0,4.708,9.200000000000001,100.0,23,980.0
1999,10,2,7,0,53,727,317,53,727,317,0,23,68.77,0,0.14300000000000002,0.0,4.711,13.100000000000001,98.04,24,980.0
1999,10,2,7,30,61,799,445,61,799,445,1,23,61.300000000000004,0,0.14300000000000002,0.0,4.728,13.100000000000001,98.07000000000001,25,980.0
1999,10,2,8,0,65,851,568,65,851,568,0,23,53.82,0,0.14300000000000002,0.0,4.746,14.100000000000001,92.96000000000001,26,980.0
1999,10,2,8,30,70,886,681,70,886,681,0,23,46.36,0,0.14300000000000002,0.0,4.771,14.100000000000001,87.63,26,980.0
1999,10,2,9,0,322,425,652,72,912,782,3,23,38.9,0,0.14300000000000002,0.0,4.797,15.4,81.4,27,990.0
1999,10,2,9,30,75,931,869,75,931,869,0,23,31.470000000000002,0,0.14300000000000002,0.0,4.829,15.4,81.37,27,980.0
1999,10,2,10,0,471,165,622,76,945,939,4,23,24.080000000000002,0,0.14300000000000002,0.0,4.861,22.1,75.87,28,980.0
1999,10,2,10,30,492,248,730,78,954,991,3,23,16.78,0,0.14300000000000002,0.0,4.897,22.1,75.83,28,980.0
1999,10,2,11,0,444,314,754,78,959,1024,8,23,9.78,4,0.14300000000000002,0.0,4.933,29.400000000000002,75.79,29,980.0
1999,10,2,11,30,486,344,830,78,961,1037,3,23,4.73,0,0.14300000000000002,0.0,4.973,29.400000000000002,75.75,29,980.0
1999,10,2,12,0,449,422,867,78,960,1029,8,23,7.83,0,0.14300000000000002,0.0,5.014,40.900000000000006,72.23,29,980.0
1999,10,2,12,30,315,17,333,77,955,1002,6,23,14.59,0,0.14300000000000002,0.0,5.058,40.900000000000006,72.2,29,980.0
1999,10,2,13,0,481,200,666,76,947,955,7,23,21.830000000000002,0,0.14300000000000002,0.0,5.102,60.400000000000006,72.78,29,980.0
1999,10,2,13,30,74,935,890,74,935,890,0,23,29.2,0,0.14300000000000002,0.0,5.144,60.400000000000006,72.76,29,980.0
1999,10,2,14,0,302,511,713,72,917,808,8,23,36.63,0,0.14300000000000002,0.0,5.187,82.5,72.69,29,980.0
1999,10,2,14,30,260,19,274,69,894,711,6,23,44.07,0,0.14300000000000002,0.0,5.227,82.5,77.01,29,980.0
1999,10,2,15,0,100,0,100,66,861,601,6,23,51.54,0,0.14300000000000002,0.0,5.267,111.2,77.98,29,980.0
1999,10,2,15,30,211,48,236,61,817,481,6,23,59.01,0,0.14300000000000002,0.0,5.315,111.2,77.99,28,980.0
1999,10,2,16,0,159,245,257,54,752,355,6,24,66.48,0,0.14300000000000002,0.0,5.363,116.0,80.5,28,980.0
1999,10,2,16,30,98,275,174,45,654,226,6,24,73.96000000000001,0,0.14300000000000002,0.0,5.418,116.0,85.37,27,980.0
1999,10,2,17,0,47,217,80,32,479,104,6,24,81.44,4,0.14300000000000002,0.0,5.474,120.30000000000001,88.37,27,980.0
1999,10,2,17,30,9,0,9,9,146,12,6,24,88.93,4,0.14300000000000002,0.0,5.515,120.30000000000001,93.76,26,980.0
1999,10,2,18,0,0,0,0,0,0,0,6,24,96.42,0,0.14300000000000002,0.1,5.556,116.5,91.21000000000001,26,980.0
1999,10,2,18,30,0,0,0,0,0,0,6,24,103.9,0,0.14300000000000002,0.1,5.578,116.5,96.82000000000001,25,980.0
1999,10,2,19,0,0,0,0,0,0,0,6,24,111.39,1,0.14300000000000002,0.2,5.601,116.10000000000001,95.14,25,980.0
1999,10,2,19,30,0,0,0,0,0,0,7,24,118.87,0,0.14300000000000002,0.2,5.5920000000000005,116.10000000000001,100.0,24,980.0
1999,10,2,20,0,0,0,0,0,0,0,6,24,126.36,0,0.14300000000000002,0.2,5.5840000000000005,116.2,100.0,24,990.0
1999,10,2,20,30,0,0,0,0,0,0,6,24,133.84,0,0.14300000000000002,0.2,5.5440000000000005,116.2,100.0,24,990.0
1999,10,2,21,0,0,0,0,0,0,0,7,24,141.32,0,0.14300000000000002,0.30000000000000004,5.505,116.60000000000001,100.0,24,990.0
1999,10,2,21,30,0,0,0,0,0,0,7,24,148.79,0,0.14300000000000002,0.2,5.452,116.60000000000001,100.0,24,990.0
1999,10,2,22,0,0,0,0,0,0,0,8,24,156.24,0,0.14300000000000002,0.2,5.399,84.30000000000001,100.0,24,990.0
1999,10,2,22,30,0,0,0,0,0,0,8,23,163.66,1,0.14300000000000002,0.2,5.346,84.30000000000001,100.0,24,980.0
1999,10,2,23,0,0,0,0,0,0,0,8,23,170.96,1,0.14300000000000002,0.2,5.295,350.1,100.0,24,980.0
1999,10,2,23,30,0,0,0,0,0,0,8,23,177.01,1,0.14300000000000002,0.2,5.242,350.1,100.0,23,980.0
1999,10,3,0,0,0,0,0,0,0,0,7,23,173.04,1,0.14300000000000002,0.2,5.19,329.0,100.0,23,980.0
1999,10,3,0,30,0,0,0,0,0,0,7,22,165.84,1,0.14300000000000002,0.1,5.139,329.0,100.0,23,980.0
1999,10,3,1,0,0,0,0,0,0,0,7,22,158.44,1,0.14300000000000002,0.0,5.089,325.5,100.0,23,980.0
1999,10,3,1,30,0,0,0,0,0,0,7,22,151.0,0,0.14300000000000002,0.0,5.038,325.5,100.0,23,980.0
1999,10,3,2,0,0,0,0,0,0,0,8,22,143.53,0,0.14300000000000002,0.0,4.988,308.20000000000005,100.0,23,980.0
1999,10,3,2,30,0,0,0,0,0,0,7,22,136.05,0,0.14300000000000002,0.0,4.944,308.20000000000005,100.0,22,980.0
1999,10,3,3,0,0,0,0,0,0,0,8,22,128.57,0,0.14300000000000002,0.0,4.901,291.5,100.0,22,980.0
1999,10,3,3,30,0,0,0,0,0,0,8,22,121.09,0,0.14300000000000002,0.0,4.885,291.5,100.0,22,980.0
1999,10,3,4,0,0,0,0,0,0,0,7,22,113.61,0,0.14300000000000002,0.1,4.869,283.5,100.0,22,980.0
1999,10,3,4,30,0,0,0,0,0,0,7,22,106.12,0,0.14300000000000002,0.1,4.873,283.5,100.0,22,980.0
1999,10,3,5,0,0,0,0,0,0,0,7,22,98.64,0,0.14300000000000002,0.2,4.878,279.8,100.0,22,980.0
1999,10,3,5,30,0,0,0,0,0,0,7,22,91.15,0,0.14300000000000002,0.1,4.893,279.8,100.0,22,980.0
1999,10,3,6,0,37,112,50,29,379,70,8,22,83.67,0,0.14300000000000002,0.1,4.909,278.90000000000003,100.0,22,990.0
1999,10,3,6,30,85,19,90,47,588,187,8,22,76.19,0,0.14300000000000002,0.0,4.926,278.90000000000003,100.0,22,990.0
1999,10,3,7,0,127,9,131,59,705,315,8,23,68.71000000000001,0,0.14300000000000002,0.0,4.944,272.8,100.0,23,990.0
1999,10,3,7,30,204,81,243,67,780,443,8,23,61.24,0,0.14300000000000002,0.0,4.958,272.8,100.0,23,990.0
1999,10,3,8,0,213,18,224,73,833,566,8,23,53.77,0,0.14300000000000002,0.0,4.973,278.2,99.32000000000001,24,990.0
1999,10,3,8,30,329,145,430,79,869,679,8,23,46.31,0,0.14300000000000002,0.0,4.99,278.2,99.33,24,990.0
1999,10,3,9,0,340,48,378,82,897,781,4,23,38.87,0,0.14300000000000002,0.0,5.007,282.0,89.51,25,990.0
1999,10,3,9,30,198,8,205,86,916,868,4,23,31.45,0,0.14300000000000002,0.0,5.016,282.0,89.49,25,990.0
1999,10,3,10,0,242,12,253,87,931,938,4,22,24.07,0,0.14300000000000002,0.0,5.027,279.40000000000003,80.73,26,990.0
1999,10,3,10,30,405,34,438,89,941,990,4,22,16.81,0,0.14300000000000002,0.0,5.042,279.40000000000003,80.68,26,990.0
1999,10,3,11,0,485,73,558,89,947,1023,4,22,9.9,0,0.14300000000000002,0.0,5.058,267.40000000000003,74.87,27,990.0
1999,10,3,11,30,449,43,492,90,949,1036,4,22,5.09,0,0.14300000000000002,0.0,5.083,267.40000000000003,74.82000000000001,27,990.0
1999,10,3,12,0,522,157,678,89,948,1028,3,22,8.13,0,0.14300000000000002,0.0,5.109,250.5,75.17,27,980.0
1999,10,3,12,30,88,943,1001,88,943,1001,0,22,14.780000000000001,0,0.14300000000000002,0.0,5.14,250.5,75.13,27,980.0
1999,10,3,13,0,88,933,954,88,933,954,0,22,21.990000000000002,1,0.14300000000000002,0.0,5.172,232.9,76.33,27,980.0
1999,10,3,13,30,86,921,889,86,921,889,1,22,29.34,0,0.14300000000000002,0.0,5.202,232.9,76.3,27,980.0
1999,10,3,14,0,83,902,806,83,902,806,0,22,36.75,0,0.14300000000000002,0.0,5.232,212.4,78.19,27,980.0
1999,10,3,14,30,79,877,709,79,877,709,0,22,44.19,0,0.14300000000000002,0.0,5.25,212.4,82.9,27,980.0
1999,10,3,15,0,73,847,599,73,847,599,0,23,51.64,0,0.14300000000000002,0.0,5.269,206.60000000000002,85.73,27,980.0
1999,10,3,15,30,67,802,479,67,802,479,0,23,59.11,0,0.14300000000000002,0.0,5.2700000000000005,206.60000000000002,85.74,26,980.0
1999,10,3,16,0,58,741,353,58,741,353,0,24,66.58,0,0.14300000000000002,0.0,5.272,212.3,89.3,26,980.0
1999,10,3,16,30,48,641,224,48,641,224,0,24,74.05,0,0.14300000000000002,0.0,5.255,212.3,94.77,25,980.0
1999,10,3,17,0,33,472,102,33,472,102,0,24,81.53,0,0.14300000000000002,0.0,5.238,217.10000000000002,96.53,25,980.0
1999,10,3,17,30,0,0,0,0,0,0,0,24,89.01,0,0.14300000000000002,0.0,5.2090000000000005,217.10000000000002,100.0,24,980.0
1999,10,3,18,0,0,0,0,0,0,0,7,24,96.5,0,0.14300000000000002,0.1,5.18,221.8,100.0,24,980.0
1999,10,3,18,30,0,0,0,0,0,0,7,23,103.98,0,0.14300000000000002,0.0,5.132,221.8,100.0,23,980.0
1999,10,3,19,0,0,0,0,0,0,0,7,23,111.46000000000001,1,0.14300000000000002,0.0,5.0840000000000005,227.0,100.0,23,990.0
1999,10,3,19,30,0,0,0,0,0,0,6,23,118.94,0,0.14300000000000002,0.0,5.031,227.0,100.0,23,990.0
1999,10,3,20,0,0,0,0,0,0,0,8,23,126.42,0,0.14300000000000002,0.0,4.979,232.4,100.0,23,990.0
1999,10,3,20,30,0,0,0,0,0,0,8,23,133.9,0,0.14300000000000002,0.0,4.922,232.4,100.0,23,990.0
1999,10,3,21,0,0,0,0,0,0,0,8,23,141.37,0,0.14300000000000002,0.0,4.865,232.4,100.0,23,990.0
1999,10,3,21,30,0,0,0,0,0,0,7,22,148.83,0,0.14300000000000002,0.0,4.828,232.4,100.0,22,990.0
1999,10,3,22,0,0,0,0,0,0,0,8,22,156.27,0,0.14300000000000002,0.0,4.791,232.0,100.0,22,990.0
1999,10,3,22,30,0,0,0,0,0,0,8,22,163.67000000000002,1,0.14300000000000002,0.0,4.777,232.0,100.0,22,990.0
1999,10,3,23,0,0,0,0,0,0,0,8,22,170.91,1,0.14300000000000002,0.0,4.764,232.9,100.0,22,990.0
1999,10,3,23,30,0,0,0,0,0,0,8,22,176.68,1,0.14300000000000002,0.0,4.766,232.9,100.0,22,990.0
1999,10,4,0,0,0,0,0,0,0,0,7,22,172.8,1,0.14300000000000002,0.0,4.769,238.8,100.0,22,980.0
1999,10,4,0,30,0,0,0,0,0,0,7,21,165.69,1,0.14300000000000002,0.0,4.769,238.8,100.0,22,980.0
1999,10,4,1,0,0,0,0,0,0,0,7,21,158.32,1,0.14300000000000002,0.0,4.7700000000000005,241.60000000000002,100.0,22,980.0
1999,10,4,1,30,0,0,0,0,0,0,7,21,150.88,0,0.14300000000000002,0.0,4.764,241.60000000000002,100.0,21,980.0
1999,10,4,2,0,0,0,0,0,0,0,7,21,143.43,0,0.14300000000000002,0.0,4.759,239.3,100.0,21,980.0
1999,10,4,2,30,0,0,0,0,0,0,7,21,135.96,0,0.14300000000000002,0.0,4.751,239.3,100.0,21,980.0
1999,10,4,3,0,0,0,0,0,0,0,7,21,128.48,0,0.14300000000000002,0.0,4.744,235.60000000000002,100.0,21,980.0
1999,10,4,3,30,0,0,0,0,0,0,7,21,121.01,0,0.14300000000000002,0.0,4.741,235.60000000000002,100.0,21,980.0
1999,10,4,4,0,0,0,0,0,0,0,7,21,113.53,0,0.14300000000000002,0.0,4.739,228.60000000000002,100.0,21,990.0
1999,10,4,4,30,0,0,0,0,0,0,7,21,106.04,0,0.14300000000000002,0.0,4.746,228.60000000000002,100.0,21,990.0
1999,10,4,5,0,0,0,0,0,0,0,4,21,98.56,0,0.14300000000000002,0.0,4.7540000000000004,225.10000000000002,100.0,21,990.0
1999,10,4,5,30,0,0,0,0,0,0,4,21,91.08,0,0.14300000000000002,0.0,4.759,225.10000000000002,100.0,21,990.0
1999,10,4,6,0,20,0,20,27,410,73,3,21,83.60000000000001,4,0.14300000000000002,0.0,4.765,228.20000000000002,100.0,21,990.0
1999,10,4,6,30,53,0,53,43,614,191,4,21,76.13,0,0.14300000000000002,0.0,4.756,228.20000000000002,100.0,21,990.0
1999,10,4,7,0,89,0,89,53,729,319,4,22,68.65,0,0.14300000000000002,0.0,4.748,241.4,100.0,22,990.0
1999,10,4,7,30,187,33,203,61,801,447,7,22,61.18,0,0.14300000000000002,0.0,4.737,241.4,100.0,22,990.0
1999,10,4,8,0,270,126,345,67,849,570,7,22,53.72,0,0.14300000000000002,0.0,4.726,237.4,99.59,23,990.0
1999,10,4,8,30,323,98,391,72,884,683,8,22,46.27,0,0.14300000000000002,0.0,4.727,237.4,93.79,24,990.0
1999,10,4,9,0,384,150,501,77,908,784,8,22,38.84,0,0.14300000000000002,0.0,4.728,225.0,86.36,25,990.0
1999,10,4,9,30,431,148,558,80,927,871,8,22,31.43,0,0.14300000000000002,0.0,4.741,225.0,86.34,25,990.0
1999,10,4,10,0,442,175,602,84,938,941,8,22,24.080000000000002,1,0.14300000000000002,0.0,4.7540000000000004,214.20000000000002,79.85000000000001,26,990.0
1999,10,4,10,30,466,177,636,86,947,993,8,22,16.85,1,0.14300000000000002,0.0,4.774,214.20000000000002,79.81,26,990.0
1999,10,4,11,0,481,177,656,89,950,1025,8,22,10.040000000000001,1,0.14300000000000002,0.0,4.795,207.70000000000002,79.85000000000001,27,990.0
1999,10,4,11,30,482,214,696,90,952,1038,7,22,5.45,1,0.14300000000000002,0.0,4.813,207.70000000000002,79.8,27,990.0
1999,10,4,12,0,479,213,691,91,949,1030,7,22,8.43,1,0.14300000000000002,0.0,4.831,206.3,75.21000000000001,27,990.0
1999,10,4,12,30,507,170,672,90,944,1003,7,22,14.99,0,0.14300000000000002,0.0,4.847,206.3,75.16,27,980.0
1999,10,4,13,0,462,291,732,88,936,955,7,22,22.150000000000002,0,0.14300000000000002,0.0,4.863,206.0,75.76,27,980.0
1999,10,4,13,30,376,350,681,86,923,890,7,22,29.48,4,0.14300000000000002,0.0,4.885,206.0,75.73,27,980.0
1999,10,4,14,0,83,905,807,83,905,807,1,22,36.87,0,0.14300000000000002,0.0,4.908,207.9,77.33,27,980.0
1999,10,4,14,30,331,81,389,79,881,709,4,22,44.300000000000004,0,0.14300000000000002,0.0,4.926,207.9,81.99,26,980.0
1999,10,4,15,0,256,362,481,73,849,599,8,23,51.75,0,0.14300000000000002,0.0,4.944,206.20000000000002,84.07000000000001,26,980.0
1999,10,4,15,30,205,328,373,67,803,478,8,23,59.21,0,0.14300000000000002,0.0,4.955,206.20000000000002,84.07000000000001,26,980.0
1999,10,4,16,0,98,590,331,59,738,351,8,23,66.68,0,0.14300000000000002,0.0,4.968,205.20000000000002,85.97,26,980.0
1999,10,4,16,30,49,636,223,49,636,223,0,23,74.15,0,0.14300000000000002,0.0,4.9670000000000005,205.20000000000002,91.23,25,980.0
1999,10,4,17,0,33,462,101,33,462,101,7,23,81.62,4,0.14300000000000002,0.0,4.966,211.70000000000002,94.13,25,980.0
1999,10,4,17,30,0,0,0,0,0,0,7,23,89.10000000000001,0,0.14300000000000002,0.1,4.96,211.70000000000002,99.95,24,980.0
1999,10,4,18,0,0,0,0,0,0,0,3,23,96.58,0,0.14300000000000002,0.30000000000000004,4.955,220.3,99.21000000000001,24,980.0
1999,10,4,18,30,0,0,0,0,0,0,8,23,104.06,0,0.14300000000000002,0.30000000000000004,4.9510000000000005,220.3,100.0,24,990.0
1999,10,4,19,0,0,0,0,0,0,0,8,23,111.53,1,0.14300000000000002,0.4,4.948,233.70000000000002,100.0,24,990.0
1999,10,4,19,30,0,0,0,0,0,0,7,23,119.01,0,0.14300000000000002,0.4,4.948,233.70000000000002,100.0,23,990.0
1999,10,4,20,0,0,0,0,0,0,0,7,23,126.49000000000001,0,0.14300000000000002,0.5,4.949,251.0,100.0,23,990.0
1999,10,4,20,30,0,0,0,0,0,0,3,23,133.96,0,0.14300000000000002,0.5,4.954,251.0,100.0,23,990.0
1999,10,4,21,0,0,0,0,0,0,0,0,22,141.42000000000002,0,0.14300000000000002,0.5,4.96,266.5,99.07000000000001,23,990.0
1999,10,4,21,30,0,0,0,0,0,0,7,22,148.87,0,0.14300000000000002,0.5,4.972,266.5,100.0,23,990.0
1999,10,4,22,0,0,0,0,0,0,0,7,22,156.3,0,0.14300000000000002,0.5,4.985,278.90000000000003,100.0,23,990.0
1999,10,4,22,30,0,0,0,0,0,0,7,22,163.67000000000002,1,0.14300000000000002,0.5,5.003,278.90000000000003,100.0,22,990.0
1999,10,4,23,0,0,0,0,0,0,0,7,22,170.84,1,0.14300000000000002,0.5,5.021,285.6,100.0,22,990.0
1999,10,4,23,30,0,0,0,0,0,0,7,22,176.33,1,0.14300000000000002,0.5,5.035,285.6,100.0,22,990.0
1999,10,5,0,0,0,0,0,0,0,0,7,22,172.56,1,0.14300000000000002,0.5,5.049,291.0,100.0,22,990.0
1999,10,5,0,30,0,0,0,0,0,0,7,22,165.53,1,0.14300000000000002,0.5,5.057,291.0,100.0,22,990.0
1999,10,5,1,0,0,0,0,0,0,0,7,21,158.19,1,0.14300000000000002,0.5,5.065,289.2,99.34,22,990.0
1999,10,5,1,30,0,0,0,0,0,0,7,21,150.77,0,0.14300000000000002,0.5,5.059,289.2,100.0,22,990.0
1999,10,5,2,0,0,0,0,0,0,0,7,21,143.32,0,0.14300000000000002,0.5,5.054,282.3,100.0,22,980.0
1999,10,5,2,30,0,0,0,0,0,0,7,21,135.86,0,0.14300000000000002,0.5,5.042,282.3,100.0,21,980.0
1999,10,5,3,0,0,0,0,0,0,0,7,21,128.39000000000001,0,0.14300000000000002,0.5,5.03,270.90000000000003,100.0,21,980.0
1999,10,5,3,30,0,0,0,0,0,0,8,21,120.92,0,0.14300000000000002,0.5,5.022,270.90000000000003,100.0,21,990.0
1999,10,5,4,0,0,0,0,0,0,0,8,21,113.44,0,0.14300000000000002,0.5,5.014,262.7,100.0,21,990.0
1999,10,5,4,30,0,0,0,0,0,0,4,21,105.97,0,0.14300000000000002,0.5,5.019,262.7,100.0,21,990.0
1999,10,5,5,0,0,0,0,0,0,0,7,21,98.49000000000001,0,0.14300000000000002,0.5,5.025,257.5,100.0,21,990.0
1999,10,5,5,30,0,0,0,0,0,0,7,21,91.01,0,0.14300000000000002,0.4,5.039,257.5,100.0,21,990.0
1999,10,5,6,0,37,172,57,30,363,71,8,21,83.54,0,0.14300000000000002,0.30000000000000004,5.054,252.20000000000002,100.0,21,990.0
1999,10,5,6,30,28,0,28,50,573,188,8,21,76.07000000000001,0,0.14300000000000002,0.1,5.072,252.20000000000002,100.0,21,990.0
1999,10,5,7,0,58,0,58,62,693,315,8,22,68.60000000000001,0,0.14300000000000002,0.0,5.091,241.60000000000002,100.0,22,990.0
1999,10,5,7,30,161,6,164,71,769,443,4,22,61.13,0,0.14300000000000002,0.0,5.101,241.60000000000002,100.0,22,990.0
1999,10,5,8,0,216,19,227,77,826,566,3,22,53.68,0,0.14300000000000002,0.0,5.112,234.9,100.0,23,990.0
1999,10,5,8,30,313,298,519,82,863,679,7,22,46.230000000000004,0,0.14300000000000002,0.0,5.12,234.9,100.0,23,990.0
1999,10,5,9,0,332,340,597,84,894,781,8,23,38.81,4,0.14300000000000002,0.0,5.1290000000000004,237.3,100.0,23,990.0
1999,10,5,9,30,87,914,867,87,914,867,1,23,31.42,0,0.14300000000000002,0.0,5.1530000000000005,237.3,100.0,23,990.0
1999,10,5,10,0,471,159,616,88,929,937,3,22,24.09,0,0.14300000000000002,0.0,5.1770000000000005,236.5,89.93,24,990.0
1999,10,5,10,30,498,213,702,90,939,989,3,22,16.91,0,0.14300000000000002,0.0,5.198,236.5,89.89,24,990.0
1999,10,5,11,0,517,209,724,91,945,1021,2,21,10.18,0,0.14300000000000002,0.0,5.219,235.20000000000002,80.26,25,990.0
1999,10,5,11,30,467,266,732,91,947,1034,7,21,5.82,4,0.14300000000000002,0.0,5.235,235.20000000000002,80.21000000000001,25,990.0
1999,10,5,12,0,90,946,1026,90,946,1026,1,21,8.74,0,0.14300000000000002,0.0,5.251,232.8,74.8,26,990.0
1999,10,5,12,30,202,9,212,90,941,998,3,21,15.200000000000001,0,0.14300000000000002,0.0,5.271,232.8,74.76,26,990.0
1999,10,5,13,0,385,32,415,88,933,951,3,21,22.32,0,0.14300000000000002,0.0,5.291,232.4,75.02,26,980.0
1999,10,5,13,30,442,144,567,85,920,886,3,21,29.62,0,0.14300000000000002,0.0,5.309,232.4,74.99,26,980.0
1999,10,5,14,0,82,903,803,82,903,803,0,21,37.0,0,0.14300000000000002,0.0,5.327,229.20000000000002,76.56,26,980.0
1999,10,5,14,30,78,879,706,78,879,706,0,21,44.42,0,0.14300000000000002,0.0,5.34,229.20000000000002,81.21000000000001,26,980.0
1999,10,5,15,0,72,848,596,72,848,596,0,21,51.86,0,0.14300000000000002,0.0,5.354,225.10000000000002,83.31,26,980.0
1999,10,5,15,30,66,802,475,66,802,475,0,21,59.31,0,0.14300000000000002,0.0,5.352,225.10000000000002,83.3,25,980.0
1999,10,5,16,0,57,741,349,57,741,349,8,22,66.77,4,0.14300000000000002,0.0,5.351,224.0,85.43,25,980.0
1999,10,5,16,30,7,0,7,47,640,221,4,22,74.24,0,0.14300000000000002,0.0,5.345,224.0,90.69,24,980.0
1999,10,5,17,0,3,0,3,32,469,100,3,22,81.71000000000001,4,0.14300000000000002,0.0,5.339,247.20000000000002,93.91,24,980.0
1999,10,5,17,30,0,0,0,0,0,0,0,22,89.18,0,0.14300000000000002,0.1,5.332,247.20000000000002,99.75,24,980.0
1999,10,5,18,0,0,0,0,0,0,0,0,22,96.66,0,0.14300000000000002,0.2,5.325,250.9,98.62,24,980.0
1999,10,5,18,30,0,0,0,0,0,0,3,22,104.13,0,0.14300000000000002,0.2,5.314,250.9,98.65,23,980.0
1999,10,5,19,0,0,0,0,0,0,0,3,22,111.60000000000001,1,0.14300000000000002,0.2,5.304,251.3,97.4,23,980.0
1999,10,5,19,30,0,0,0,0,0,0,3,22,119.08,0,0.14300000000000002,0.2,5.29,251.3,97.42,23,990.0
1999,10,5,20,0,0,0,0,0,0,0,7,22,126.55,0,0.14300000000000002,0.2,5.276,229.9,95.67,23,990.0
1999,10,5,20,30,0,0,0,0,0,0,3,22,134.01,0,0.14300000000000002,0.2,5.257,229.9,95.68,23,990.0
1999,10,5,21,0,0,0,0,0,0,0,4,22,141.47,0,0.14300000000000002,0.2,5.239,179.0,94.79,23,990.0
1999,10,5,21,30,0,0,0,0,0,0,4,22,148.91,0,0.14300000000000002,0.2,5.222,179.0,100.0,23,990.0
1999,10,5,22,0,0,0,0,0,0,0,4,22,156.32,0,0.14300000000000002,0.2,5.206,145.6,100.0,23,990.0
1999,10,5,22,30,0,0,0,0,0,0,4,22,163.66,0,0.14300000000000002,0.2,5.192,145.6,100.0,22,990.0
1999,10,5,23,0,0,0,0,0,0,0,4,21,170.75,1,0.14300000000000002,0.2,5.178,137.6,99.8,22,990.0
1999,10,5,23,30,0,0,0,0,0,0,4,21,175.97,1,0.14300000000000002,0.2,5.164,137.6,99.76,22,980.0
1999,10,6,0,0,0,0,0,0,0,0,4,21,172.31,1,0.14300000000000002,0.2,5.15,137.5,99.44,22,980.0
1999,10,6,0,30,0,0,0,0,0,0,4,21,165.36,1,0.14300000000000002,0.2,5.132,137.5,99.4,22,980.0
1999,10,6,1,0,0,0,0,0,0,0,4,21,158.05,1,0.14300000000000002,0.2,5.115,140.4,98.99000000000001,22,980.0
1999,10,6,1,30,0,0,0,0,0,0,4,21,150.65,0,0.14300000000000002,0.2,5.094,140.4,100.0,22,980.0
1999,10,6,2,0,0,0,0,0,0,0,7,21,143.22,0,0.14300000000000002,0.2,5.073,138.3,100.0,22,980.0
1999,10,6,2,30,0,0,0,0,0,0,4,21,135.76,0,0.14300000000000002,0.2,5.051,138.3,100.0,21,980.0
1999,10,6,3,0,0,0,0,0,0,0,4,21,128.3,0,0.14300000000000002,0.30000000000000004,5.03,136.20000000000002,100.0,21,980.0
1999,10,6,3,30,0,0,0,0,0,0,4,21,120.83,0,0.14300000000000002,0.4,5.008,136.20000000000002,100.0,21,980.0
1999,10,6,4,0,0,0,0,0,0,0,4,21,113.36,0,0.14300000000000002,0.5,4.986,141.8,100.0,21,980.0
1999,10,6,4,30,0,0,0,0,0,0,4,20,105.89,0,0.14300000000000002,0.5,4.968,141.8,100.0,21,980.0
1999,10,6,5,0,0,0,0,0,0,0,4,20,98.42,0,0.14300000000000002,0.5,4.9510000000000005,147.70000000000002,100.0,21,980.0
1999,10,6,5,30,0,0,0,0,0,0,4,20,90.94,0,0.14300000000000002,0.4,4.942,147.70000000000002,100.0,21,980.0
1999,10,6,6,0,2,0,2,28,393,73,4,21,83.47,0,0.14300000000000002,0.30000000000000004,4.934,149.4,100.0,21,990.0
1999,10,6,6,30,13,0,13,46,598,191,4,21,76.01,0,0.14300000000000002,0.1,4.9350000000000005,149.4,97.36,22,990.0
1999,10,6,7,0,96,0,96,58,712,318,4,22,68.54,0,0.14300000000000002,0.0,4.937,148.20000000000002,94.2,23,990.0
1999,10,6,7,30,66,786,446,66,786,446,0,22,61.09,0,0.14300000000000002,0.0,4.95,148.20000000000002,88.74,24,990.0
1999,10,6,8,0,268,219,399,73,834,568,3,21,53.64,0,0.14300000000000002,0.0,4.964,148.4,83.34,25,990.0
1999,10,6,8,30,78,871,681,78,871,681,0,21,46.2,0,0.14300000000000002,0.0,4.9830000000000005,148.4,83.34,25,990.0
1999,10,6,9,0,302,26,322,83,897,782,3,21,38.79,0,0.14300000000000002,0.0,5.002,148.70000000000002,78.17,26,990.0
1999,10,6,9,30,308,20,325,86,916,868,3,21,31.41,0,0.14300000000000002,0.0,5.023,148.70000000000002,78.14,26,990.0
1999,10,6,10,0,154,3,157,88,931,938,3,21,24.11,0,0.14300000000000002,0.0,5.045,150.5,73.36,27,990.0
1999,10,6,10,30,375,26,400,90,940,989,3,21,16.97,0,0.14300000000000002,0.0,5.066,150.5,73.31,27,990.0
1999,10,6,11,0,513,238,748,90,947,1022,3,21,10.34,0,0.14300000000000002,0.0,5.087,153.1,72.96000000000001,28,990.0
1999,10,6,11,30,90,949,1034,90,949,1034,0,21,6.19,0,0.14300000000000002,0.0,5.106,153.1,72.91,28,980.0
1999,10,6,12,0,312,17,329,90,947,1026,3,21,9.05,0,0.14300000000000002,0.0,5.127,157.3,68.81,28,980.0
1999,10,6,12,30,89,942,998,89,942,998,1,21,15.42,0,0.14300000000000002,0.0,5.141,157.3,68.78,28,980.0
1999,10,6,13,0,87,934,951,87,934,951,8,21,22.490000000000002,4,0.14300000000000002,0.0,5.156,161.8,69.11,28,980.0
1999,10,6,13,30,69,0,69,85,921,885,8,21,29.77,4,0.14300000000000002,0.0,5.167,161.8,73.23,28,980.0
1999,10,6,14,0,62,0,62,80,905,803,6,22,37.13,0,0.14300000000000002,0.0,5.178,167.0,74.26,28,980.0
1999,10,6,14,30,199,6,203,77,881,705,6,22,44.54,0,0.14300000000000002,0.0,5.182,167.0,74.24,27,980.0
1999,10,6,15,0,129,0,129,71,849,595,6,22,51.97,0,0.14300000000000002,0.0,5.186,172.8,75.94,27,980.0
1999,10,6,15,30,225,144,299,66,803,474,7,22,59.410000000000004,0,0.14300000000000002,0.0,5.1850000000000005,172.8,75.94,27,980.0
1999,10,6,16,0,151,34,165,58,736,347,6,22,66.87,0,0.14300000000000002,0.0,5.184,188.60000000000002,78.44,27,980.0
1999,10,6,16,30,103,61,120,48,633,219,7,22,74.33,0,0.14300000000000002,0.0,5.182,188.60000000000002,83.2,26,980.0
1999,10,6,17,0,49,31,53,33,454,98,8,23,81.79,4,0.14300000000000002,0.0,5.181,215.70000000000002,91.43,26,980.0
1999,10,6,17,30,0,0,0,0,0,0,7,23,89.26,0,0.14300000000000002,0.1,5.18,215.70000000000002,97.09,25,980.0
1999,10,6,18,0,0,0,0,0,0,0,7,23,96.73,0,0.14300000000000002,0.2,5.18,227.9,97.82000000000001,24,980.0
1999,10,6,18,30,0,0,0,0,0,0,8,23,104.2,0,0.14300000000000002,0.2,5.174,227.9,100.0,24,980.0
1999,10,6,19,0,0,0,0,0,0,0,8,23,111.67,1,0.14300000000000002,0.30000000000000004,5.1690000000000005,226.10000000000002,100.0,24,980.0
1999,10,6,19,30,0,0,0,0,0,0,8,23,119.14,0,0.14300000000000002,0.30000000000000004,5.159,226.10000000000002,100.0,23,980.0
1999,10,6,20,0,0,0,0,0,0,0,7,23,126.60000000000001,0,0.14300000000000002,0.4,5.15,222.8,100.0,23,980.0
1999,10,6,20,30,0,0,0,0,0,0,0,23,134.06,0,0.14300000000000002,0.4,5.141,222.8,100.0,23,980.0
1999,10,6,21,0,0,0,0,0,0,0,1,22,141.51,0,0.14300000000000002,0.4,5.132,222.4,99.42,23,980.0
1999,10,6,21,30,0,0,0,0,0,0,1,22,148.94,0,0.14300000000000002,0.4,5.124,222.4,100.0,23,980.0
1999,10,6,22,0,0,0,0,0,0,0,0,22,156.33,0,0.14300000000000002,0.5,5.1160000000000005,222.60000000000002,100.0,23,980.0
1999,10,6,22,30,0,0,0,0,0,0,0,22,163.64000000000001,0,0.14300000000000002,0.5,5.1080000000000005,222.60000000000002,100.0,22,980.0
1999,10,6,23,0,0,0,0,0,0,0,0,22,170.65,1,0.14300000000000002,0.5,5.1000000000000005,222.8,100.0,22,980.0
1999,10,6,23,30,0,0,0,0,0,0,0,22,175.61,1,0.14300000000000002,0.5,5.09,222.8,100.0,22,980.0
1999,10,7,0,0,0,0,0,0,0,0,0,22,172.04,1,0.14300000000000002,0.5,5.082,224.9,100.0,22,980.0
1999,10,7,0,30,0,0,0,0,0,0,0,21,165.18,1,0.14300000000000002,0.4,5.0760000000000005,224.9,100.0,22,980.0
1999,10,7,1,0,0,0,0,0,0,0,0,21,157.91,1,0.14300000000000002,0.4,5.071,225.10000000000002,100.0,22,980.0
1999,10,7,1,30,0,0,0,0,0,0,0,21,150.53,0,0.14300000000000002,0.4,5.07,225.10000000000002,100.0,21,980.0
1999,10,7,2,0,0,0,0,0,0,0,0,21,143.11,0,0.14300000000000002,0.4,5.069,221.20000000000002,100.0,21,980.0
1999,10,7,2,30,0,0,0,0,0,0,0,21,135.66,0,0.14300000000000002,0.4,5.0760000000000005,221.20000000000002,100.0,21,980.0
1999,10,7,3,0,0,0,0,0,0,0,0,21,128.21,0,0.14300000000000002,0.4,5.083,213.8,100.0,21,980.0
1999,10,7,3,30,0,0,0,0,0,0,7,21,120.75,0,0.14300000000000002,0.4,5.093,213.8,100.0,21,980.0
1999,10,7,4,0,0,0,0,0,0,0,4,21,113.28,0,0.14300000000000002,0.4,5.103,207.20000000000002,100.0,21,980.0
1999,10,7,4,30,0,0,0,0,0,0,4,21,105.81,0,0.14300000000000002,0.4,5.111,207.20000000000002,100.0,21,980.0
1999,10,7,5,0,0,0,0,0,0,0,4,21,98.35000000000001,0,0.14300000000000002,0.4,5.119,202.8,100.0,21,980.0
1999,10,7,5,30,0,0,0,0,0,0,4,21,90.88,0,0.14300000000000002,0.30000000000000004,5.125,202.8,100.0,21,990.0
1999,10,7,6,0,19,0,19,30,372,73,4,21,83.41,0,0.14300000000000002,0.2,5.133,200.5,100.0,21,990.0
1999,10,7,6,30,81,0,81,49,579,190,4,21,75.95,0,0.14300000000000002,0.1,5.139,200.5,99.68,22,990.0
1999,10,7,7,0,138,28,148,61,701,318,4,22,68.49,0,0.14300000000000002,0.0,5.146,194.10000000000002,95.63,23,990.0
1999,10,7,7,30,196,46,218,69,776,445,4,22,61.04,0,0.14300000000000002,0.0,5.154,194.10000000000002,90.07000000000001,24,990.0
1999,10,7,8,0,112,0,112,75,831,568,4,22,53.6,0,0.14300000000000002,0.0,5.163,175.60000000000002,84.14,25,990.0
1999,10,7,8,30,315,293,518,80,867,681,3,22,46.17,0,0.14300000000000002,0.0,5.18,175.60000000000002,84.15,26,990.0
1999,10,7,9,0,314,445,662,84,894,781,7,22,38.77,0,0.14300000000000002,0.0,5.198,164.10000000000002,78.66,27,990.0
1999,10,7,9,30,282,530,734,88,913,867,8,21,31.41,4,0.14300000000000002,0.0,5.221,164.10000000000002,78.63,27,990.0
1999,10,7,10,0,436,351,757,91,926,936,8,22,24.13,0,0.14300000000000002,0.0,5.244,157.10000000000002,74.60000000000001,28,990.0
1999,10,7,10,30,472,326,783,93,935,988,8,22,17.04,0,0.14300000000000002,0.0,5.266,157.10000000000002,74.56,28,990.0
1999,10,7,11,0,518,208,723,95,939,1020,3,22,10.52,0,0.14300000000000002,0.0,5.288,156.0,70.95,28,990.0
1999,10,7,11,30,467,265,731,96,942,1032,3,22,6.5600000000000005,1,0.14300000000000002,0.0,5.307,156.0,70.9,28,980.0
1999,10,7,12,0,522,181,701,97,938,1023,3,22,9.36,0,0.14300000000000002,0.0,5.3260000000000005,157.70000000000002,71.26,28,980.0
1999,10,7,12,30,96,933,995,96,933,995,0,22,15.64,0,0.14300000000000002,0.0,5.339,157.70000000000002,71.22,28,980.0
1999,10,7,13,0,446,70,511,96,922,947,6,22,22.66,0,0.14300000000000002,0.0,5.353,162.10000000000002,71.73,29,980.0
1999,10,7,13,30,279,15,292,94,908,881,6,22,29.91,0,0.14300000000000002,0.0,5.364,162.10000000000002,71.71000000000001,29,980.0
1999,10,7,14,0,359,365,650,91,888,798,7,22,37.26,0,0.14300000000000002,0.0,5.375,156.3,72.98,29,980.0
1999,10,7,14,30,87,862,700,87,862,700,0,22,44.65,0,0.14300000000000002,0.0,5.383,156.3,72.95,28,980.0
1999,10,7,15,0,80,829,590,80,829,590,0,23,52.07,0,0.14300000000000002,0.0,5.391,141.6,74.38,28,980.0
1999,10,7,15,30,73,781,470,73,781,470,0,23,59.51,0,0.14300000000000002,0.0,5.399,141.6,78.84,27,980.0
1999,10,7,16,0,155,252,254,63,715,343,3,23,66.96000000000001,0,0.14300000000000002,0.0,5.407,125.2,83.56,27,980.0
1999,10,7,16,30,97,232,159,52,608,215,8,23,74.42,3,0.14300000000000002,0.0,5.4190000000000005,125.2,88.63,26,980.0
1999,10,7,17,0,47,162,70,34,429,95,7,24,81.88,4,0.14300000000000002,0.0,5.431,134.6,90.45,26,980.0
1999,10,7,17,30,0,0,0,0,0,0,7,24,89.34,0,0.14300000000000002,0.0,5.4430000000000005,134.6,96.0,25,980.0
1999,10,7,18,0,0,0,0,0,0,0,7,24,96.81,0,0.14300000000000002,0.0,5.456,220.10000000000002,96.19,25,980.0
1999,10,7,18,30,0,0,0,0,0,0,6,24,104.27,0,0.14300000000000002,0.0,5.469,220.10000000000002,96.22,25,980.0
1999,10,7,19,0,0,0,0,0,0,0,6,24,111.74000000000001,1,0.14100000000000001,0.1,5.4830000000000005,331.3,94.76,25,980.0
1999,10,7,19,30,0,0,0,0,0,0,6,24,119.2,0,0.14100000000000001,0.1,5.494,331.3,94.79,25,980.0
1999,10,7,20,0,0,0,0,0,0,0,6,23,126.66,0,0.14100000000000001,0.1,5.506,6.800000000000001,93.64,25,980.0
1999,10,7,20,30,0,0,0,0,0,0,6,23,134.11,0,0.14100000000000001,0.1,5.514,6.800000000000001,99.41,24,980.0
1999,10,7,21,0,0,0,0,0,0,0,6,23,141.54,0,0.14100000000000001,0.2,5.522,35.300000000000004,98.2,24,980.0
1999,10,7,21,30,0,0,0,0,0,0,6,23,148.96,0,0.14100000000000001,0.2,5.521,35.300000000000004,98.2,24,980.0
1999,10,7,22,0,0,0,0,0,0,0,6,23,156.33,0,0.14100000000000001,0.2,5.5200000000000005,47.6,96.87,24,980.0
1999,10,7,22,30,0,0,0,0,0,0,8,23,163.6,0,0.14100000000000001,0.2,5.509,47.6,96.85000000000001,24,980.0
1999,10,7,23,0,0,0,0,0,0,0,8,23,170.53,1,0.14100000000000001,0.2,5.498,66.4,95.33,24,980.0
1999,10,7,23,30,0,0,0,0,0,0,8,23,175.25,1,0.14100000000000001,0.1,5.479,66.4,95.29,24,980.0
1999,10,8,0,0,0,0,0,0,0,0,8,22,171.77,1,0.14100000000000001,0.1,5.46,110.60000000000001,93.67,24,980.0
1999,10,8,0,30,0,0,0,0,0,0,4,22,165.0,1,0.14100000000000001,0.2,5.439,110.60000000000001,99.43,23,980.0
1999,10,8,1,0,0,0,0,0,0,0,4,23,157.77,1,0.14100000000000001,0.30000000000000004,5.42,206.4,100.0,23,980.0
1999,10,8,1,30,0,0,0,0,0,0,4,23,150.41,0,0.14100000000000001,0.4,5.397,206.4,100.0,23,980.0
1999,10,8,2,0,0,0,0,0,0,0,4,22,143.0,0,0.14100000000000001,0.5,5.3740000000000006,219.10000000000002,97.89,23,980.0
1999,10,8,2,30,0,0,0,0,0,0,4,22,135.57,0,0.14100000000000001,0.5,5.3500000000000005,219.10000000000002,100.0,22,980.0
1999,10,8,3,0,0,0,0,0,0,0,3,22,128.12,0,0.14100000000000001,0.5,5.3260000000000005,222.3,100.0,22,980.0
1999,10,8,3,30,0,0,0,0,0,0,1,22,120.66,0,0.14100000000000001,0.5,5.313,222.3,100.0,22,980.0
1999,10,8,4,0,0,0,0,0,0,0,3,22,113.2,0,0.14100000000000001,0.5,5.3,223.3,100.0,22,980.0
1999,10,8,4,30,0,0,0,0,0,0,7,22,105.74000000000001,0,0.14100000000000001,0.5,5.301,223.3,100.0,22,980.0
1999,10,8,5,0,0,0,0,0,0,0,7,22,98.28,0,0.14100000000000001,0.5,5.303,226.0,100.0,22,980.0
1999,10,8,5,30,0,0,0,0,0,0,7,22,90.81,0,0.14100000000000001,0.4,5.3100000000000005,226.0,100.0,22,980.0
1999,10,8,6,0,4,0,4,31,356,73,4,22,83.35000000000001,0,0.14100000000000001,0.30000000000000004,5.3180000000000005,231.3,100.0,22,990.0
1999,10,8,6,30,57,0,57,52,562,189,4,22,75.9,0,0.14100000000000001,0.1,5.331,231.3,100.0,22,990.0
1999,10,8,7,0,119,0,119,66,680,316,4,23,68.44,0,0.14100000000000001,0.0,5.345,227.60000000000002,100.0,23,990.0
1999,10,8,7,30,122,0,122,75,757,443,4,23,61.0,0,0.14100000000000001,0.0,5.364,227.60000000000002,100.0,24,990.0
1999,10,8,8,0,156,0,156,82,814,565,4,24,53.56,0,0.14100000000000001,0.0,5.384,212.20000000000002,100.0,25,990.0
1999,10,8,8,30,188,5,192,88,851,678,4,24,46.15,0,0.14100000000000001,0.0,5.415,212.20000000000002,100.0,25,990.0
1999,10,8,9,0,235,11,244,94,877,777,4,24,38.76,0,0.14100000000000001,0.0,5.446,214.60000000000002,95.9,26,990.0
1999,10,8,9,30,432,142,553,97,897,863,3,24,31.42,0,0.14100000000000001,0.0,5.48,214.60000000000002,90.37,26,990.0
1999,10,8,10,0,455,93,540,103,907,931,3,23,24.17,0,0.14100000000000001,0.0,5.514,201.60000000000002,82.8,27,990.0
1999,10,8,10,30,468,73,538,106,917,982,3,23,17.12,0,0.14100000000000001,0.0,5.546,201.60000000000002,82.76,27,990.0
1999,10,8,11,0,515,226,738,113,915,1012,3,23,10.700000000000001,0,0.14100000000000001,0.0,5.578,183.5,80.4,28,990.0
1999,10,8,11,30,459,290,747,113,917,1024,3,23,6.93,1,0.14100000000000001,0.0,5.612,183.5,80.36,28,980.0
1999,10,8,12,0,509,105,613,117,910,1014,3,23,9.68,0,0.14100000000000001,0.0,5.646,171.4,81.0,28,980.0
1999,10,8,12,30,115,905,986,115,905,986,0,23,15.860000000000001,0,0.14100000000000001,0.0,5.686,171.4,80.96000000000001,27,980.0
1999,10,8,13,0,115,891,937,115,891,937,0,23,22.84,0,0.14100000000000001,0.0,5.727,166.3,82.78,27,980.0
1999,10,8,13,30,112,877,871,112,877,871,0,23,30.060000000000002,0,0.14100000000000001,0.0,5.7490000000000006,166.3,87.75,26,980.0
1999,10,8,14,0,291,537,718,112,850,787,8,24,37.39,0,0.14100000000000001,0.0,5.771,172.60000000000002,90.19,26,980.0
1999,10,8,14,30,319,323,549,106,821,689,8,24,44.77,0,0.14100000000000001,0.0,5.7540000000000004,172.60000000000002,90.17,26,980.0
1999,10,8,15,0,282,114,352,100,781,579,7,24,52.18,0,0.14100000000000001,0.0,5.738,183.70000000000002,93.08,26,980.0
1999,10,8,15,30,201,38,221,91,728,459,8,24,59.61,0,0.14100000000000001,0.0,5.691,183.70000000000002,98.75,25,980.0
1999,10,8,16,0,162,137,216,78,656,334,7,25,67.05,0,0.14100000000000001,0.0,5.644,204.10000000000002,100.0,25,980.0
1999,10,8,16,30,103,77,124,62,541,207,8,25,74.5,0,0.14100000000000001,0.0,5.587,204.10000000000002,100.0,25,980.0
1999,10,8,17,0,48,38,54,39,360,90,8,25,81.96000000000001,4,0.14100000000000001,0.1,5.53,201.5,100.0,25,980.0
1999,10,8,17,30,0,0,0,0,0,0,7,24,89.41,0,0.14100000000000001,0.2,5.47,201.5,100.0,24,980.0
1999,10,8,18,0,0,0,0,0,0,0,8,24,96.88,0,0.14100000000000001,0.30000000000000004,5.41,201.4,100.0,24,980.0
1999,10,8,18,30,0,0,0,0,0,0,8,24,104.34,0,0.14100000000000001,0.30000000000000004,5.361,201.4,100.0,24,980.0
1999,10,8,19,0,0,0,0,0,0,0,8,24,111.8,1,0.14100000000000001,0.30000000000000004,5.312,203.8,100.0,24,980.0
1999,10,8,19,30,0,0,0,0,0,0,7,24,119.25,0,0.14100000000000001,0.2,5.282,203.8,100.0,24,980.0
1999,10,8,20,0,0,0,0,0,0,0,7,24,126.71000000000001,0,0.14100000000000001,0.2,5.253,187.0,100.0,24,990.0
1999,10,8,20,30,0,0,0,0,0,0,7,24,134.15,0,0.14100000000000001,0.1,5.235,187.0,100.0,24,990.0
1999,10,8,21,0,0,0,0,0,0,0,7,23,141.58,0,0.14100000000000001,0.1,5.218,188.20000000000002,98.4,24,990.0
1999,10,8,21,30,0,0,0,0,0,0,8,23,148.98,0,0.14100000000000001,0.1,5.207,188.20000000000002,98.4,24,990.0
1999,10,8,22,0,0,0,0,0,0,0,8,23,156.33,0,0.14100000000000001,0.1,5.197,325.3,97.03,24,990.0
1999,10,8,22,30,0,0,0,0,0,0,8,23,163.56,0,0.14100000000000001,0.2,5.1850000000000005,325.3,100.0,23,990.0
1999,10,8,23,0,0,0,0,0,0,0,8,23,170.4,1,0.14100000000000001,0.30000000000000004,5.173,341.70000000000005,100.0,23,990.0
1999,10,8,23,30,0,0,0,0,0,0,8,23,174.88,1,0.14100000000000001,0.30000000000000004,5.16,341.70000000000005,100.0,23,980.0
1999,10,9,0,0,0,0,0,0,0,0,8,23,171.49,1,0.14100000000000001,0.4,5.148,337.90000000000003,100.0,23,980.0
1999,10,9,0,30,0,0,0,0,0,0,4,22,164.82,1,0.14100000000000001,0.4,5.13,337.90000000000003,100.0,22,980.0
1999,10,9,1,0,0,0,0,0,0,0,4,22,157.62,1,0.14100000000000001,0.5,5.113,330.5,100.0,22,980.0
1999,10,9,1,30,0,0,0,0,0,0,4,22,150.28,0,0.14100000000000001,0.5,5.086,330.5,100.0,22,980.0
1999,10,9,2,0,0,0,0,0,0,0,4,22,142.89000000000001,0,0.14100000000000001,0.5,5.059,320.0,100.0,22,980.0
1999,10,9,2,30,0,0,0,0,0,0,7,21,135.47,0,0.14100000000000001,0.4,5.027,320.0,100.0,22,980.0
1999,10,9,3,0,0,0,0,0,0,0,4,21,128.03,0,0.14100000000000001,0.4,4.995,303.5,100.0,22,980.0
1999,10,9,3,30,0,0,0,0,0,0,8,21,120.58,0,0.14100000000000001,0.30000000000000004,4.9590000000000005,303.5,100.0,21,980.0
1999,10,9,4,0,0,0,0,0,0,0,4,21,113.12,0,0.14100000000000001,0.2,4.924,290.7,100.0,21,980.0
1999,10,9,4,30,0,0,0,0,0,0,3,21,105.67,0,0.14100000000000001,0.1,4.899,290.7,100.0,21,980.0
1999,10,9,5,0,0,0,0,0,0,0,3,21,98.21000000000001,0,0.14100000000000001,0.1,4.875,284.7,100.0,21,980.0
1999,10,9,5,30,0,0,0,0,0,0,7,21,90.75,0,0.14100000000000001,0.0,4.867,284.7,100.0,21,980.0
1999,10,9,6,0,11,0,11,33,337,73,4,21,83.29,0,0.14100000000000001,0.0,4.859,281.5,100.0,22,980.0
1999,10,9,6,30,21,0,21,55,546,189,4,21,75.84,0,0.14100000000000001,0.0,4.861,281.5,100.0,22,990.0
1999,10,9,7,0,122,0,123,69,669,316,4,22,68.4,0,0.14100000000000001,0.0,4.863,275.90000000000003,100.0,22,990.0
1999,10,9,7,30,208,224,316,80,749,444,8,22,60.96,0,0.14100000000000001,0.0,4.866,275.90000000000003,100.0,22,990.0
1999,10,9,8,0,246,352,455,87,805,566,7,23,53.53,0,0.14100000000000001,0.0,4.87,267.0,100.0,23,990.0
1999,10,9,8,30,327,229,486,94,844,679,8,23,46.13,0,0.14100000000000001,0.0,4.8790000000000004,267.0,100.0,23,990.0
1999,10,9,9,0,357,258,559,97,875,780,8,24,38.75,4,0.14100000000000001,0.0,4.889,267.6,100.0,24,990.0
1999,10,9,9,30,101,896,866,101,896,866,1,24,31.43,0,0.14100000000000001,0.0,4.917,267.6,100.0,24,990.0
1999,10,9,10,0,472,174,632,103,912,935,2,23,24.21,0,0.14100000000000001,0.0,4.945,266.8,93.75,25,990.0
1999,10,9,10,30,474,330,790,105,922,986,8,23,17.21,0,0.14100000000000001,0.0,4.973,266.8,93.71000000000001,25,990.0
1999,10,9,11,0,504,99,601,106,928,1018,3,22,10.9,0,0.14100000000000001,0.0,5.002,270.90000000000003,88.08,26,990.0
1999,10,9,11,30,484,125,608,107,930,1030,3,22,7.3,1,0.14100000000000001,0.0,5.024,270.90000000000003,88.03,26,980.0
1999,10,9,12,0,106,929,1021,106,929,1021,0,22,10.0,0,0.14100000000000001,0.0,5.046,266.7,80.73,26,980.0
1999,10,9,12,30,105,923,993,105,923,993,0,22,16.09,0,0.14100000000000001,0.0,5.064,266.7,80.68,26,980.0
1999,10,9,13,0,102,916,945,102,916,945,0,22,23.02,0,0.14100000000000001,0.0,5.082,275.40000000000003,80.7,26,980.0
1999,10,9,13,30,379,407,731,99,902,879,8,22,30.21,0,0.14100000000000001,0.0,5.101,275.40000000000003,80.66,26,980.0
1999,10,9,14,0,269,16,282,94,885,796,8,22,37.52,0,0.14100000000000001,0.0,5.121,281.1,81.15,26,980.0
1999,10,9,14,30,306,370,569,89,858,698,7,22,44.89,0,0.14100000000000001,0.0,5.142,281.1,81.12,26,980.0
1999,10,9,15,0,81,828,588,81,828,588,0,22,52.29,0,0.14100000000000001,0.0,5.163,294.3,83.01,26,980.0
1999,10,9,15,30,74,778,467,74,778,467,0,22,59.71,0,0.14100000000000001,0.0,5.174,294.3,88.06,26,980.0
1999,10,9,16,0,64,712,341,64,712,341,0,23,67.15,0,0.14100000000000001,0.0,5.186,305.40000000000003,91.16,26,980.0
1999,10,9,16,30,52,604,213,52,604,213,8,23,74.59,3,0.14100000000000001,0.0,5.1930000000000005,305.40000000000003,91.16,25,980.0
1999,10,9,17,0,34,423,93,34,423,93,7,23,82.04,4,0.14100000000000001,0.0,5.2,303.7,93.64,25,980.0
1999,10,9,17,30,0,0,0,0,0,0,7,23,89.49,0,0.14100000000000001,0.1,5.207,303.7,99.41,24,980.0
1999,10,9,18,0,0,0,0,0,0,0,8,23,96.95,0,0.14100000000000001,0.2,5.215,307.0,99.10000000000001,24,980.0
1999,10,9,18,30,0,0,0,0,0,0,6,23,104.4,0,0.14100000000000001,0.30000000000000004,5.218,307.0,100.0,23,980.0
1999,10,9,19,0,0,0,0,0,0,0,6,23,111.86,1,0.14100000000000001,0.4,5.223,303.0,100.0,23,980.0
1999,10,9,19,30,0,0,0,0,0,0,6,23,119.31,0,0.14100000000000001,0.4,5.218,303.0,100.0,23,980.0
1999,10,9,20,0,0,0,0,0,0,0,6,23,126.75,0,0.14100000000000001,0.4,5.214,294.6,100.0,23,980.0
1999,10,9,20,30,0,0,0,0,0,0,6,23,134.18,0,0.14100000000000001,0.4,5.202,294.6,100.0,23,980.0
1999,10,9,21,0,0,0,0,0,0,0,8,22,141.6,0,0.14100000000000001,0.5,5.19,287.6,99.83,23,980.0
1999,10,9,21,30,0,0,0,0,0,0,8,22,148.99,0,0.14100000000000001,0.5,5.181,287.6,100.0,22,980.0
1999,10,9,22,0,0,0,0,0,0,0,8,22,156.32,0,0.14100000000000001,0.5,5.173,282.5,100.0,22,980.0
1999,10,9,22,30,0,0,0,0,0,0,8,22,163.51,0,0.14100000000000001,0.5,5.166,282.5,100.0,22,980.0
1999,10,9,23,0,0,0,0,0,0,0,8,22,170.25,1,0.14100000000000001,0.5,5.159,281.6,100.0,22,980.0
1999,10,9,23,30,0,0,0,0,0,0,8,21,174.51,1,0.14100000000000001,0.4,5.1530000000000005,281.6,100.0,22,980.0
1999,10,10,0,0,0,0,0,0,0,0,8,21,171.21,1,0.14100000000000001,0.4,5.147,282.40000000000003,100.0,22,980.0
1999,10,10,0,30,0,0,0,0,0,0,7,21,164.62,1,0.14100000000000001,0.4,5.143,282.40000000000003,100.0,21,980.0
1999,10,10,1,0,0,0,0,0,0,0,7,21,157.47,1,0.14100000000000001,0.4,5.139,284.1,100.0,21,980.0
1999,10,10,1,30,0,0,0,0,0,0,7,21,150.16,0,0.14100000000000001,0.4,5.1370000000000005,284.1,100.0,21,980.0
1999,10,10,2,0,0,0,0,0,0,0,3,21,142.78,0,0.14100000000000001,0.4,5.136,285.1,100.0,21,980.0
1999,10,10,2,30,0,0,0,0,0,0,7,21,135.37,0,0.14100000000000001,0.4,5.132,285.1,100.0,21,980.0
1999,10,10,3,0,0,0,0,0,0,0,7,21,127.93,0,0.14100000000000001,0.4,5.128,284.8,100.0,21,980.0
1999,10,10,3,30,0,0,0,0,0,0,7,20,120.49000000000001,0,0.14100000000000001,0.4,5.115,284.8,100.0,21,980.0
1999,10,10,4,0,0,0,0,0,0,0,4,20,113.05,0,0.14100000000000001,0.4,5.103,281.8,100.0,21,980.0
1999,10,10,4,30,0,0,0,0,0,0,4,20,105.59,0,0.14100000000000001,0.4,5.08,281.8,100.0,20,980.0
1999,10,10,5,0,0,0,0,0,0,0,4,20,98.14,0,0.14100000000000001,0.4,5.057,277.2,100.0,20,980.0
1999,10,10,5,30,0,0,0,0,0,0,4,20,90.69,0,0.14100000000000001,0.30000000000000004,5.025,277.2,100.0,20,980.0
1999,10,10,6,0,2,0,2,30,389,76,8,21,83.24,0,0.14100000000000001,0.2,4.994,274.3,100.0,21,980.0
1999,10,10,6,30,22,0,22,48,592,194,8,21,75.79,0,0.14100000000000001,0.1,4.961,274.3,98.87,22,980.0
1999,10,10,7,0,54,0,54,59,715,323,4,22,68.35000000000001,0,0.14100000000000001,0.0,4.928,269.5,89.17,24,980.0
1999,10,10,7,30,121,0,121,67,789,450,3,22,60.92,0,0.14100000000000001,0.0,4.902,269.5,84.02,25,980.0
1999,10,10,8,0,72,841,573,72,841,573,0,22,53.51,0,0.14100000000000001,0.0,4.876,240.10000000000002,80.91,26,980.0
1999,10,10,8,30,77,877,686,77,877,686,0,22,46.11,0,0.14100000000000001,0.0,4.86,240.10000000000002,80.91,26,980.0
1999,10,10,9,0,82,903,786,82,903,786,0,22,38.75,0,0.14100000000000001,0.0,4.845,214.70000000000002,78.18,27,980.0
1999,10,10,9,30,85,923,872,85,923,872,0,22,31.45,0,0.14100000000000001,0.0,4.8500000000000005,214.70000000000002,78.16,27,980.0
1999,10,10,10,0,88,935,941,88,935,941,0,23,24.25,0,0.14100000000000001,0.0,4.856,190.3,75.06,28,980.0
1999,10,10,10,30,90,945,992,90,945,992,0,23,17.31,0,0.14100000000000001,0.0,4.884,190.3,75.02,28,980.0
1999,10,10,11,0,517,140,655,91,950,1023,3,23,11.1,0,0.14100000000000001,0.0,4.913,172.8,75.9,29,980.0
1999,10,10,11,30,263,14,277,91,951,1035,3,23,7.68,0,0.14100000000000001,0.0,4.958,172.8,75.85000000000001,29,980.0
1999,10,10,12,0,415,32,447,92,949,1026,3,23,10.33,0,0.14100000000000001,0.0,5.0040000000000004,167.60000000000002,72.3,29,980.0
1999,10,10,12,30,500,229,721,91,944,997,3,23,16.32,0,0.14100000000000001,0.0,5.057,167.60000000000002,72.26,29,980.0
1999,10,10,13,0,439,64,498,89,934,948,4,23,23.2,0,0.14100000000000001,0.0,5.111,163.9,72.85000000000001,29,980.0
1999,10,10,13,30,87,921,882,87,921,882,0,23,30.36,0,0.14100000000000001,0.0,5.1690000000000005,163.9,72.81,29,980.0
1999,10,10,14,0,83,903,798,83,903,798,0,23,37.660000000000004,0,0.14100000000000001,0.0,5.228,163.3,73.88,29,980.0
1999,10,10,14,30,268,471,601,79,877,700,8,23,45.01,0,0.14100000000000001,0.0,5.281,163.3,78.26,28,980.0
1999,10,10,15,0,74,843,589,74,843,589,0,24,52.4,0,0.14100000000000001,0.0,5.3340000000000005,144.70000000000002,81.68,28,980.0
1999,10,10,15,30,68,795,468,68,795,468,0,24,59.81,0,0.14100000000000001,0.0,5.3740000000000006,144.70000000000002,81.68,28,980.0
1999,10,10,16,0,60,726,341,60,726,341,0,25,67.24,0,0.14100000000000001,0.0,5.414,119.80000000000001,84.29,28,980.0
1999,10,10,16,30,49,620,213,49,620,213,0,25,74.68,0,0.14100000000000001,0.0,5.444,119.80000000000001,89.37,27,980.0
1999,10,10,17,0,33,435,93,33,435,93,7,25,82.12,4,0.14100000000000001,0.1,5.4750000000000005,138.4,93.71000000000001,27,980.0
1999,10,10,17,30,0,0,0,0,0,0,7,25,89.56,0,0.14100000000000001,0.1,5.51,138.4,99.42,26,980.0
1999,10,10,18,0,0,0,0,0,0,0,7,24,97.02,0,0.14100000000000001,0.2,5.546,144.1,93.75,26,980.0
1999,10,10,18,30,0,0,0,0,0,0,7,24,104.46000000000001,0,0.14100000000000001,0.2,5.5600000000000005,144.1,93.8,26,980.0
1999,10,10,19,0,0,0,0,0,0,0,7,24,111.91,1,0.14100000000000001,0.2,5.575,128.4,92.44,26,980.0
1999,10,10,19,30,0,0,0,0,0,0,7,24,119.36,0,0.14100000000000001,0.2,5.5840000000000005,128.4,98.11,26,980.0
1999,10,10,20,0,0,0,0,0,0,0,7,24,126.79,0,0.14100000000000001,0.2,5.594,124.30000000000001,97.19,26,980.0
1999,10,10,20,30,0,0,0,0,0,0,7,24,134.22,0,0.14100000000000001,0.2,5.587,124.30000000000001,97.21000000000001,25,980.0
1999,10,10,21,0,0,0,0,0,0,0,7,24,141.62,0,0.14100000000000001,0.2,5.581,128.4,96.91,25,980.0
1999,10,10,21,30,0,0,0,0,0,0,7,24,148.99,0,0.14100000000000001,0.1,5.5600000000000005,128.4,96.91,25,980.0
1999,10,10,22,0,0,0,0,0,0,0,7,24,156.3,0,0.14100000000000001,0.1,5.54,125.2,96.51,25,980.0
1999,10,10,22,30,0,0,0,0,0,0,7,24,163.45000000000002,0,0.14100000000000001,0.1,5.503,125.2,96.48,25,980.0
1999,10,10,23,0,0,0,0,0,0,0,7,24,170.09,1,0.14100000000000001,0.1,5.466,124.30000000000001,97.66,25,980.0
1999,10,10,23,30,0,0,0,0,0,0,7,24,174.14000000000001,1,0.14100000000000001,0.1,5.415,124.30000000000001,100.0,25,980.0
1999,10,11,0,0,0,0,0,0,0,0,7,24,170.92000000000002,1,0.14100000000000001,0.1,5.365,82.4,100.0,25,980.0
1999,10,11,0,30,0,0,0,0,0,0,4,24,164.43,1,0.14100000000000001,0.1,5.307,82.4,100.0,24,980.0
1999,10,11,1,0,0,0,0,0,0,0,4,23,157.32,1,0.14100000000000001,0.2,5.25,41.7,97.56,24,980.0
1999,10,11,1,30,0,0,0,0,0,0,4,23,150.03,0,0.14100000000000001,0.2,5.2010000000000005,41.7,97.54,24,980.0
1999,10,11,2,0,0,0,0,0,0,0,4,23,142.67000000000002,0,0.14100000000000001,0.2,5.152,20.400000000000002,97.18,24,980.0
1999,10,11,2,30,0,0,0,0,0,0,1,23,135.26,0,0.14100000000000001,0.2,5.124,20.400000000000002,97.19,24,980.0
1999,10,11,3,0,0,0,0,0,0,0,3,23,127.84,0,0.14100000000000001,0.30000000000000004,5.097,44.800000000000004,96.74000000000001,24,980.0
1999,10,11,3,30,0,0,0,0,0,0,3,23,120.41,0,0.14100000000000001,0.30000000000000004,5.0920000000000005,44.800000000000004,100.0,23,980.0
1999,10,11,4,0,0,0,0,0,0,0,0,23,112.97,0,0.14100000000000001,0.4,5.087,57.5,100.0,23,980.0
1999,10,11,4,30,0,0,0,0,0,0,0,23,105.52,0,0.14100000000000001,0.4,5.088,57.5,100.0,23,980.0
1999,10,11,5,0,0,0,0,0,0,0,0,23,98.08,0,0.14100000000000001,0.4,5.089,62.6,100.0,23,980.0
1999,10,11,5,30,0,0,0,0,0,0,1,23,90.63,0,0.14100000000000001,0.4,5.099,62.6,100.0,23,980.0
1999,10,11,6,0,40,38,45,32,367,76,3,23,83.19,0,0.14100000000000001,0.4,5.109,62.7,100.0,23,980.0
1999,10,11,6,30,92,41,102,52,571,193,3,23,75.75,0,0.14100000000000001,0.2,5.124,62.7,100.0,23,980.0
1999,10,11,7,0,65,689,320,65,689,320,0,23,68.31,0,0.14100000000000001,0.1,5.14,57.6,99.98,24,980.0
1999,10,11,7,30,75,765,447,75,765,447,0,24,60.89,0,0.14100000000000001,0.0,5.159,57.6,100.0,24,980.0
1999,10,11,8,0,274,172,377,81,820,569,3,24,53.480000000000004,0,0.14100000000000001,0.0,5.179,74.2,95.31,25,980.0
1999,10,11,8,30,87,857,681,87,857,681,0,24,46.1,0,0.14100000000000001,0.0,5.203,74.2,95.33,25,980.0
1999,10,11,9,0,92,883,781,92,883,781,0,24,38.75,0,0.14100000000000001,0.0,5.227,82.2,89.04,26,980.0
1999,10,11,9,30,96,903,867,96,903,867,0,24,31.470000000000002,0,0.14100000000000001,0.0,5.249,82.2,89.04,26,980.0
1999,10,11,10,0,101,915,935,101,915,935,0,23,24.310000000000002,0,0.14100000000000001,0.0,5.271,96.80000000000001,83.11,27,980.0
1999,10,11,10,30,103,925,985,103,925,985,0,23,17.42,0,0.14100000000000001,0.0,5.2780000000000005,96.80000000000001,83.07000000000001,27,980.0
1999,10,11,11,0,104,930,1017,104,930,1017,0,23,11.32,0,0.14100000000000001,0.0,5.2860000000000005,111.7,82.59,27,980.0
1999,10,11,11,30,105,932,1028,105,932,1028,0,23,8.05,0,0.14100000000000001,0.0,5.272,111.7,82.55,27,980.0
1999,10,11,12,0,104,931,1020,104,931,1020,0,23,10.65,0,0.14100000000000001,0.0,5.258,127.9,82.19,27,980.0
1999,10,11,12,30,498,123,616,103,926,991,3,23,16.55,0,0.14100000000000001,0.0,5.2410000000000005,127.9,82.15,27,980.0
1999,10,11,13,0,100,918,943,100,918,943,0,23,23.38,0,0.14100000000000001,0.0,5.224,135.0,82.74,27,980.0
1999,10,11,13,30,375,413,731,98,904,877,8,23,30.52,0,0.14100000000000001,0.0,5.207,135.0,82.7,27,980.0
1999,10,11,14,0,359,358,642,93,887,794,7,23,37.79,0,0.14100000000000001,0.0,5.191,135.0,83.65,27,980.0
1999,10,11,14,30,88,860,696,88,860,696,1,23,45.13,0,0.14100000000000001,0.0,5.178,135.0,83.63,27,980.0
1999,10,11,15,0,82,827,585,82,827,585,1,24,52.51,0,0.14100000000000001,0.0,5.166,138.3,85.36,27,980.0
1999,10,11,15,30,211,268,346,75,777,464,8,24,59.910000000000004,0,0.14100000000000001,0.0,5.15,138.3,90.52,27,980.0
1999,10,11,16,0,152,45,169,65,708,338,6,24,67.33,0,0.14100000000000001,0.0,5.135,117.4,92.0,27,980.0
1999,10,11,16,30,99,43,110,53,597,210,6,24,74.76,0,0.14100000000000001,0.0,5.119,117.4,92.02,26,980.0
1999,10,11,17,0,46,13,47,35,411,91,6,25,82.2,4,0.14100000000000001,0.1,5.104,110.2,94.57000000000001,26,980.0
1999,10,11,17,30,0,0,0,0,0,0,6,25,89.63,0,0.14100000000000001,0.1,5.083,110.2,100.0,25,980.0
1999,10,11,18,0,0,0,0,0,0,0,6,24,97.08,0,0.14100000000000001,0.2,5.063,89.4,94.79,25,980.0
1999,10,11,18,30,0,0,0,0,0,0,6,24,104.52,0,0.14100000000000001,0.2,5.038,89.4,94.82000000000001,25,980.0
1999,10,11,19,0,0,0,0,0,0,0,6,23,111.97,1,0.14100000000000001,0.30000000000000004,5.014,72.9,92.47,25,980.0
1999,10,11,19,30,0,0,0,0,0,0,6,23,119.4,0,0.14100000000000001,0.30000000000000004,4.995,72.9,98.18,24,980.0
1999,10,11,20,0,0,0,0,0,0,0,6,23,126.83,0,0.14100000000000001,0.30000000000000004,4.976,63.800000000000004,97.53,24,980.0
1999,10,11,20,30,0,0,0,0,0,0,6,23,134.25,0,0.14100000000000001,0.2,4.954,63.800000000000004,100.0,23,980.0
1999,10,11,21,0,0,0,0,0,0,0,6,23,141.64000000000001,0,0.14100000000000001,0.2,4.932,57.5,100.0,23,980.0
1999,10,11,21,30,0,0,0,0,0,0,6,23,148.99,0,0.14100000000000001,0.1,4.9110000000000005,57.5,100.0,23,980.0
1999,10,11,22,0,0,0,0,0,0,0,6,23,156.27,0,0.14100000000000001,0.1,4.891,50.1,100.0,23,980.0
1999,10,11,22,30,0,0,0,0,0,0,8,22,163.37,0,0.14100000000000001,0.1,4.88,50.1,100.0,23,980.0
1999,10,11,23,0,0,0,0,0,0,0,8,22,169.92000000000002,1,0.14100000000000001,0.1,4.87,42.300000000000004,100.0,23,980.0
1999,10,11,23,30,0,0,0,0,0,0,8,22,173.77,1,0.14100000000000001,0.1,4.865,42.300000000000004,100.0,22,980.0
1999,10,12,0,0,0,0,0,0,0,0,8,22,170.63,1,0.14100000000000001,0.1,4.86,33.4,100.0,22,980.0
1999,10,12,0,30,0,0,0,0,0,0,7,22,164.23,1,0.14100000000000001,0.1,4.86,33.4,100.0,22,980.0
1999,10,12,1,0,0,0,0,0,0,0,7,22,157.16,1,0.14100000000000001,0.2,4.86,21.1,100.0,22,980.0
1999,10,12,1,30,0,0,0,0,0,0,7,22,149.9,0,0.14100000000000001,0.2,4.862,21.1,100.0,22,980.0
1999,10,12,2,0,0,0,0,0,0,0,7,22,142.55,0,0.14100000000000001,0.2,4.865,7.6000000000000005,100.0,22,980.0
1999,10,12,2,30,0,0,0,0,0,0,8,21,135.16,0,0.14100000000000001,0.2,4.869,7.6000000000000005,100.0,22,980.0
1999,10,12,3,0,0,0,0,0,0,0,7,21,127.75,0,0.14100000000000001,0.2,4.873,356.6,100.0,22,980.0
1999,10,12,3,30,0,0,0,0,0,0,6,21,120.33,0,0.14100000000000001,0.2,4.883,356.6,100.0,22,980.0
1999,10,12,4,0,0,0,0,0,0,0,6,21,112.89,0,0.14100000000000001,0.30000000000000004,4.893,355.20000000000005,100.0,22,980.0
1999,10,12,4,30,0,0,0,0,0,0,6,21,105.45,0,0.14100000000000001,0.4,4.909,355.20000000000005,100.0,22,980.0
1999,10,12,5,0,0,0,0,0,0,0,7,22,98.01,0,0.14100000000000001,0.5,4.926,5.800000000000001,100.0,22,980.0
1999,10,12,5,30,0,0,0,0,0,0,8,22,90.57000000000001,0,0.14100000000000001,0.4,4.947,5.800000000000001,100.0,22,980.0
1999,10,12,6,0,8,0,8,34,352,76,8,22,83.14,0,0.14100000000000001,0.4,4.968,29.8,100.0,22,980.0
1999,10,12,6,30,52,0,52,55,558,192,8,22,75.7,0,0.14100000000000001,0.2,4.988,29.8,100.0,22,980.0
1999,10,12,7,0,95,0,95,68,678,319,8,23,68.28,0,0.14100000000000001,0.0,5.009,67.2,100.0,23,990.0
1999,10,12,7,30,197,46,220,79,756,447,8,23,60.86,0,0.14100000000000001,0.0,5.022,67.2,100.0,23,990.0
1999,10,12,8,0,229,26,245,85,813,569,7,23,53.46,0,0.14100000000000001,0.0,5.035,117.60000000000001,99.04,24,990.0
1999,10,12,8,30,326,242,494,91,851,681,8,23,46.09,0,0.14100000000000001,0.0,5.043,117.60000000000001,99.05,24,990.0
1999,10,12,9,0,292,505,687,94,883,782,8,23,38.76,0,0.14100000000000001,0.0,5.0520000000000005,126.0,93.5,25,990.0
1999,10,12,9,30,338,505,769,97,903,868,8,23,31.5,0,0.14100000000000001,0.0,5.0600000000000005,126.0,93.48,25,990.0
1999,10,12,10,0,288,595,831,97,922,937,8,23,24.37,4,0.14100000000000001,0.0,5.0680000000000005,138.8,86.4,26,990.0
1999,10,12,10,30,403,389,775,99,931,988,8,23,17.54,4,0.14100000000000001,0.0,5.08,138.8,86.36,26,990.0
1999,10,12,11,0,493,312,800,98,940,1019,8,23,11.55,0,0.14100000000000001,0.0,5.093,189.10000000000002,79.98,27,990.0
1999,10,12,11,30,99,942,1030,99,942,1030,0,23,8.42,0,0.14100000000000001,0.0,5.113,189.10000000000002,79.93,27,980.0
1999,10,12,12,0,97,941,1022,97,941,1022,0,23,10.98,0,0.14100000000000001,0.0,5.133,216.20000000000002,79.15,28,980.0
1999,10,12,12,30,495,250,735,96,936,993,8,23,16.79,0,0.14100000000000001,0.0,5.156,216.20000000000002,79.10000000000001,28,980.0
1999,10,12,13,0,411,404,781,93,928,945,7,23,23.57,0,0.14100000000000001,0.0,5.179,221.20000000000002,74.32000000000001,28,980.0
1999,10,12,13,30,349,30,375,91,915,878,6,22,30.67,0,0.14100000000000001,0.0,5.207,221.20000000000002,74.29,28,980.0
1999,10,12,14,0,164,3,167,88,895,794,6,23,37.92,0,0.14100000000000001,0.0,5.236,216.5,75.37,28,980.0
1999,10,12,14,30,160,1,160,83,869,696,6,23,45.25,0,0.14100000000000001,0.0,5.2620000000000005,216.5,79.87,28,980.0
1999,10,12,15,0,213,14,222,78,835,585,6,23,52.61,0,0.14100000000000001,0.0,5.289,220.10000000000002,81.93,28,980.0
1999,10,12,15,30,177,13,183,71,786,464,6,23,60.01,0,0.14100000000000001,0.0,5.301,220.10000000000002,81.93,27,980.0
1999,10,12,16,0,113,0,113,62,717,337,6,23,67.42,0,0.14100000000000001,0.1,5.314,237.4,82.72,27,980.0
1999,10,12,16,30,77,0,77,50,608,210,6,23,74.84,0,0.14100000000000001,0.1,5.321,237.4,87.75,26,980.0
1999,10,12,17,0,33,0,33,33,421,90,6,24,82.27,4,0.14100000000000001,0.1,5.328,259.7,90.39,26,980.0
1999,10,12,17,30,0,0,0,0,0,0,6,24,89.7,0,0.14100000000000001,0.1,5.336,259.7,95.95,25,980.0
1999,10,12,18,0,0,0,0,0,0,0,6,24,97.14,0,0.14100000000000001,0.2,5.344,272.40000000000003,96.25,25,980.0
1999,10,12,18,30,0,0,0,0,0,0,6,24,104.58,0,0.14100000000000001,0.1,5.329,272.40000000000003,100.0,24,980.0
1999,10,12,19,0,0,0,0,0,0,0,6,23,112.01,1,0.14100000000000001,0.1,5.314,281.3,99.55,24,980.0
1999,10,12,19,30,0,0,0,0,0,0,7,23,119.44,0,0.14100000000000001,0.0,5.292,281.3,100.0,23,980.0
1999,10,12,20,0,0,0,0,0,0,0,7,23,126.86,0,0.14100000000000001,0.0,5.2700000000000005,287.3,100.0,23,990.0
1999,10,12,20,30,0,0,0,0,0,0,7,23,134.27,0,0.14100000000000001,0.0,5.227,287.3,100.0,23,990.0
1999,10,12,21,0,0,0,0,0,0,0,7,23,141.65,0,0.14100000000000001,0.0,5.184,288.6,100.0,23,990.0
1999,10,12,21,30,0,0,0,0,0,0,7,23,148.99,0,0.14100000000000001,0.0,5.133,288.6,100.0,23,990.0
1999,10,12,22,0,0,0,0,0,0,0,7,23,156.24,0,0.14100000000000001,0.0,5.083,289.1,100.0,23,990.0
1999,10,12,22,30,0,0,0,0,0,0,7,22,163.29,0,0.14100000000000001,0.0,5.041,289.1,100.0,23,980.0
1999,10,12,23,0,0,0,0,0,0,0,7,22,169.73,1,0.14100000000000001,0.0,4.999,291.40000000000003,100.0,23,980.0
1999,10,12,23,30,0,0,0,0,0,0,7,22,173.4,1,0.14100000000000001,0.0,4.968,291.40000000000003,100.0,22,980.0
1999,10,13,0,0,0,0,0,0,0,0,7,22,170.33,1,0.14100000000000001,0.0,4.939,299.2,100.0,22,980.0
1999,10,13,0,30,0,0,0,0,0,0,3,22,164.02,1,0.14100000000000001,0.0,4.915,299.2,100.0,22,980.0
1999,10,13,1,0,0,0,0,0,0,0,3,22,157.0,1,0.14100000000000001,0.0,4.891,308.40000000000003,100.0,22,980.0
1999,10,13,1,30,0,0,0,0,0,0,3,21,149.77,0,0.14100000000000001,0.0,4.873,308.40000000000003,100.0,22,980.0
1999,10,13,2,0,0,0,0,0,0,0,3,21,142.44,0,0.14100000000000001,0.1,4.855,316.20000000000005,100.0,22,980.0
1999,10,13,2,30,0,0,0,0,0,0,3,21,135.06,0,0.14100000000000001,0.1,4.838,316.20000000000005,100.0,21,980.0
1999,10,13,3,0,0,0,0,0,0,0,3,21,127.66,0,0.14100000000000001,0.1,4.822,323.0,100.0,21,980.0
1999,10,13,3,30,0,0,0,0,0,0,1,21,120.24000000000001,0,0.14100000000000001,0.1,4.8100000000000005,323.0,100.0,21,980.0
1999,10,13,4,0,0,0,0,0,0,0,1,21,112.82000000000001,0,0.14100000000000001,0.1,4.799,329.90000000000003,100.0,21,980.0
1999,10,13,4,30,0,0,0,0,0,0,3,21,105.39,0,0.14100000000000001,0.1,4.7940000000000005,329.90000000000003,100.0,21,980.0
1999,10,13,5,0,0,0,0,0,0,0,3,21,97.95,0,0.14100000000000001,0.1,4.79,337.20000000000005,100.0,21,980.0
1999,10,13,5,30,0,0,0,0,0,0,4,21,90.51,0,0.14100000000000001,0.0,4.784,337.20000000000005,100.0,21,990.0
1999,10,13,6,0,31,0,31,33,370,77,3,21,83.09,0,0.14100000000000001,0.0,4.7780000000000005,341.20000000000005,100.0,21,990.0
1999,10,13,6,30,47,0,47,53,574,195,3,21,75.66,0,0.14100000000000001,0.0,4.761,341.20000000000005,100.0,22,990.0
1999,10,13,7,0,67,689,322,67,689,322,0,22,68.24,0,0.14100000000000001,0.0,4.745,331.1,100.0,23,990.0
1999,10,13,7,30,211,96,258,76,766,450,3,22,60.84,0,0.14100000000000001,0.0,4.719,331.1,100.0,23,990.0
1999,10,13,8,0,263,74,307,84,819,572,4,22,53.45,0,0.14100000000000001,0.0,4.694,312.0,98.60000000000001,23,990.0
1999,10,13,8,30,251,18,264,90,858,685,4,22,46.09,0,0.14100000000000001,0.0,4.668,312.0,98.61,23,990.0
1999,10,13,9,0,306,27,327,93,888,786,4,22,38.77,0,0.14100000000000001,0.0,4.643,299.6,98.59,24,990.0
1999,10,13,9,30,430,127,538,97,909,872,3,22,31.53,0,0.14100000000000001,0.0,4.634,299.6,98.57000000000001,24,990.0
1999,10,13,10,0,461,261,699,98,926,941,3,22,24.44,0,0.14100000000000001,0.0,4.625,294.0,92.32000000000001,24,990.0
1999,10,13,10,30,411,36,446,100,935,992,3,22,17.67,0,0.14100000000000001,0.0,4.648,294.0,92.28,24,990.0
1999,10,13,11,0,512,236,744,99,944,1023,3,22,11.78,0,0.14100000000000001,0.0,4.672,292.2,86.88,25,990.0
1999,10,13,11,30,461,294,752,99,945,1034,3,22,8.790000000000001,1,0.14100000000000001,0.0,4.715,292.2,86.84,25,990.0
1999,10,13,12,0,307,21,327,98,945,1025,8,22,11.3,1,0.14100000000000001,0.0,4.758,297.1,81.12,26,990.0
1999,10,13,12,30,302,16,318,97,939,995,8,22,17.03,0,0.14100000000000001,0.0,4.8020000000000005,297.1,81.07000000000001,26,980.0
1999,10,13,13,0,285,18,302,94,931,947,8,22,23.76,1,0.14100000000000001,0.0,4.846,299.6,80.16,26,980.0
1999,10,13,13,30,266,16,281,92,917,880,8,22,30.830000000000002,1,0.14100000000000001,0.0,4.87,299.6,80.13,26,980.0
1999,10,13,14,0,243,14,254,88,898,796,8,22,38.06,1,0.14100000000000001,0.0,4.894,257.5,80.17,27,980.0
1999,10,13,14,30,84,873,697,84,873,697,0,22,45.37,1,0.14100000000000001,0.0,4.8790000000000004,257.5,80.13,26,980.0
1999,10,13,15,0,77,840,586,77,840,586,0,22,52.72,1,0.14100000000000001,0.0,4.865,251.4,80.02,26,980.0
1999,10,13,15,30,71,792,465,71,792,465,0,22,60.11,0,0.14100000000000001,0.0,4.816,251.4,80.01,26,980.0
1999,10,13,16,0,61,725,339,61,725,339,0,22,67.51,1,0.14100000000000001,0.0,4.768,251.9,80.68,26,980.0
1999,10,13,16,30,50,616,210,50,616,210,0,22,74.92,1,0.14100000000000001,0.0,4.705,251.9,85.59,25,980.0
1999,10,13,17,0,33,429,90,33,429,90,6,23,82.35000000000001,1,0.14100000000000001,0.1,4.643,254.4,88.81,25,980.0
1999,10,13,17,30,0,0,0,0,0,0,6,23,89.77,0,0.14100000000000001,0.1,4.586,254.4,94.28,24,980.0
1999,10,13,18,0,0,0,0,0,0,0,6,23,97.2,0,0.14100000000000001,0.2,4.53,251.70000000000002,95.03,24,980.0
1999,10,13,18,30,0,0,0,0,0,0,6,23,104.63,0,0.14100000000000001,0.2,4.486,251.70000000000002,100.0,23,980.0
1999,10,13,19,0,0,0,0,0,0,0,6,22,112.06,1,0.14100000000000001,0.30000000000000004,4.442,249.60000000000002,99.46000000000001,23,980.0
1999,10,13,19,30,0,0,0,0,0,0,6,22,119.48,0,0.14100000000000001,0.30000000000000004,4.407,249.60000000000002,99.49000000000001,23,980.0
1999,10,13,20,0,0,0,0,0,0,0,6,22,126.89,0,0.14100000000000001,0.30000000000000004,4.373,260.3,99.2,23,980.0
1999,10,13,20,30,0,0,0,0,0,0,6,22,134.29,0,0.14100000000000001,0.30000000000000004,4.347,260.3,99.22,23,980.0
1999,10,13,21,0,0,0,0,0,0,0,6,22,141.65,0,0.14100000000000001,0.4,4.322,277.6,99.97,23,990.0
1999,10,13,21,30,0,0,0,0,0,0,8,22,148.97,0,0.14100000000000001,0.4,4.307,277.6,99.97,23,990.0
1999,10,13,22,0,0,0,0,0,0,0,8,22,156.20000000000002,0,0.14100000000000001,0.4,4.292,290.1,98.94,23,990.0
1999,10,13,22,30,0,0,0,0,0,0,7,22,163.20000000000002,0,0.14100000000000001,0.4,4.2780000000000005,290.1,98.92,23,990.0
1999,10,13,23,0,0,0,0,0,0,0,7,22,169.53,1,0.14100000000000001,0.4,4.264,291.6,97.96000000000001,23,980.0
1999,10,13,23,30,0,0,0,0,0,0,7,22,173.03,1,0.14100000000000001,0.4,4.246,291.6,100.0,22,980.0
1999,10,14,0,0,0,0,0,0,0,0,7,22,170.03,1,0.14100000000000001,0.4,4.229,286.0,100.0,22,980.0
1999,10,14,0,30,0,0,0,0,0,0,7,22,163.82,1,0.14100000000000001,0.4,4.218,286.0,100.0,22,980.0
1999,10,14,1,0,0,0,0,0,0,0,7,22,156.84,1,0.14100000000000001,0.4,4.2090000000000005,276.40000000000003,100.0,22,980.0
1999,10,14,1,30,0,0,0,0,0,0,7,21,149.63,0,0.14100000000000001,0.4,4.211,276.40000000000003,100.0,22,980.0
1999,10,14,2,0,0,0,0,0,0,0,7,21,142.32,0,0.14100000000000001,0.5,4.214,264.6,100.0,22,980.0
1999,10,14,2,30,0,0,0,0,0,0,7,21,134.96,0,0.14100000000000001,0.5,4.228,264.6,100.0,21,980.0
1999,10,14,3,0,0,0,0,0,0,0,7,21,127.57000000000001,0,0.14100000000000001,0.6000000000000001,4.243,258.40000000000003,100.0,21,980.0
1999,10,14,3,30,0,0,0,0,0,0,7,20,120.16,0,0.14100000000000001,0.5,4.2620000000000005,258.40000000000003,100.0,20,980.0
1999,10,14,4,0,0,0,0,0,0,0,7,20,112.74000000000001,0,0.14100000000000001,0.5,4.281,259.1,100.0,20,980.0
1999,10,14,4,30,0,0,0,0,0,0,3,20,105.32000000000001,0,0.14100000000000001,0.5,4.301,259.1,100.0,20,980.0
1999,10,14,5,0,0,0,0,0,0,0,3,20,97.89,0,0.14100000000000001,0.5,4.322,262.6,100.0,20,980.0
1999,10,14,5,30,0,0,0,0,0,0,7,20,90.46000000000001,0,0.14100000000000001,0.30000000000000004,4.346,262.6,100.0,20,980.0
1999,10,14,6,0,38,282,72,29,429,81,7,21,83.04,0,0.14100000000000001,0.2,4.372,266.3,100.0,21,990.0
1999,10,14,6,30,68,440,177,46,625,201,8,21,75.62,4,0.14100000000000001,0.1,4.402,266.3,100.0,22,990.0
1999,10,14,7,0,151,81,182,56,737,329,4,22,68.21000000000001,0,0.14100000000000001,0.0,4.432,277.90000000000003,100.0,23,990.0
1999,10,14,7,30,196,315,350,63,808,457,8,23,60.82,0,0.14100000000000001,0.0,4.468,277.90000000000003,100.0,23,990.0
1999,10,14,8,0,266,254,418,68,858,579,7,23,53.44,0,0.14100000000000001,0.0,4.505,266.0,97.73,24,990.0
1999,10,14,8,30,329,228,487,72,892,691,7,23,46.09,0,0.14100000000000001,0.0,4.542,266.0,92.08,25,990.0
1999,10,14,9,0,383,119,476,75,918,791,6,22,38.79,0,0.14100000000000001,0.0,4.58,255.4,81.28,26,990.0
1999,10,14,9,30,433,193,598,78,936,876,8,22,31.580000000000002,0,0.14100000000000001,0.0,4.619,255.4,81.25,26,990.0
1999,10,14,10,0,435,231,645,80,949,944,8,21,24.52,1,0.14100000000000001,0.0,4.659,243.4,72.62,27,990.0
1999,10,14,10,30,457,232,679,82,957,994,8,21,17.8,1,0.14100000000000001,0.0,4.702,243.4,72.59,27,990.0
1999,10,14,11,0,471,233,700,83,962,1024,8,21,12.02,1,0.14100000000000001,0.0,4.745,234.70000000000002,68.61,28,990.0
1999,10,14,11,30,427,373,796,84,963,1035,7,21,9.16,1,0.14100000000000001,0.0,4.784,234.70000000000002,68.57000000000001,28,980.0
1999,10,14,12,0,424,372,789,85,960,1026,7,21,11.63,1,0.14100000000000001,0.0,4.824,229.3,69.26,28,980.0
1999,10,14,12,30,483,296,766,84,955,996,7,21,17.27,0,0.14100000000000001,0.0,4.857,229.3,69.23,28,980.0
1999,10,14,13,0,395,364,728,85,943,947,7,22,23.94,1,0.14100000000000001,0.0,4.891,220.5,70.15,29,980.0
1999,10,14,13,30,342,507,777,83,930,880,8,22,30.98,0,0.14100000000000001,0.0,4.917,220.5,70.12,28,980.0
1999,10,14,14,0,387,228,567,81,910,796,8,22,38.19,0,0.14100000000000001,0.0,4.9430000000000005,213.0,72.82000000000001,28,980.0
1999,10,14,14,30,197,6,202,77,885,697,6,22,45.480000000000004,0,0.14100000000000001,0.0,4.954,213.0,77.18,28,980.0
1999,10,14,15,0,157,0,157,71,852,586,6,23,52.83,0,0.14100000000000001,0.0,4.966,213.60000000000002,80.10000000000001,28,980.0
1999,10,14,15,30,81,0,81,65,804,465,6,23,60.2,0,0.14100000000000001,0.0,4.963,213.60000000000002,80.10000000000001,27,980.0
1999,10,14,16,0,103,0,103,56,740,338,6,23,67.59,0,0.14100000000000001,0.0,4.96,214.4,83.2,27,980.0
1999,10,14,16,30,75,0,75,46,633,210,6,23,75.0,0,0.14100000000000001,0.0,4.955,214.4,88.24,26,980.0
1999,10,14,17,0,32,0,32,30,454,90,7,24,82.42,4,0.14100000000000001,0.1,4.952,223.5,90.45,26,980.0
1999,10,14,17,30,0,0,0,0,0,0,7,24,89.83,0,0.14100000000000001,0.1,4.955,223.5,95.99000000000001,25,980.0
1999,10,14,18,0,0,0,0,0,0,0,7,24,97.26,0,0.14100000000000001,0.2,4.96,231.8,100.0,24,980.0
1999,10,14,18,30,0,0,0,0,0,0,7,23,104.69,0,0.14100000000000001,0.2,4.9750000000000005,231.8,100.0,24,980.0
1999,10,14,19,0,0,0,0,0,0,0,7,23,112.10000000000001,1,0.14100000000000001,0.30000000000000004,4.99,233.60000000000002,100.0,24,980.0
1999,10,14,19,30,0,0,0,0,0,0,7,23,119.52,0,0.14100000000000001,0.30000000000000004,5.005,233.60000000000002,100.0,23,980.0
1999,10,14,20,0,0,0,0,0,0,0,7,23,126.92,0,0.14100000000000001,0.30000000000000004,5.021,235.4,100.0,23,980.0
1999,10,14,20,30,0,0,0,0,0,0,7,23,134.3,0,0.14100000000000001,0.30000000000000004,5.037,235.4,100.0,23,990.0
1999,10,14,21,0,0,0,0,0,0,0,7,23,141.66,0,0.14100000000000001,0.30000000000000004,5.053,240.4,100.0,23,990.0
1999,10,14,21,30,0,0,0,0,0,0,7,22,148.95000000000002,0,0.14100000000000001,0.30000000000000004,5.061,240.4,100.0,22,990.0
1999,10,14,22,0,0,0,0,0,0,0,7,22,156.15,0,0.14100000000000001,0.4,5.07,251.60000000000002,100.0,22,990.0
1999,10,14,22,30,0,0,0,0,0,0,8,22,163.1,0,0.14100000000000001,0.30000000000000004,5.066,251.60000000000002,100.0,22,990.0
1999,10,14,23,0,0,0,0,0,0,0,8,22,169.33,1,0.14100000000000001,0.30000000000000004,5.062,264.1,100.0,22,990.0
1999,10,14,23,30,0,0,0,0,0,0,8,21,172.66,1,0.14100000000000001,0.30000000000000004,5.048,264.1,100.0,22,980.0
1999,10,15,0,0,0,0,0,0,0,0,8,21,169.73,1,0.14100000000000001,0.30000000000000004,5.034,270.8,100.0,22,980.0
1999,10,15,0,30,0,0,0,0,0,0,7,21,163.6,1,0.14100000000000001,0.2,5.011,270.8,100.0,21,980.0
1999,10,15,1,0,0,0,0,0,0,0,7,21,156.68,1,0.14100000000000001,0.2,4.988,269.40000000000003,100.0,21,980.0
1999,10,15,1,30,0,0,0,0,0,0,7,21,149.5,0,0.14100000000000001,0.2,4.968,269.40000000000003,100.0,21,980.0
1999,10,15,2,0,0,0,0,0,0,0,7,21,142.21,0,0.14100000000000001,0.2,4.948,263.8,100.0,21,980.0
1999,10,15,2,30,0,0,0,0,0,0,7,21,134.86,0,0.14100000000000001,0.2,4.937,263.8,100.0,21,980.0
1999,10,15,3,0,0,0,0,0,0,0,8,21,127.48,0,0.14100000000000001,0.2,4.9270000000000005,257.2,100.0,21,980.0
1999,10,15,3,30,0,0,0,0,0,0,4,21,120.08,0,0.14100000000000001,0.2,4.93,257.2,100.0,21,980.0
1999,10,15,4,0,0,0,0,0,0,0,4,21,112.67,0,0.14100000000000001,0.30000000000000004,4.933,252.9,100.0,21,980.0
1999,10,15,4,30,0,0,0,0,0,0,7,20,105.26,0,0.14100000000000001,0.30000000000000004,4.944,252.9,100.0,21,980.0
1999,10,15,5,0,0,0,0,0,0,0,7,20,97.84,0,0.14100000000000001,0.30000000000000004,4.956,251.4,100.0,21,980.0
1999,10,15,5,30,0,0,0,0,0,0,7,20,90.41,0,0.14100000000000001,0.2,4.9670000000000005,251.4,100.0,21,980.0
1999,10,15,6,0,20,0,20,31,401,80,4,21,83.0,0,0.14100000000000001,0.1,4.978,251.5,100.0,21,990.0
1999,10,15,6,30,92,32,100,49,600,198,4,21,75.59,0,0.14100000000000001,0.0,4.989,251.5,100.0,22,990.0
1999,10,15,7,0,152,180,219,60,715,326,3,22,68.18,0,0.14100000000000001,0.0,5.001,247.4,100.0,23,990.0
1999,10,15,7,30,159,4,161,69,788,453,3,23,60.800000000000004,0,0.14100000000000001,0.0,5.021,247.4,100.0,23,990.0
1999,10,15,8,0,100,0,100,74,841,575,4,24,53.43,0,0.14100000000000001,0.0,5.041,247.70000000000002,100.0,24,990.0
1999,10,15,8,30,119,0,119,79,876,687,4,24,46.1,1,0.14100000000000001,0.0,5.073,247.70000000000002,100.0,24,990.0
1999,10,15,9,0,301,438,642,83,903,786,7,24,38.81,1,0.14100000000000001,0.0,5.106,248.9,94.51,25,990.0
1999,10,15,9,30,388,379,712,86,922,871,7,24,31.62,0,0.14100000000000001,0.0,5.141,248.9,89.05,26,990.0
1999,10,15,10,0,341,468,767,89,935,939,7,23,24.6,1,0.14100000000000001,0.0,5.178,253.3,81.26,27,990.0
1999,10,15,10,30,351,480,808,90,944,989,7,23,17.94,1,0.14100000000000001,0.0,5.205,253.3,81.22,27,990.0
1999,10,15,11,0,358,486,833,92,948,1019,7,23,12.27,1,0.14100000000000001,0.0,5.234,245.60000000000002,80.83,27,990.0
1999,10,15,11,30,436,349,781,92,950,1030,3,23,9.53,1,0.14100000000000001,0.0,5.244,245.60000000000002,80.79,27,980.0
1999,10,15,12,0,433,348,774,93,948,1020,3,23,11.96,1,0.14100000000000001,0.0,5.2540000000000004,227.10000000000002,76.52,28,980.0
1999,10,15,12,30,487,276,751,91,943,991,3,23,17.52,0,0.14100000000000001,0.0,5.246,227.10000000000002,81.06,28,980.0
1999,10,15,13,0,402,342,715,89,935,943,3,23,24.13,1,0.14100000000000001,0.0,5.238,210.60000000000002,81.19,28,980.0
1999,10,15,13,30,375,337,664,86,922,876,3,23,31.14,1,0.14100000000000001,0.0,5.218,210.60000000000002,81.16,27,980.0
1999,10,15,14,0,340,333,601,82,906,793,3,23,38.33,1,0.14100000000000001,0.0,5.198,195.60000000000002,82.54,27,980.0
1999,10,15,14,30,322,207,467,78,881,694,7,23,45.6,1,0.14100000000000001,0.0,5.172,195.60000000000002,82.53,27,980.0
1999,10,15,15,0,269,205,392,71,849,584,7,24,52.93,1,0.14100000000000001,0.0,5.146,181.3,86.61,27,980.0
1999,10,15,15,30,217,189,311,65,802,463,7,24,60.29,0,0.14100000000000001,0.0,5.119,181.3,91.84,27,980.0
1999,10,15,16,0,153,192,226,57,735,336,7,24,67.68,1,0.14100000000000001,0.0,5.0920000000000005,171.4,93.54,27,980.0
1999,10,15,16,30,96,204,149,47,627,208,8,24,75.08,0,0.14100000000000001,0.0,5.065,171.4,99.25,26,980.0
1999,10,15,17,0,44,151,63,31,444,89,7,25,82.49,4,0.14100000000000001,0.1,5.039,182.10000000000002,100.0,26,980.0
1999,10,15,17,30,0,0,0,0,0,0,7,25,89.9,0,0.14100000000000001,0.2,5.023,182.10000000000002,100.0,25,980.0
1999,10,15,18,0,0,0,0,0,0,0,7,24,97.32000000000001,0,0.14100000000000001,0.4,5.007,185.70000000000002,97.7,25,980.0
1999,10,15,18,30,0,0,0,0,0,0,4,24,104.73,0,0.14100000000000001,0.4,5.005,185.70000000000002,100.0,24,980.0
1999,10,15,19,0,0,0,0,0,0,0,4,24,112.14,1,0.139,0.5,5.003,179.9,100.0,24,980.0
1999,10,15,19,30,0,0,0,0,0,0,3,24,119.55,0,0.139,0.5,5.011,179.9,100.0,24,980.0
1999,10,15,20,0,0,0,0,0,0,0,3,23,126.94,0,0.139,0.5,5.0200000000000005,168.5,99.36,24,980.0
1999,10,15,20,30,0,0,0,0,0,0,3,23,134.31,0,0.139,0.5,5.032,168.5,99.38,24,980.0
1999,10,15,21,0,0,0,0,0,0,0,4,23,141.65,0,0.139,0.5,5.045,148.70000000000002,97.96000000000001,24,990.0
1999,10,15,21,30,0,0,0,0,0,0,3,23,148.93,0,0.139,0.4,5.054,148.70000000000002,97.96000000000001,24,990.0
1999,10,15,22,0,0,0,0,0,0,0,7,23,156.09,0,0.139,0.4,5.064,122.9,96.65,24,990.0
1999,10,15,22,30,0,0,0,0,0,0,8,23,162.99,0,0.139,0.4,5.071,122.9,100.0,23,980.0
1999,10,15,23,0,0,0,0,0,0,0,8,23,169.11,0,0.139,0.4,5.078,100.0,100.0,23,980.0
1999,10,15,23,30,0,0,0,0,0,0,8,23,172.29,0,0.139,0.4,5.081,100.0,100.0,23,980.0
1999,10,16,0,0,0,0,0,0,0,0,4,22,169.42000000000002,0,0.139,0.4,5.085,87.10000000000001,99.95,23,980.0
1999,10,16,0,30,0,0,0,0,0,0,3,22,163.39000000000001,0,0.139,0.4,5.085,87.10000000000001,100.0,23,980.0
1999,10,16,1,0,0,0,0,0,0,0,3,22,156.52,0,0.139,0.4,5.086,74.2,100.0,23,980.0
1999,10,16,1,30,0,0,0,0,0,0,3,22,149.37,0,0.139,0.4,5.079,74.2,100.0,22,980.0
1999,10,16,2,0,0,0,0,0,0,0,7,22,142.09,0,0.139,0.5,5.072,65.10000000000001,100.0,22,980.0
1999,10,16,2,30,0,0,0,0,0,0,4,22,134.76,0,0.139,0.5,5.055,65.10000000000001,100.0,22,980.0
1999,10,16,3,0,0,0,0,0,0,0,7,22,127.39,0,0.139,0.5,5.039,64.60000000000001,100.0,22,980.0
1999,10,16,3,30,0,0,0,0,0,0,7,22,120.0,0,0.139,0.5,5.014,64.60000000000001,100.0,22,980.0
1999,10,16,4,0,0,0,0,0,0,0,7,22,112.60000000000001,0,0.139,0.5,4.99,65.4,100.0,22,980.0
1999,10,16,4,30,0,0,0,0,0,0,7,22,105.19,0,0.139,0.5,4.963,65.4,100.0,22,980.0
1999,10,16,5,0,0,0,0,0,0,0,7,21,97.78,0,0.139,0.5,4.937,60.1,99.82000000000001,22,980.0
1999,10,16,5,30,0,0,0,0,0,0,8,21,90.36,0,0.139,0.4,4.9190000000000005,60.1,99.86,22,980.0
1999,10,16,6,0,42,132,58,29,440,83,8,22,82.96000000000001,0,0.139,0.30000000000000004,4.901,51.1,100.0,22,990.0
1999,10,16,6,30,93,39,103,44,632,202,3,22,75.55,0,0.139,0.1,4.897,51.1,100.0,22,990.0
1999,10,16,7,0,143,275,246,54,739,329,8,22,68.16,0,0.139,0.0,4.893,22.5,100.0,23,990.0
1999,10,16,7,30,215,161,293,62,809,457,4,22,60.78,0,0.139,0.0,4.9,22.5,100.0,23,990.0
1999,10,16,8,0,66,858,578,66,858,578,1,23,53.43,0,0.139,0.0,4.908,14.0,100.0,23,990.0
1999,10,16,8,30,329,227,487,71,892,689,3,23,46.11,0,0.139,0.0,4.923,14.0,100.0,23,990.0
1999,10,16,9,0,241,11,251,73,918,789,4,24,38.84,0,0.139,0.0,4.938,7.6000000000000005,100.0,24,990.0
1999,10,16,9,30,381,48,422,76,936,873,4,24,31.67,0,0.139,0.0,4.966,7.6000000000000005,100.0,24,990.0
1999,10,16,10,0,401,58,454,78,949,941,8,23,24.69,4,0.139,0.0,4.995,348.40000000000003,98.46000000000001,24,990.0
1999,10,16,10,30,302,607,879,79,958,990,8,23,18.09,4,0.139,0.0,5.024,348.40000000000003,98.42,24,990.0
1999,10,16,11,0,443,474,906,80,962,1021,8,22,12.52,0,0.139,0.0,5.053,320.40000000000003,87.02,25,990.0
1999,10,16,11,30,81,964,1031,81,964,1031,0,22,9.9,0,0.139,0.0,5.0680000000000005,320.40000000000003,86.97,25,990.0
1999,10,16,12,0,459,53,511,80,963,1021,8,21,12.290000000000001,0,0.139,0.0,5.0840000000000005,312.3,82.06,25,980.0
1999,10,16,12,30,429,414,824,79,958,992,8,21,17.76,0,0.139,0.0,5.09,312.3,82.01,25,980.0
1999,10,16,13,0,384,503,843,76,951,943,8,21,24.330000000000002,0,0.139,0.0,5.098,316.70000000000005,80.84,25,980.0
1999,10,16,13,30,347,479,757,74,938,876,7,21,31.3,0,0.139,0.0,5.1000000000000005,316.70000000000005,80.8,25,980.0
1999,10,16,14,0,351,373,643,72,920,793,8,21,38.46,0,0.139,0.0,5.103,324.5,81.07000000000001,26,980.0
1999,10,16,14,30,310,58,351,68,896,694,6,21,45.72,0,0.139,0.0,5.102,324.5,81.05,26,980.0
1999,10,16,15,0,182,4,185,64,863,583,6,21,53.04,0,0.139,0.0,5.101,337.40000000000003,81.94,26,980.0
1999,10,16,15,30,218,148,292,59,816,463,6,21,60.39,0,0.139,0.0,5.087,337.40000000000003,81.93,25,980.0
1999,10,16,16,0,155,195,229,52,750,336,7,22,67.76,0,0.139,0.0,5.073,337.70000000000005,85.24,25,980.0
1999,10,16,16,30,83,351,173,43,645,208,8,22,75.15,0,0.139,0.0,5.047,337.70000000000005,90.47,24,980.0
1999,10,16,17,0,38,271,73,29,460,89,7,22,82.55,4,0.139,0.1,5.022,355.40000000000003,93.96000000000001,24,980.0
1999,10,16,17,30,0,0,0,0,0,0,7,22,89.96000000000001,0,0.139,0.2,4.994,355.40000000000003,93.99,24,980.0
1999,10,16,18,0,0,0,0,0,0,0,7,22,97.37,0,0.139,0.30000000000000004,4.9670000000000005,354.90000000000003,90.31,24,980.0
1999,10,16,18,30,0,0,0,0,0,0,7,22,104.78,0,0.139,0.4,4.942,354.90000000000003,95.93,23,980.0
1999,10,16,19,0,0,0,0,0,0,0,7,21,112.18,1,0.139,0.5,4.917,353.0,93.77,23,980.0
1999,10,16,19,30,0,0,0,0,0,0,7,21,119.58,0,0.139,0.5,4.891,353.0,93.8,23,980.0
1999,10,16,20,0,0,0,0,0,0,0,4,21,126.96000000000001,0,0.139,0.5,4.867,354.40000000000003,92.72,23,980.0
1999,10,16,20,30,0,0,0,0,0,0,4,21,134.32,0,0.139,0.5,4.841,354.40000000000003,98.51,22,980.0
1999,10,16,21,0,0,0,0,0,0,0,4,21,141.64000000000001,0,0.139,0.5,4.815,354.1,97.38,22,980.0
1999,10,16,21,30,0,0,0,0,0,0,8,21,148.9,0,0.139,0.5,4.7940000000000005,354.1,97.37,22,980.0
1999,10,16,22,0,0,0,0,0,0,0,4,21,156.03,0,0.139,0.5,4.774,350.20000000000005,96.19,22,980.0
1999,10,16,22,30,0,0,0,0,0,0,8,21,162.87,0,0.139,0.5,4.761,350.20000000000005,100.0,21,980.0
1999,10,16,23,0,0,0,0,0,0,0,8,21,168.89000000000001,0,0.139,0.5,4.749,344.1,100.0,21,980.0
1999,10,16,23,30,0,0,0,0,0,0,8,20,171.93,0,0.139,0.4,4.74,344.1,100.0,20,980.0
1999,10,17,0,0,0,0,0,0,0,0,8,20,169.12,0,0.139,0.4,4.732,338.40000000000003,100.0,20,980.0
1999,10,17,0,30,0,0,0,0,0,0,8,20,163.17000000000002,0,0.139,0.30000000000000004,4.727,338.40000000000003,100.0,20,980.0
1999,10,17,1,0,0,0,0,0,0,0,8,20,156.35,0,0.139,0.2,4.723,336.1,100.0,20,980.0
1999,10,17,1,30,0,0,0,0,0,0,7,20,149.23,0,0.139,0.1,4.723,336.1,100.0,20,980.0
1999,10,17,2,0,0,0,0,0,0,0,4,20,141.98,0,0.139,0.1,4.723,337.0,100.0,20,980.0
1999,10,17,2,30,0,0,0,0,0,0,4,20,134.66,0,0.139,0.0,4.728,337.0,100.0,20,980.0
1999,10,17,3,0,0,0,0,0,0,0,4,20,127.3,0,0.139,0.0,4.734,340.0,100.0,20,980.0
1999,10,17,3,30,0,0,0,0,0,0,4,19,119.93,0,0.139,0.0,4.742,340.0,100.0,20,980.0
1999,10,17,4,0,0,0,0,0,0,0,4,19,112.53,0,0.139,0.0,4.75,342.40000000000003,100.0,20,980.0
1999,10,17,4,30,0,0,0,0,0,0,3,19,105.13,0,0.139,0.0,4.76,342.40000000000003,100.0,19,980.0
1999,10,17,5,0,0,0,0,0,0,0,7,19,97.73,0,0.139,0.1,4.771,344.70000000000005,100.0,19,980.0
1999,10,17,5,30,0,0,0,0,0,0,3,19,90.32000000000001,0,0.139,0.0,4.781,344.70000000000005,100.0,19,980.0
1999,10,17,6,0,29,434,83,29,434,83,0,20,82.92,0,0.139,0.0,4.792,347.90000000000003,100.0,20,980.0
1999,10,17,6,30,96,143,131,45,627,202,3,20,75.52,0,0.139,0.0,4.805,347.90000000000003,98.55,21,980.0
1999,10,17,7,0,153,174,218,55,736,330,3,21,68.14,0,0.139,0.0,4.8180000000000005,2.5,97.24000000000001,23,980.0
1999,10,17,7,30,63,806,457,63,806,457,0,21,60.77,0,0.139,0.0,4.835,2.5,91.55,24,990.0
1999,10,17,8,0,69,854,578,69,854,578,0,22,53.43,0,0.139,0.0,4.853,4.3,84.31,25,990.0
1999,10,17,8,30,73,889,690,73,889,690,0,22,46.12,0,0.139,0.0,4.873,4.3,84.31,26,990.0
1999,10,17,9,0,336,405,652,77,914,789,3,22,38.87,0,0.139,0.0,4.894,7.5,80.35000000000001,27,990.0
1999,10,17,9,30,374,407,720,80,932,873,8,22,31.73,0,0.139,0.0,4.923,7.5,80.33,27,990.0
1999,10,17,10,0,409,401,773,83,945,941,3,22,24.78,0,0.139,0.0,4.952,8.700000000000001,76.29,28,980.0
1999,10,17,10,30,84,954,990,84,954,990,0,22,18.25,0,0.139,0.0,4.987,8.700000000000001,76.24,28,980.0
1999,10,17,11,0,86,957,1020,86,957,1020,0,22,12.780000000000001,0,0.139,0.0,5.023,11.200000000000001,72.49,28,980.0
1999,10,17,11,30,86,959,1031,86,959,1031,0,22,10.27,0,0.139,0.0,5.059,11.200000000000001,72.44,28,980.0
1999,10,17,12,0,87,956,1020,87,956,1020,1,22,12.61,0,0.139,0.0,5.096,17.900000000000002,68.9,29,980.0
1999,10,17,12,30,111,0,111,86,950,991,8,22,18.01,0,0.139,0.0,5.13,17.900000000000002,68.86,29,980.0
1999,10,17,13,0,196,8,204,85,940,941,8,22,24.52,0,0.139,0.0,5.165,29.700000000000003,69.16,29,980.0
1999,10,17,13,30,316,21,335,83,927,874,6,22,31.46,0,0.139,0.0,5.1930000000000005,29.700000000000003,69.13,29,980.0
1999,10,17,14,0,189,6,194,80,908,790,6,23,38.59,0,0.139,0.0,5.222,44.800000000000004,70.4,29,980.0
1999,10,17,14,30,286,35,311,76,883,692,6,23,45.84,0,0.139,0.0,5.242,44.800000000000004,74.57000000000001,28,980.0
1999,10,17,15,0,231,25,246,71,849,581,6,23,53.14,0,0.139,0.0,5.263,70.2,77.14,28,980.0
1999,10,17,15,30,197,39,217,65,801,460,6,23,60.480000000000004,0,0.139,0.0,5.271,70.2,77.14,28,980.0
1999,10,17,16,0,157,138,209,57,733,333,6,24,67.85,0,0.139,0.0,5.28,78.9,79.85000000000001,28,980.0
1999,10,17,16,30,98,127,131,46,624,206,8,24,75.23,0,0.139,0.0,5.282,78.9,84.65,27,980.0
1999,10,17,17,0,44,86,55,31,435,87,8,24,82.62,4,0.139,0.1,5.2860000000000005,39.900000000000006,86.73,27,980.0
1999,10,17,17,30,0,0,0,0,0,0,8,24,90.01,0,0.139,0.1,5.29,39.900000000000006,92.01,26,980.0
1999,10,17,18,0,0,0,0,0,0,0,8,24,97.42,0,0.139,0.2,5.295,23.3,89.14,26,980.0
1999,10,17,18,30,0,0,0,0,0,0,8,24,104.82000000000001,0,0.139,0.2,5.293,23.3,94.62,25,980.0
1999,10,17,19,0,0,0,0,0,0,0,8,23,112.21000000000001,1,0.139,0.30000000000000004,5.292,26.3,92.62,25,980.0
1999,10,17,19,30,0,0,0,0,0,0,7,23,119.60000000000001,0,0.139,0.30000000000000004,5.282,26.3,98.34,24,980.0
1999,10,17,20,0,0,0,0,0,0,0,3,23,126.97,0,0.139,0.30000000000000004,5.273,27.400000000000002,97.03,24,980.0
1999,10,17,20,30,0,0,0,0,0,0,3,23,134.32,0,0.139,0.2,5.25,27.400000000000002,100.0,24,980.0
1999,10,17,21,0,0,0,0,0,0,0,3,23,141.63,0,0.139,0.2,5.229,30.200000000000003,100.0,24,980.0
1999,10,17,21,30,0,0,0,0,0,0,7,23,148.86,0,0.139,0.1,5.199,30.200000000000003,100.0,23,980.0
1999,10,17,22,0,0,0,0,0,0,0,7,23,155.96,0,0.139,0.1,5.1690000000000005,35.1,100.0,23,980.0
1999,10,17,22,30,0,0,0,0,0,0,7,23,162.75,0,0.139,0.0,5.133,35.1,100.0,23,980.0
1999,10,17,23,0,0,0,0,0,0,0,8,22,168.65,0,0.139,0.0,5.098,39.2,99.74000000000001,23,980.0
1999,10,17,23,30,0,0,0,0,0,0,8,22,171.56,0,0.139,0.0,5.0600000000000005,39.2,100.0,22,980.0
1999,10,18,0,0,0,0,0,0,0,0,4,22,168.81,0,0.139,0.0,5.023,39.400000000000006,100.0,22,980.0
1999,10,18,0,30,0,0,0,0,0,0,7,22,162.96,0,0.139,0.0,4.987,39.400000000000006,100.0,22,980.0
1999,10,18,1,0,0,0,0,0,0,0,7,22,156.19,0,0.139,0.0,4.9510000000000005,40.6,100.0,22,980.0
1999,10,18,1,30,0,0,0,0,0,0,8,22,149.1,0,0.139,0.0,4.923,40.6,100.0,22,980.0
1999,10,18,2,0,0,0,0,0,0,0,8,22,141.86,0,0.139,0.0,4.8950000000000005,40.5,100.0,22,980.0
1999,10,18,2,30,0,0,0,0,0,0,8,21,134.56,0,0.139,0.0,4.873,40.5,100.0,22,980.0
1999,10,18,3,0,0,0,0,0,0,0,7,21,127.22,0,0.139,0.1,4.852,37.800000000000004,100.0,22,980.0
1999,10,18,3,30,0,0,0,0,0,0,7,21,119.85000000000001,1,0.139,0.1,4.838,37.800000000000004,100.0,21,980.0
1999,10,18,4,0,0,0,0,0,0,0,4,21,112.46000000000001,0,0.139,0.1,4.825,40.6,100.0,21,980.0
1999,10,18,4,30,0,0,0,0,0,0,4,21,105.07000000000001,0,0.139,0.1,4.8180000000000005,40.6,100.0,21,980.0
1999,10,18,5,0,0,0,0,0,0,0,4,21,97.68,0,0.139,0.2,4.811,43.6,100.0,21,980.0
1999,10,18,5,30,0,0,0,0,0,0,8,21,90.27,0,0.139,0.1,4.807,43.6,100.0,21,980.0
1999,10,18,6,0,42,174,63,31,423,83,8,21,82.88,0,0.139,0.1,4.804,44.5,100.0,22,980.0
1999,10,18,6,30,85,0,85,47,617,202,4,22,75.5,0,0.139,0.0,4.807,44.5,100.0,23,980.0
1999,10,18,7,0,114,0,114,57,733,330,4,22,68.12,0,0.139,0.0,4.8100000000000005,44.5,89.77,24,980.0
1999,10,18,7,30,183,392,374,64,804,457,7,22,60.76,0,0.139,0.0,4.8260000000000005,44.5,84.60000000000001,25,980.0
1999,10,18,8,0,269,247,416,69,854,578,4,22,53.43,0,0.139,0.0,4.8420000000000005,43.2,79.51,26,980.0
1999,10,18,8,30,319,78,374,74,889,690,8,22,46.14,0,0.139,0.0,4.868,43.2,79.51,27,980.0
1999,10,18,9,0,237,11,246,77,914,789,8,22,38.910000000000004,0,0.139,0.0,4.894,41.300000000000004,75.72,28,980.0
1999,10,18,9,30,414,83,485,80,932,873,8,22,31.79,0,0.139,0.0,4.925,41.300000000000004,75.7,28,980.0
1999,10,18,10,0,472,173,629,83,945,940,8,22,24.88,0,0.139,0.0,4.957,41.0,72.3,29,980.0
1999,10,18,10,30,461,350,794,84,954,990,7,22,18.41,0,0.139,0.0,4.9910000000000005,41.0,72.26,29,980.0
1999,10,18,11,0,483,340,814,86,958,1020,8,22,13.05,0,0.139,0.0,5.025,46.800000000000004,69.23,29,980.0
1999,10,18,11,30,447,435,875,86,960,1030,8,22,10.63,0,0.139,0.0,5.059,46.800000000000004,69.19,29,980.0
1999,10,18,12,0,444,467,900,87,957,1020,7,23,12.94,0,0.139,0.0,5.094,72.3,66.41,30,980.0
1999,10,18,12,30,454,363,799,86,951,990,7,23,18.25,0,0.139,0.0,5.122,72.3,66.37,30,980.0
1999,10,18,13,0,85,941,940,85,941,940,1,23,24.71,0,0.139,0.0,5.151,107.5,67.63,30,980.0
1999,10,18,13,30,355,452,740,83,927,873,8,23,31.62,0,0.139,0.0,5.176,107.5,67.61,30,980.0
1999,10,18,14,0,285,540,706,81,908,789,8,23,38.730000000000004,0,0.139,0.0,5.202,117.2,68.5,30,980.0
1999,10,18,14,30,291,410,577,77,882,690,8,23,45.95,0,0.139,0.0,5.22,117.2,72.53,29,980.0
1999,10,18,15,0,278,174,382,72,848,579,7,23,53.24,0,0.139,0.0,5.238,137.0,73.3,29,980.0
1999,10,18,15,30,190,363,369,65,800,459,8,23,60.57,0,0.139,0.0,5.249,137.0,73.3,29,980.0
1999,10,18,16,0,129,389,276,58,729,332,8,24,67.93,0,0.139,0.0,5.26,131.1,76.01,29,980.0
1999,10,18,16,30,67,489,191,47,619,204,7,24,75.3,0,0.139,0.0,5.274,131.1,80.55,28,980.0
1999,10,18,17,0,35,355,80,31,427,85,7,25,82.68,4,0.139,0.0,5.288,167.70000000000002,91.63,28,980.0
1999,10,18,17,30,0,0,0,0,0,0,7,25,90.07000000000001,0,0.139,0.0,5.3100000000000005,167.70000000000002,97.21000000000001,27,980.0
1999,10,18,18,0,0,0,0,0,0,0,7,25,97.47,0,0.139,0.1,5.332,194.8,96.09,27,980.0
1999,10,18,18,30,0,0,0,0,0,0,7,25,104.86,0,0.139,0.1,5.353,194.8,96.14,26,980.0
1999,10,18,19,0,0,0,0,0,0,0,7,24,112.24000000000001,1,0.139,0.1,5.3740000000000006,221.9,89.37,26,980.0
1999,10,18,19,30,0,0,0,0,0,0,7,24,119.62,0,0.139,0.1,5.3950000000000005,221.9,94.85000000000001,26,980.0
1999,10,18,20,0,0,0,0,0,0,0,7,24,126.98,0,0.139,0.1,5.417,268.2,95.43,26,980.0
1999,10,18,20,30,0,0,0,0,0,0,7,24,134.32,0,0.139,0.1,5.432,268.2,95.45,25,980.0
1999,10,18,21,0,0,0,0,0,0,0,3,24,141.61,0,0.139,0.1,5.447,281.8,95.38,25,980.0
1999,10,18,21,30,0,0,0,0,0,0,3,24,148.82,0,0.139,0.1,5.449,281.8,95.38,25,980.0
1999,10,18,22,0,0,0,0,0,0,0,3,24,155.88,0,0.139,0.1,5.4510000000000005,238.3,95.13,25,980.0
1999,10,18,22,30,0,0,0,0,0,0,3,24,162.61,0,0.139,0.1,5.449,238.3,95.12,25,980.0
1999,10,18,23,0,0,0,0,0,0,0,7,24,168.41,0,0.139,0.2,5.447,198.8,94.66,25,980.0
1999,10,18,23,30,0,0,0,0,0,0,7,24,171.20000000000002,0,0.139,0.2,5.444,198.8,100.0,24,980.0
1999,10,19,0,0,0,0,0,0,0,0,7,23,168.51,0,0.139,0.30000000000000004,5.441,197.4,99.74000000000001,24,980.0
1999,10,19,0,30,0,0,0,0,0,0,7,23,162.74,0,0.139,0.30000000000000004,5.4350000000000005,197.4,99.72,24,980.0
1999,10,19,1,0,0,0,0,0,0,0,7,23,156.02,0,0.139,0.4,5.43,196.10000000000002,98.93,24,980.0
1999,10,19,1,30,0,0,0,0,0,0,7,23,148.96,0,0.139,0.4,5.417,196.10000000000002,100.0,24,980.0
1999,10,19,2,0,0,0,0,0,0,0,7,23,141.75,0,0.139,0.5,5.406,189.5,100.0,24,980.0
1999,10,19,2,30,0,0,0,0,0,0,7,23,134.46,0,0.139,0.5,5.394,189.5,100.0,23,980.0
1999,10,19,3,0,0,0,0,0,0,0,7,23,127.13000000000001,0,0.139,0.5,5.382,182.70000000000002,100.0,23,980.0
1999,10,19,3,30,0,0,0,0,0,0,7,22,119.77,0,0.139,0.4,5.368,182.70000000000002,100.0,23,980.0
1999,10,19,4,0,0,0,0,0,0,0,1,22,112.4,0,0.139,0.4,5.355,176.60000000000002,100.0,23,980.0
1999,10,19,4,30,0,0,0,0,0,0,0,22,105.02,0,0.139,0.30000000000000004,5.338,176.60000000000002,100.0,22,980.0
1999,10,19,5,0,0,0,0,0,0,0,0,22,97.63,0,0.139,0.30000000000000004,5.322,172.9,100.0,22,980.0
1999,10,19,5,30,0,0,0,0,0,0,0,22,90.23,0,0.139,0.2,5.314,172.9,100.0,22,980.0
1999,10,19,6,0,33,389,81,33,389,81,0,22,82.85000000000001,0,0.139,0.1,5.308,172.9,100.0,22,980.0
1999,10,19,6,30,96,65,112,51,588,199,8,22,75.47,0,0.139,0.0,5.298,172.9,100.0,22,980.0
1999,10,19,7,0,92,0,92,64,703,326,7,23,68.11,0,0.139,0.0,5.289,170.20000000000002,100.0,23,990.0
1999,10,19,7,30,207,252,330,73,777,453,7,23,60.76,0,0.139,0.0,5.276,170.20000000000002,100.0,23,990.0
1999,10,19,8,0,42,0,42,80,829,574,6,24,53.44,0,0.139,0.0,5.263,175.60000000000002,100.0,24,990.0
1999,10,19,8,30,109,0,109,85,866,685,6,24,46.160000000000004,0,0.139,0.0,5.238,175.60000000000002,100.0,24,990.0
1999,10,19,9,0,216,8,223,88,895,785,6,24,38.95,0,0.139,0.0,5.214,181.9,100.0,25,990.0
1999,10,19,9,30,194,7,200,92,915,869,6,24,31.86,0,0.139,0.0,5.194,181.9,100.0,25,990.0
1999,10,19,10,0,310,18,326,93,931,937,6,24,24.990000000000002,0,0.139,0.0,5.174,188.8,97.76,25,990.0
1999,10,19,10,30,372,25,396,95,940,986,6,24,18.580000000000002,0,0.139,0.0,5.165,188.8,97.73,25,990.0
1999,10,19,11,0,469,61,528,95,947,1017,6,24,13.31,0,0.139,0.0,5.156,193.5,96.06,25,990.0
1999,10,19,11,30,478,64,542,95,948,1027,6,24,10.99,0,0.139,0.0,5.157,193.5,96.02,25,980.0
1999,10,19,12,0,490,82,570,94,948,1017,6,23,13.26,0,0.139,0.0,5.158,202.9,93.10000000000001,25,980.0
1999,10,19,12,30,456,62,515,93,943,987,6,23,18.5,0,0.139,0.0,5.164,202.9,93.06,25,980.0
1999,10,19,13,0,460,104,554,89,936,939,6,23,24.900000000000002,0,0.139,0.0,5.17,212.0,90.74,25,980.0
1999,10,19,13,30,434,188,594,87,923,871,7,23,31.77,0,0.139,0.0,5.176,212.0,90.71000000000001,25,980.0
1999,10,19,14,0,387,138,495,82,907,788,8,23,38.86,0,0.139,0.0,5.182,213.5,89.81,25,980.0
1999,10,19,14,30,328,244,497,78,881,689,7,23,46.07,0,0.139,0.0,5.187,213.5,89.79,25,980.0
1999,10,19,15,0,277,159,372,73,846,578,7,23,53.34,0,0.139,0.0,5.192,219.10000000000002,90.32000000000001,25,980.0
1999,10,19,15,30,208,255,333,66,798,457,8,23,60.660000000000004,0,0.139,0.0,5.189,219.10000000000002,95.86,24,980.0
1999,10,19,16,0,133,362,269,58,727,331,8,23,68.0,0,0.139,0.0,5.188,228.60000000000002,97.21000000000001,24,980.0
1999,10,19,16,30,48,617,203,48,617,203,0,23,75.37,0,0.139,0.0,5.1770000000000005,228.60000000000002,100.0,23,980.0
1999,10,19,17,0,31,420,85,31,420,85,1,23,82.74,0,0.139,0.0,5.166,240.8,100.0,23,980.0
1999,10,19,17,30,0,0,0,0,0,0,0,23,90.12,0,0.139,0.0,5.149,240.8,100.0,23,980.0
1999,10,19,18,0,0,0,0,0,0,0,0,23,97.51,0,0.139,0.1,5.133,240.4,100.0,23,980.0
1999,10,19,18,30,0,0,0,0,0,0,3,22,104.89,0,0.139,0.1,5.121,240.4,100.0,22,980.0
1999,10,19,19,0,0,0,0,0,0,0,3,22,112.27,1,0.139,0.1,5.109,239.5,100.0,22,980.0
1999,10,19,19,30,0,0,0,0,0,0,3,22,119.64,0,0.139,0.1,5.098,239.5,100.0,22,990.0
1999,10,19,20,0,0,0,0,0,0,0,3,22,126.99000000000001,0,0.139,0.1,5.087,238.9,100.0,22,990.0
1999,10,19,20,30,0,0,0,0,0,0,3,22,134.31,0,0.139,0.1,5.077,238.9,100.0,22,990.0
1999,10,19,21,0,0,0,0,0,0,0,3,22,141.58,0,0.139,0.1,5.0680000000000005,240.8,100.0,22,990.0
1999,10,19,21,30,0,0,0,0,0,0,7,21,148.77,0,0.139,0.0,5.061,240.8,100.0,22,990.0
1999,10,19,22,0,0,0,0,0,0,0,7,21,155.8,0,0.139,0.0,5.054,241.4,100.0,22,990.0
1999,10,19,22,30,0,0,0,0,0,0,7,21,162.47,0,0.139,0.0,5.048,241.4,100.0,22,990.0
1999,10,19,23,0,0,0,0,0,0,0,7,21,168.17000000000002,0,0.139,0.0,5.043,243.5,100.0,22,990.0
1999,10,19,23,30,0,0,0,0,0,0,8,21,170.84,0,0.139,0.0,5.037,243.5,100.0,21,980.0
1999,10,20,0,0,0,0,0,0,0,0,7,21,168.20000000000002,0,0.139,0.0,5.032,244.70000000000002,100.0,21,980.0
1999,10,20,0,30,0,0,0,0,0,0,7,21,162.52,0,0.139,0.0,5.0280000000000005,244.70000000000002,100.0,21,980.0
1999,10,20,1,0,0,0,0,0,0,0,8,21,155.85,0,0.139,0.0,5.024,245.60000000000002,100.0,21,980.0
1999,10,20,1,30,0,0,0,0,0,0,8,21,148.82,0,0.139,0.0,5.021,245.60000000000002,100.0,21,980.0
1999,10,20,2,0,0,0,0,0,0,0,8,21,141.64000000000001,0,0.139,0.0,5.019,247.0,100.0,21,980.0
1999,10,20,2,30,0,0,0,0,0,0,7,21,134.37,0,0.139,0.0,5.018,247.0,100.0,21,980.0
1999,10,20,3,0,0,0,0,0,0,0,7,21,127.05,0,0.139,0.0,5.017,252.70000000000002,100.0,21,980.0
1999,10,20,3,30,0,0,0,0,0,0,7,20,119.7,0,0.139,0.0,5.019,252.70000000000002,100.0,21,980.0
1999,10,20,4,0,0,0,0,0,0,0,7,20,112.34,0,0.139,0.0,5.021,257.6,100.0,21,980.0
1999,10,20,4,30,0,0,0,0,0,0,7,20,104.96000000000001,0,0.139,0.0,5.024,257.6,100.0,20,980.0
1999,10,20,5,0,0,0,0,0,0,0,4,20,97.58,0,0.139,0.0,5.0280000000000005,269.6,100.0,20,980.0
1999,10,20,5,30,0,0,0,0,0,0,8,20,90.19,0,0.139,0.0,5.029,269.6,100.0,20,990.0
1999,10,20,6,0,5,0,5,30,433,84,4,20,82.82000000000001,0,0.139,0.0,5.031,286.90000000000003,100.0,21,990.0
1999,10,20,6,30,9,0,9,46,624,203,4,20,75.45,0,0.139,0.0,5.032,286.90000000000003,100.0,21,990.0
1999,10,20,7,0,42,0,42,56,734,330,4,21,68.1,0,0.139,0.0,5.033,291.7,100.0,21,990.0
1999,10,20,7,30,58,0,58,64,804,457,4,21,60.76,1,0.139,0.0,5.042,291.7,100.0,22,990.0
1999,10,20,8,0,230,26,245,70,852,577,4,22,53.45,0,0.139,0.0,5.0520000000000005,274.8,100.0,23,990.0
1999,10,20,8,30,271,32,293,74,887,688,8,22,46.19,4,0.139,0.0,5.073,274.8,98.04,23,990.0
1999,10,20,9,0,378,256,577,79,910,787,4,22,39.0,0,0.139,0.0,5.095,269.8,89.75,24,990.0
1999,10,20,9,30,384,300,639,82,929,871,8,22,31.94,4,0.139,0.0,5.122,269.8,84.53,25,990.0
1999,10,20,10,0,445,320,735,86,940,937,3,21,25.1,0,0.139,0.0,5.151,257.7,75.22,26,990.0
1999,10,20,10,30,477,302,764,88,949,986,3,21,18.75,0,0.139,0.0,5.184,257.7,75.19,26,990.0
1999,10,20,11,0,91,951,1016,91,951,1016,1,21,13.59,0,0.139,0.0,5.218,222.8,71.04,27,990.0
1999,10,20,11,30,509,269,773,91,952,1026,3,21,11.35,0,0.139,0.0,5.247,222.8,71.0,27,980.0
1999,10,20,12,0,481,342,813,93,948,1015,7,21,13.58,0,0.139,0.0,5.276,204.60000000000002,72.36,28,980.0
1999,10,20,12,30,498,196,685,92,942,985,3,21,18.75,0,0.139,0.0,5.298,204.60000000000002,72.33,28,980.0
1999,10,20,13,0,404,410,776,92,930,935,3,22,25.1,0,0.139,0.0,5.321,200.5,70.25,28,980.0
1999,10,20,13,30,90,917,868,90,917,868,0,22,31.93,0,0.139,0.0,5.33,200.5,74.44,28,980.0
1999,10,20,14,0,88,895,784,88,895,784,0,22,38.99,0,0.139,0.0,5.34,194.0,75.91,28,980.0
1999,10,20,14,30,83,869,685,83,869,685,0,22,46.18,0,0.139,0.0,5.336,194.0,75.88,27,980.0
1999,10,20,15,0,78,832,574,78,832,574,0,22,53.44,0,0.139,0.0,5.332,189.10000000000002,77.2,27,980.0
1999,10,20,15,30,71,782,453,71,782,453,0,22,60.74,0,0.139,0.0,5.308,189.10000000000002,81.85000000000001,27,980.0
1999,10,20,16,0,62,710,327,62,710,327,0,23,68.08,0,0.139,0.0,5.285,183.5,84.62,27,980.0
1999,10,20,16,30,50,597,200,50,597,200,0,23,75.43,0,0.139,0.0,5.258,183.5,89.78,26,980.0
1999,10,20,17,0,32,400,82,32,400,82,8,23,82.8,4,0.139,0.1,5.231,195.8,93.45,26,980.0
1999,10,20,17,30,0,0,0,0,0,0,8,23,90.17,0,0.139,0.1,5.2170000000000005,195.8,99.22,25,980.0
1999,10,20,18,0,0,0,0,0,0,0,7,24,97.55,0,0.139,0.2,5.203,207.8,100.0,25,980.0
1999,10,20,18,30,0,0,0,0,0,0,7,24,104.93,0,0.139,0.2,5.199,207.8,100.0,24,980.0
1999,10,20,19,0,0,0,0,0,0,0,7,23,112.29,1,0.139,0.30000000000000004,5.195,204.60000000000002,98.75,24,980.0
1999,10,20,19,30,0,0,0,0,0,0,8,23,119.65,0,0.139,0.30000000000000004,5.195,204.60000000000002,98.78,24,980.0
1999,10,20,20,0,0,0,0,0,0,0,7,23,126.99000000000001,0,0.139,0.30000000000000004,5.195,199.4,97.91,24,980.0
1999,10,20,20,30,0,0,0,0,0,0,7,23,134.3,0,0.139,0.30000000000000004,5.196,199.4,100.0,23,980.0
1999,10,20,21,0,0,0,0,0,0,0,8,23,141.55,0,0.139,0.4,5.197,196.0,100.0,23,980.0
1999,10,20,21,30,0,0,0,0,0,0,8,23,148.71,0,0.139,0.4,5.198,196.0,100.0,23,980.0
1999,10,20,22,0,0,0,0,0,0,0,7,23,155.71,0,0.139,0.4,5.2,194.8,100.0,23,980.0
1999,10,20,22,30,0,0,0,0,0,0,7,23,162.32,0,0.139,0.4,5.2,194.8,100.0,23,980.0
1999,10,20,23,0,0,0,0,0,0,0,7,23,167.92000000000002,0,0.139,0.4,5.2,197.4,100.0,23,980.0
1999,10,20,23,30,0,0,0,0,0,0,7,22,170.48,0,0.139,0.4,5.195,197.4,100.0,22,980.0
1999,10,21,0,0,0,0,0,0,0,0,7,22,167.9,0,0.139,0.4,5.19,204.3,100.0,22,980.0
1999,10,21,0,30,0,0,0,0,0,0,7,22,162.3,0,0.139,0.4,5.182,204.3,100.0,22,980.0
1999,10,21,1,0,0,0,0,0,0,0,4,22,155.68,0,0.139,0.4,5.174,212.10000000000002,100.0,22,980.0
1999,10,21,1,30,0,0,0,0,0,0,3,22,148.69,0,0.139,0.4,5.163,212.10000000000002,100.0,22,980.0
1999,10,21,2,0,0,0,0,0,0,0,3,22,141.52,0,0.139,0.5,5.1530000000000005,218.5,100.0,22,980.0
1999,10,21,2,30,0,0,0,0,0,0,0,22,134.27,0,0.139,0.5,5.138,218.5,100.0,22,980.0
1999,10,21,3,0,0,0,0,0,0,0,1,22,126.96000000000001,0,0.139,0.5,5.123,223.8,100.0,22,980.0
1999,10,21,3,30,0,0,0,0,0,0,0,21,119.63,0,0.139,0.5,5.109,223.8,100.0,22,980.0
1999,10,21,4,0,0,0,0,0,0,0,0,21,112.27,0,0.139,0.5,5.096,227.8,100.0,22,980.0
1999,10,21,4,30,0,0,0,0,0,0,0,21,104.91,0,0.139,0.5,5.085,227.8,100.0,21,980.0
1999,10,21,5,0,0,0,0,0,0,0,0,21,97.54,0,0.139,0.5,5.074,229.60000000000002,100.0,21,980.0
1999,10,21,5,30,0,0,0,0,0,0,0,21,90.16,0,0.139,0.30000000000000004,5.066,229.60000000000002,100.0,21,980.0
1999,10,21,6,0,33,392,82,33,392,82,0,22,82.79,0,0.139,0.2,5.058,229.70000000000002,100.0,22,980.0
1999,10,21,6,30,52,589,200,52,589,200,0,22,75.43,0,0.139,0.1,5.061,229.70000000000002,97.65,23,980.0
1999,10,21,7,0,64,705,327,64,705,327,0,23,68.09,0,0.139,0.0,5.065,235.5,96.41,24,980.0
1999,10,21,7,30,73,779,453,73,779,453,0,23,60.76,0,0.139,0.0,5.081,235.5,96.43,24,980.0
1999,10,21,8,0,80,830,574,80,830,574,0,23,53.47,0,0.139,0.0,5.097,243.5,90.49,25,980.0
1999,10,21,8,30,85,866,685,85,866,685,0,23,46.22,0,0.139,0.0,5.12,243.5,85.3,26,980.0
1999,10,21,9,0,90,892,783,90,892,783,0,23,39.050000000000004,0,0.139,0.0,5.143,241.10000000000002,79.11,27,980.0
1999,10,21,9,30,93,912,867,93,912,867,0,23,32.02,0,0.139,0.0,5.164,241.10000000000002,79.10000000000001,27,980.0
1999,10,21,10,0,96,926,934,96,926,934,0,22,25.22,0,0.139,0.0,5.186,229.8,74.14,28,980.0
1999,10,21,10,30,98,935,983,98,935,983,0,22,18.94,0,0.139,0.0,5.203,229.8,74.10000000000001,28,980.0
1999,10,21,11,0,99,941,1013,99,941,1013,0,22,13.86,0,0.139,0.0,5.221,210.3,74.27,29,980.0
1999,10,21,11,30,100,942,1023,100,942,1023,0,22,11.71,0,0.139,0.0,5.234,210.3,74.22,29,980.0
1999,10,21,12,0,99,941,1013,99,941,1013,0,23,13.9,0,0.139,0.0,5.249,196.0,70.14,29,980.0
1999,10,21,12,30,98,935,983,98,935,983,0,22,19.0,0,0.139,0.0,5.26,196.0,70.09,29,980.0
1999,10,21,13,0,95,927,934,95,927,934,0,23,25.29,0,0.139,0.0,5.271,188.0,71.21000000000001,29,980.0
1999,10,21,13,30,336,512,771,92,913,866,8,23,32.09,0,0.139,0.0,5.279,188.0,71.17,29,980.0
1999,10,21,14,0,381,113,469,87,896,783,8,23,39.12,0,0.139,0.0,5.289,184.0,71.71000000000001,29,980.0
1999,10,21,14,30,320,82,377,83,870,684,8,23,46.29,0,0.139,0.0,5.282,184.0,75.96000000000001,29,980.0
1999,10,21,15,0,223,454,492,73,843,574,7,23,53.54,0,0.139,0.0,5.275,181.9,77.96000000000001,29,980.0
1999,10,21,15,30,67,794,454,67,794,454,0,23,60.83,0,0.139,0.0,5.256,181.9,77.96000000000001,28,980.0
1999,10,21,16,0,115,467,289,57,730,328,8,24,68.15,0,0.139,0.0,5.237,185.10000000000002,80.55,28,980.0
1999,10,21,16,30,73,427,180,46,619,201,8,24,75.5,0,0.139,0.0,5.216,185.10000000000002,85.4,27,980.0
1999,10,21,17,0,35,318,75,30,433,83,7,24,82.85000000000001,4,0.139,0.1,5.195,192.60000000000002,93.21000000000001,27,980.0
1999,10,21,17,30,0,0,0,0,0,0,7,24,90.22,0,0.139,0.1,5.19,192.60000000000002,98.92,26,980.0
1999,10,21,18,0,0,0,0,0,0,0,3,24,97.59,0,0.139,0.2,5.186,197.9,99.07000000000001,25,980.0
1999,10,21,18,30,0,0,0,0,0,0,1,24,104.95,0,0.139,0.2,5.189,197.9,100.0,25,980.0
1999,10,21,19,0,0,0,0,0,0,0,1,24,112.31,1,0.139,0.30000000000000004,5.192,194.0,100.0,25,980.0
1999,10,21,19,30,0,0,0,0,0,0,0,24,119.66,0,0.139,0.30000000000000004,5.196,194.0,100.0,24,980.0
1999,10,21,20,0,0,0,0,0,0,0,0,24,126.99000000000001,0,0.139,0.30000000000000004,5.2010000000000005,193.3,100.0,24,980.0
1999,10,21,20,30,0,0,0,0,0,0,0,23,134.28,0,0.139,0.30000000000000004,5.195,193.3,100.0,24,980.0
1999,10,21,21,0,0,0,0,0,0,0,0,23,141.52,0,0.139,0.30000000000000004,5.19,195.60000000000002,100.0,24,980.0
1999,10,21,21,30,0,0,0,0,0,0,0,23,148.66,0,0.139,0.2,5.18,195.60000000000002,100.0,23,980.0
1999,10,21,22,0,0,0,0,0,0,0,0,23,155.61,0,0.139,0.2,5.171,199.3,100.0,23,980.0
1999,10,21,22,30,0,0,0,0,0,0,0,23,162.17000000000002,0,0.139,0.1,5.156,199.3,100.0,23,980.0
1999,10,21,23,0,0,0,0,0,0,0,0,23,167.66,0,0.139,0.1,5.142,204.8,100.0,23,980.0
1999,10,21,23,30,0,0,0,0,0,0,0,22,170.12,0,0.139,0.1,5.119,204.8,100.0,23,980.0
1999,10,22,0,0,0,0,0,0,0,0,0,22,167.59,0,0.139,0.1,5.097,210.5,100.0,23,980.0
1999,10,22,0,30,0,0,0,0,0,0,0,22,162.07,0,0.139,0.1,5.079,210.5,100.0,22,980.0
1999,10,22,1,0,0,0,0,0,0,0,0,22,155.51,0,0.139,0.1,5.062,214.4,100.0,22,980.0
1999,10,22,1,30,0,0,0,0,0,0,0,22,148.55,0,0.139,0.1,5.057,214.4,100.0,22,980.0
1999,10,22,2,0,0,0,0,0,0,0,0,22,141.41,0,0.139,0.2,5.053,217.4,100.0,22,980.0
1999,10,22,2,30,0,0,0,0,0,0,0,22,134.17000000000002,0,0.139,0.30000000000000004,5.061,217.4,100.0,22,980.0
1999,10,22,3,0,0,0,0,0,0,0,0,22,126.88000000000001,0,0.139,0.4,5.069,224.0,100.0,22,980.0
1999,10,22,3,30,0,0,0,0,0,0,0,22,119.56,0,0.139,0.4,5.081,224.0,100.0,22,980.0
1999,10,22,4,0,0,0,0,0,0,0,3,22,112.21000000000001,0,0.139,0.5,5.094,233.20000000000002,100.0,22,980.0
1999,10,22,4,30,0,0,0,0,0,0,1,22,104.86,0,0.139,0.5,5.103,233.20000000000002,100.0,22,980.0
1999,10,22,5,0,0,0,0,0,0,0,3,22,97.5,0,0.139,0.5,5.113,244.5,100.0,22,980.0
1999,10,22,5,30,0,0,0,0,0,0,3,22,90.13,0,0.139,0.4,5.118,244.5,100.0,22,980.0
1999,10,22,6,0,31,416,84,31,416,84,0,23,82.77,0,0.139,0.4,5.124,253.9,100.0,23,980.0
1999,10,22,6,30,48,610,202,48,610,202,0,23,75.42,0,0.139,0.2,5.125,253.9,100.0,23,980.0
1999,10,22,7,0,59,724,329,59,724,329,0,23,68.08,0,0.139,0.0,5.127,228.20000000000002,97.31,24,980.0
1999,10,22,7,30,67,795,456,67,795,456,0,23,60.77,0,0.139,0.0,5.132,228.20000000000002,91.7,25,980.0
1999,10,22,8,0,72,847,577,72,847,577,0,23,53.49,0,0.139,0.0,5.138,200.60000000000002,84.81,26,980.0
1999,10,22,8,30,77,882,687,77,882,687,0,23,46.26,0,0.139,0.0,5.146,200.60000000000002,84.81,26,980.0
1999,10,22,9,0,290,515,690,80,910,786,3,22,39.11,0,0.139,0.0,5.155,188.3,78.41,27,980.0
1999,10,22,9,30,385,385,712,82,929,870,3,22,32.1,0,0.139,0.0,5.18,188.3,78.39,27,980.0
1999,10,22,10,0,84,943,937,84,943,937,1,22,25.35,0,0.139,0.0,5.205,176.20000000000002,73.41,28,980.0
1999,10,22,10,30,491,243,721,85,952,985,3,22,19.12,0,0.139,0.0,5.243,176.20000000000002,73.37,28,980.0
1999,10,22,11,0,494,300,786,85,958,1015,3,22,14.14,0,0.139,0.0,5.281,174.4,69.73,29,980.0
1999,10,22,11,30,85,960,1024,85,960,1024,1,22,12.07,0,0.139,0.0,5.3180000000000005,174.4,69.69,29,980.0
1999,10,22,12,0,479,344,813,84,959,1014,8,23,14.22,0,0.139,0.0,5.355,177.8,71.06,30,980.0
1999,10,22,12,30,483,280,747,83,953,984,8,23,19.240000000000002,0,0.139,0.0,5.39,177.8,71.02,30,980.0
1999,10,22,13,0,391,439,788,81,945,934,8,23,25.48,0,0.139,0.0,5.425,180.20000000000002,71.99,30,980.0
1999,10,22,13,30,79,931,867,79,931,867,0,23,32.24,0,0.139,0.0,5.46,180.20000000000002,71.95,29,980.0
1999,10,22,14,0,75,914,783,75,914,783,0,23,39.26,0,0.139,0.0,5.495,176.8,72.98,29,980.0
1999,10,22,14,30,72,888,685,72,888,685,0,23,46.4,0,0.139,0.0,5.522,176.8,72.96000000000001,29,980.0
1999,10,22,15,0,135,711,557,67,855,574,8,23,53.63,0,0.139,0.0,5.549,171.60000000000002,73.68,29,980.0
1999,10,22,15,30,215,160,293,61,808,454,8,23,60.910000000000004,0,0.139,0.0,5.5680000000000005,171.60000000000002,78.07000000000001,28,980.0
1999,10,22,16,0,138,320,257,54,738,328,8,24,68.23,0,0.139,0.0,5.587,154.9,80.72,28,980.0
1999,10,22,16,30,85,0,85,44,629,201,7,24,75.56,0,0.139,0.0,5.594,154.9,85.58,27,980.0
1999,10,22,17,0,35,0,35,29,437,83,6,25,82.91,4,0.139,0.1,5.602,175.3,89.38,27,980.0
1999,10,22,17,30,0,0,0,0,0,0,6,25,90.26,0,0.139,0.1,5.603,175.3,94.83,27,980.0
1999,10,22,18,0,0,0,0,0,0,0,7,25,97.62,0,0.139,0.2,5.604,189.70000000000002,94.85000000000001,27,980.0
1999,10,22,18,30,0,0,0,0,0,0,7,25,104.98,0,0.139,0.2,5.595,189.70000000000002,94.89,26,980.0
1999,10,22,19,0,0,0,0,0,0,0,7,24,112.33,1,0.139,0.30000000000000004,5.587,189.4,93.24,26,980.0
1999,10,22,19,30,0,0,0,0,0,0,7,24,119.67,0,0.139,0.30000000000000004,5.573,189.4,93.26,26,980.0
1999,10,22,20,0,0,0,0,0,0,0,7,24,126.98,0,0.139,0.30000000000000004,5.5600000000000005,186.9,92.43,26,980.0
1999,10,22,20,30,0,0,0,0,0,0,7,24,134.26,0,0.139,0.30000000000000004,5.532,186.9,98.07000000000001,25,980.0
1999,10,22,21,0,0,0,0,0,0,0,7,24,141.47,0,0.139,0.4,5.505,185.60000000000002,97.01,25,980.0
1999,10,22,21,30,0,0,0,0,0,0,7,24,148.59,0,0.139,0.4,5.471,185.60000000000002,100.0,25,980.0
1999,10,22,22,0,0,0,0,0,0,0,7,24,155.51,0,0.139,0.4,5.437,183.4,100.0,25,980.0
1999,10,22,22,30,0,0,0,0,0,0,7,24,162.0,0,0.139,0.30000000000000004,5.398,183.4,100.0,24,980.0
1999,10,22,23,0,0,0,0,0,0,0,7,24,167.4,0,0.139,0.30000000000000004,5.359,181.8,100.0,24,980.0
1999,10,22,23,30,0,0,0,0,0,0,7,23,169.77,0,0.139,0.30000000000000004,5.3180000000000005,181.8,100.0,24,980.0
1999,10,23,0,0,0,0,0,0,0,0,7,23,167.29,0,0.139,0.30000000000000004,5.277,178.10000000000002,100.0,24,980.0
1999,10,23,0,30,0,0,0,0,0,0,7,23,161.85,0,0.139,0.30000000000000004,5.236,178.10000000000002,100.0,23,980.0
1999,10,23,1,0,0,0,0,0,0,0,7,23,155.34,0,0.139,0.30000000000000004,5.196,173.8,100.0,23,980.0
1999,10,23,1,30,0,0,0,0,0,0,7,23,148.41,0,0.139,0.30000000000000004,5.163,173.8,100.0,23,980.0
1999,10,23,2,0,0,0,0,0,0,0,7,23,141.3,0,0.139,0.30000000000000004,5.13,166.70000000000002,100.0,23,980.0
1999,10,23,2,30,0,0,0,0,0,0,7,23,134.08,0,0.139,0.30000000000000004,5.106,166.70000000000002,100.0,23,980.0
1999,10,23,3,0,0,0,0,0,0,0,7,23,126.8,0,0.139,0.4,5.083,157.20000000000002,100.0,23,980.0
1999,10,23,3,30,0,0,0,0,0,0,7,23,119.49000000000001,0,0.139,0.4,5.066,157.20000000000002,100.0,23,980.0
1999,10,23,4,0,0,0,0,0,0,0,7,23,112.16,0,0.139,0.5,5.05,150.3,100.0,23,980.0
1999,10,23,4,30,0,0,0,0,0,0,7,23,104.81,0,0.139,0.5,5.043,150.3,100.0,23,980.0
1999,10,23,5,0,0,0,0,0,0,0,7,23,97.46000000000001,0,0.139,0.5,5.037,149.5,100.0,23,980.0
1999,10,23,5,30,0,0,0,0,0,0,7,23,90.10000000000001,0,0.139,0.4,5.03,149.5,100.0,23,980.0
1999,10,23,6,0,22,0,22,31,427,85,4,23,82.75,0,0.139,0.4,5.024,153.20000000000002,100.0,23,980.0
1999,10,23,6,30,90,14,94,48,619,204,4,23,75.41,0,0.139,0.2,5.013,153.20000000000002,100.0,23,980.0
1999,10,23,7,0,152,73,180,58,733,331,4,23,68.08,0,0.139,0.0,5.003,163.9,99.52,24,980.0
1999,10,23,7,30,203,284,342,65,803,458,8,23,60.78,0,0.139,0.0,4.985,163.9,99.55,24,990.0
1999,10,23,8,0,276,157,370,69,857,579,4,24,53.51,0,0.139,0.0,4.968,211.5,94.3,25,990.0
1999,10,23,8,30,332,203,472,73,891,690,7,24,46.300000000000004,0,0.139,0.0,4.952,211.5,94.31,25,990.0
1999,10,23,9,0,386,197,538,76,918,788,7,23,39.17,0,0.139,0.0,4.938,307.6,88.25,26,990.0
1999,10,23,9,30,420,270,649,79,936,872,7,23,32.19,0,0.139,0.0,4.931,307.6,88.24,26,990.0
1999,10,23,10,0,425,371,760,81,950,939,7,23,25.48,0,0.139,0.0,4.925,310.8,82.88,27,990.0
1999,10,23,10,30,472,332,785,82,959,988,7,23,19.31,0,0.139,0.0,4.928,310.8,82.85000000000001,27,990.0
1999,10,23,11,0,492,303,787,84,963,1017,7,23,14.42,0,0.139,0.0,4.932,301.0,82.21000000000001,28,980.0
1999,10,23,11,30,503,284,781,84,965,1027,7,23,12.42,0,0.139,0.0,4.94,301.0,82.18,28,980.0
1999,10,23,12,0,493,302,785,83,963,1016,7,23,14.540000000000001,0,0.139,0.0,4.948,278.1,77.10000000000001,28,980.0
1999,10,23,12,30,481,282,748,83,958,986,7,23,19.490000000000002,0,0.139,0.0,4.952,278.1,77.06,28,980.0
1999,10,23,13,0,455,279,707,80,950,937,7,23,25.68,0,0.139,0.0,4.957,276.40000000000003,76.83,28,980.0
1999,10,23,13,30,397,362,703,78,937,870,8,23,32.4,0,0.139,0.0,4.9510000000000005,276.40000000000003,76.8,28,980.0
1999,10,23,14,0,361,322,611,74,920,786,8,23,39.38,0,0.139,0.0,4.946,276.0,76.73,28,980.0
1999,10,23,14,30,327,235,489,71,895,687,8,23,46.51,0,0.139,0.0,4.931,276.0,81.31,27,980.0
1999,10,23,15,0,169,1,170,66,862,576,7,23,53.730000000000004,0,0.139,0.0,4.916,278.0,82.51,27,980.0
1999,10,23,15,30,213,183,302,60,815,456,6,23,60.99,0,0.139,0.0,4.89,278.0,87.49,26,980.0
1999,10,23,16,0,152,189,221,53,747,329,6,24,68.29,0,0.139,0.0,4.864,279.0,89.65,26,980.0
1999,10,23,16,30,83,323,163,43,639,202,7,24,75.62,0,0.139,0.0,4.838,279.0,95.12,25,980.0
1999,10,23,17,0,37,245,67,28,452,84,6,24,82.96000000000001,4,0.139,0.1,4.812,286.90000000000003,97.98,25,980.0
1999,10,23,17,30,0,0,0,0,0,0,7,24,90.3,0,0.139,0.1,4.808,286.90000000000003,100.0,25,980.0
1999,10,23,18,0,0,0,0,0,0,0,7,24,97.65,0,0.139,0.2,4.805,302.8,100.0,25,980.0
1999,10,23,18,30,0,0,0,0,0,0,7,24,105.0,0,0.139,0.2,4.817,302.8,100.0,24,980.0
1999,10,23,19,0,0,0,0,0,0,0,7,24,112.34,1,0.138,0.30000000000000004,4.83,318.8,100.0,24,980.0
1999,10,23,19,30,0,0,0,0,0,0,7,23,119.67,0,0.138,0.30000000000000004,4.849,318.8,100.0,24,980.0
1999,10,23,20,0,0,0,0,0,0,0,7,23,126.97,0,0.138,0.30000000000000004,4.868,327.70000000000005,100.0,24,980.0
1999,10,23,20,30,0,0,0,0,0,0,7,23,134.23,0,0.138,0.30000000000000004,4.886,327.70000000000005,100.0,23,980.0
1999,10,23,21,0,0,0,0,0,0,0,7,23,141.43,0,0.138,0.30000000000000004,4.905,333.1,100.0,23,980.0
1999,10,23,21,30,0,0,0,0,0,0,7,23,148.52,0,0.138,0.30000000000000004,4.92,333.1,100.0,23,980.0
1999,10,23,22,0,0,0,0,0,0,0,7,23,155.4,0,0.138,0.30000000000000004,4.9350000000000005,328.90000000000003,100.0,23,980.0
1999,10,23,22,30,0,0,0,0,0,0,7,23,161.84,0,0.138,0.30000000000000004,4.94,328.90000000000003,100.0,23,980.0
1999,10,23,23,0,0,0,0,0,0,0,7,23,167.13,0,0.138,0.30000000000000004,4.946,324.70000000000005,100.0,23,980.0
1999,10,23,23,30,0,0,0,0,0,0,7,22,169.42000000000002,0,0.138,0.30000000000000004,4.944,324.70000000000005,100.0,22,980.0
1999,10,24,0,0,0,0,0,0,0,0,7,22,166.99,0,0.138,0.30000000000000004,4.9430000000000005,322.90000000000003,100.0,22,980.0
1999,10,24,0,30,0,0,0,0,0,0,7,22,161.63,0,0.138,0.30000000000000004,4.937,322.90000000000003,100.0,22,980.0
1999,10,24,1,0,0,0,0,0,0,0,7,22,155.17000000000002,0,0.138,0.30000000000000004,4.932,320.70000000000005,100.0,22,980.0
1999,10,24,1,30,0,0,0,0,0,0,7,22,148.28,0,0.138,0.30000000000000004,4.934,320.70000000000005,100.0,22,980.0
1999,10,24,2,0,0,0,0,0,0,0,7,22,141.19,0,0.138,0.4,4.937,317.70000000000005,100.0,22,980.0
1999,10,24,2,30,0,0,0,0,0,0,8,22,133.99,0,0.138,0.4,4.95,317.70000000000005,100.0,22,980.0
1999,10,24,3,0,0,0,0,0,0,0,7,22,126.72,0,0.138,0.4,4.963,313.5,100.0,22,980.0
1999,10,24,3,30,0,0,0,0,0,0,7,21,119.42,0,0.138,0.4,4.986,313.5,100.0,22,980.0
1999,10,24,4,0,0,0,0,0,0,0,8,21,112.10000000000001,0,0.138,0.5,5.01,308.8,100.0,22,980.0
1999,10,24,4,30,0,0,0,0,0,0,7,21,104.76,0,0.138,0.5,5.042,308.8,100.0,22,980.0
1999,10,24,5,0,0,0,0,0,0,0,7,21,97.42,0,0.138,0.5,5.074,306.3,100.0,22,980.0
1999,10,24,5,30,0,0,0,0,0,0,7,21,90.07000000000001,0,0.138,0.4,5.112,306.3,100.0,22,980.0
1999,10,24,6,0,36,321,77,31,425,85,4,22,82.73,4,0.138,0.30000000000000004,5.15,309.20000000000005,100.0,22,990.0
1999,10,24,6,30,72,442,183,48,617,203,8,22,75.4,0,0.138,0.1,5.195,309.20000000000005,100.0,22,990.0
1999,10,24,7,0,105,522,301,60,722,329,8,22,68.08,0,0.138,0.0,5.2410000000000005,323.90000000000003,100.0,23,990.0
1999,10,24,7,30,166,7,169,68,793,455,7,23,60.79,0,0.138,0.0,5.2860000000000005,323.90000000000003,100.0,23,990.0
1999,10,24,8,0,147,0,147,73,846,576,6,24,53.54,0,0.138,0.0,5.332,19.5,100.0,24,990.0
1999,10,24,8,30,200,6,205,78,880,686,6,24,46.34,0,0.138,0.0,5.383,19.5,100.0,24,990.0
1999,10,24,9,0,127,0,127,80,909,784,6,23,39.24,0,0.138,0.0,5.434,34.800000000000004,92.7,25,990.0
1999,10,24,9,30,106,0,106,83,927,867,7,23,32.29,0,0.138,0.0,5.471,34.800000000000004,87.35000000000001,26,990.0
1999,10,24,10,0,144,1,145,84,942,933,7,22,25.61,0,0.138,0.0,5.509,60.300000000000004,75.86,27,990.0
1999,10,24,10,30,261,13,274,85,950,982,8,22,19.51,0,0.138,0.0,5.546,60.300000000000004,75.82000000000001,27,990.0
1999,10,24,11,0,340,19,359,86,956,1011,8,22,14.71,0,0.138,0.0,5.5840000000000005,101.2,75.68,28,990.0
1999,10,24,11,30,385,26,411,86,958,1020,8,22,12.77,0,0.138,0.0,5.625,101.2,75.63,28,990.0
1999,10,24,12,0,490,87,575,85,956,1010,8,22,14.86,0,0.138,0.0,5.668,111.0,75.49,28,980.0
1999,10,24,12,30,495,200,684,84,951,979,8,22,19.73,0,0.138,0.0,5.7170000000000005,111.0,75.45,27,980.0
1999,10,24,13,0,407,400,768,81,943,930,7,22,25.87,0,0.138,0.0,5.767,120.7,76.07000000000001,27,980.0
1999,10,24,13,30,382,387,709,79,930,863,8,22,32.55,0,0.138,0.0,5.82,120.7,80.64,26,980.0
1999,10,24,14,0,285,526,691,75,913,779,3,22,39.51,0,0.138,0.0,5.8740000000000006,134.20000000000002,81.66,26,980.0
1999,10,24,14,30,227,563,614,71,887,681,8,22,46.62,0,0.138,0.0,5.93,134.20000000000002,81.65,26,980.0
1999,10,24,15,0,265,84,315,67,853,570,4,22,53.82,0,0.138,0.0,5.986,151.6,82.74,26,980.0
1999,10,24,15,30,193,330,353,61,805,451,8,22,61.07,0,0.138,0.0,6.035,151.6,87.78,25,980.0
1999,10,24,16,0,146,246,237,54,734,325,8,23,68.36,0,0.138,0.0,6.0840000000000005,140.1,89.11,25,980.0
1999,10,24,16,30,77,377,171,44,624,199,8,23,75.68,0,0.138,0.0,6.117,140.1,94.60000000000001,24,980.0
1999,10,24,17,0,36,278,70,29,428,81,7,23,83.0,4,0.138,0.0,6.15,127.2,95.7,24,980.0
1999,10,24,17,30,0,0,0,0,0,0,7,23,90.34,0,0.138,0.0,6.155,127.2,95.73,24,980.0
1999,10,24,18,0,0,0,0,0,0,0,6,23,97.68,0,0.138,0.0,6.16,132.4,97.19,24,980.0
1999,10,24,18,30,0,0,0,0,0,0,6,23,105.02,0,0.138,0.0,6.135,132.4,100.0,24,980.0
1999,10,24,19,0,0,0,0,0,0,0,6,23,112.35000000000001,1,0.138,0.0,6.111,128.20000000000002,100.0,24,990.0
1999,10,24,19,30,0,0,0,0,0,0,7,23,119.67,0,0.138,0.0,6.064,128.20000000000002,100.0,23,990.0
1999,10,24,20,0,0,0,0,0,0,0,7,23,126.95,0,0.138,0.0,6.018,105.4,100.0,23,990.0
1999,10,24,20,30,0,0,0,0,0,0,7,23,134.2,0,0.138,0.0,5.9510000000000005,105.4,100.0,23,990.0
1999,10,24,21,0,0,0,0,0,0,0,8,23,141.38,0,0.138,0.1,5.885,88.30000000000001,100.0,23,990.0
1999,10,24,21,30,0,0,0,0,0,0,7,23,148.44,0,0.138,0.1,5.804,88.30000000000001,100.0,23,990.0
1999,10,24,22,0,0,0,0,0,0,0,7,23,155.29,0,0.138,0.1,5.723,35.300000000000004,100.0,23,990.0
1999,10,24,22,30,0,0,0,0,0,0,7,23,161.66,0,0.138,0.1,5.643,35.300000000000004,100.0,23,990.0
1999,10,24,23,0,0,0,0,0,0,0,7,23,166.87,0,0.138,0.2,5.563,323.20000000000005,100.0,23,990.0
1999,10,24,23,30,0,0,0,0,0,0,7,23,169.07,0,0.138,0.2,5.489,323.20000000000005,100.0,23,990.0
1999,10,25,0,0,0,0,0,0,0,0,8,22,166.69,0,0.138,0.30000000000000004,5.415,300.5,97.89,23,980.0
1999,10,25,0,30,0,0,0,0,0,0,7,22,161.4,0,0.138,0.30000000000000004,5.359,300.5,100.0,22,980.0
1999,10,25,1,0,0,0,0,0,0,0,7,22,155.0,0,0.138,0.30000000000000004,5.304,300.8,100.0,22,980.0
1999,10,25,1,30,0,0,0,0,0,0,4,22,148.14000000000001,0,0.138,0.30000000000000004,5.264,300.8,100.0,22,980.0
1999,10,25,2,0,0,0,0,0,0,0,4,22,141.08,0,0.138,0.30000000000000004,5.2250000000000005,308.0,100.0,22,980.0
1999,10,25,2,30,0,0,0,0,0,0,4,22,133.89000000000001,0,0.138,0.30000000000000004,5.198,308.0,100.0,22,980.0
1999,10,25,3,0,0,0,0,0,0,0,3,22,126.65,0,0.138,0.30000000000000004,5.171,314.5,100.0,22,980.0
1999,10,25,3,30,0,0,0,0,0,0,3,21,119.36,0,0.138,0.30000000000000004,5.15,314.5,100.0,22,980.0
1999,10,25,4,0,0,0,0,0,0,0,7,21,112.05,0,0.138,0.4,5.13,315.90000000000003,100.0,22,980.0
1999,10,25,4,30,0,0,0,0,0,0,3,21,104.72,0,0.138,0.4,5.115,315.90000000000003,100.0,21,980.0
1999,10,25,5,0,0,0,0,0,0,0,1,21,97.39,0,0.138,0.4,5.1000000000000005,312.0,100.0,21,980.0
1999,10,25,5,30,0,0,0,0,0,0,7,21,90.05,0,0.138,0.30000000000000004,5.089,312.0,100.0,21,990.0
1999,10,25,6,0,41,233,71,28,462,87,8,21,82.72,0,0.138,0.30000000000000004,5.078,304.6,100.0,22,990.0
1999,10,25,6,30,79,0,79,42,648,205,4,22,75.4,0,0.138,0.1,5.074,304.6,100.0,22,990.0
1999,10,25,7,0,123,0,123,51,752,332,4,22,68.09,0,0.138,0.0,5.071,294.1,96.54,23,990.0
1999,10,25,7,30,214,195,309,58,819,458,8,22,60.81,0,0.138,0.0,5.079,294.1,96.55,24,990.0
1999,10,25,8,0,250,344,455,64,865,578,8,21,53.57,0,0.138,0.0,5.087,91.30000000000001,86.93,25,990.0
1999,10,25,8,30,323,267,507,68,899,688,3,21,46.39,0,0.138,0.0,5.1000000000000005,91.30000000000001,86.94,25,990.0
1999,10,25,9,0,335,407,650,73,921,786,3,21,39.31,0,0.138,0.0,5.113,123.5,79.98,26,990.0
1999,10,25,9,30,75,939,869,75,939,869,1,21,32.38,0,0.138,0.0,5.128,123.5,79.96000000000001,26,990.0
1999,10,25,10,0,460,254,689,79,950,935,3,21,25.75,0,0.138,0.0,5.144,134.70000000000002,75.26,27,990.0
1999,10,25,10,30,81,958,983,81,958,983,1,21,19.71,0,0.138,0.0,5.158,134.70000000000002,75.23,27,990.0
1999,10,25,11,0,513,186,693,83,962,1013,3,21,14.99,0,0.138,0.0,5.173,146.5,71.48,28,990.0
1999,10,25,11,30,519,164,679,84,963,1022,3,21,13.11,0,0.138,0.0,5.1850000000000005,146.5,71.44,28,980.0
1999,10,25,12,0,510,221,723,85,960,1012,3,21,15.17,0,0.138,0.0,5.197,158.5,68.2,28,980.0
1999,10,25,12,30,84,954,981,84,954,981,1,21,19.98,0,0.138,0.0,5.206,158.5,68.16,28,980.0
1999,10,25,13,0,438,333,738,84,944,932,8,21,26.060000000000002,0,0.138,0.0,5.216,164.70000000000002,69.13,28,980.0
1999,10,25,13,30,82,930,865,82,930,865,1,21,32.71,0,0.138,0.0,5.224,164.70000000000002,69.09,28,980.0
1999,10,25,14,0,355,339,617,80,909,780,3,21,39.64,0,0.138,0.0,5.232,161.9,69.45,28,980.0
1999,10,25,14,30,306,61,349,77,883,682,8,21,46.730000000000004,0,0.138,0.0,5.23,161.9,69.44,28,980.0
1999,10,25,15,0,235,398,470,73,845,571,8,22,53.910000000000004,0,0.138,0.0,5.229,151.9,70.41,28,980.0
1999,10,25,15,30,66,795,450,66,795,450,0,22,61.15,0,0.138,0.0,5.221,151.9,74.64,27,980.0
1999,10,25,16,0,59,722,324,59,722,324,1,22,68.43,0,0.138,0.0,5.215,140.1,77.8,27,980.0
1999,10,25,16,30,65,486,185,47,609,198,8,22,75.73,0,0.138,0.0,5.204,140.1,82.51,26,980.0
1999,10,25,17,0,33,344,75,30,411,80,7,23,83.05,4,0.138,0.0,5.1930000000000005,166.4,91.25,26,980.0
1999,10,25,17,30,0,0,0,0,0,0,7,23,90.37,0,0.138,0.0,5.183,166.4,91.28,25,980.0
1999,10,25,18,0,0,0,0,0,0,0,7,23,97.71000000000001,0,0.138,0.1,5.175,187.4,92.05,25,980.0
1999,10,25,18,30,0,0,0,0,0,0,7,23,105.04,0,0.138,0.1,5.167,187.4,97.74000000000001,24,980.0
1999,10,25,19,0,0,0,0,0,0,0,7,23,112.36,1,0.138,0.1,5.16,167.4,96.41,24,980.0
1999,10,25,19,30,0,0,0,0,0,0,7,23,119.66,0,0.138,0.1,5.144,167.4,96.43,24,980.0
1999,10,25,20,0,0,0,0,0,0,0,7,23,126.93,0,0.138,0.2,5.128,151.6,96.68,24,980.0
1999,10,25,20,30,0,0,0,0,0,0,7,23,134.17000000000002,0,0.138,0.1,5.101,151.6,96.69,24,980.0
1999,10,25,21,0,0,0,0,0,0,0,7,23,141.33,0,0.138,0.1,5.074,123.30000000000001,97.87,24,980.0
1999,10,25,21,30,0,0,0,0,0,0,7,23,148.36,0,0.138,0.1,5.047,123.30000000000001,100.0,24,980.0
1999,10,25,22,0,0,0,0,0,0,0,3,23,155.17000000000002,0,0.138,0.1,5.021,81.4,100.0,24,980.0
1999,10,25,22,30,0,0,0,0,0,0,7,23,161.48,0,0.138,0.1,4.995,81.4,100.0,24,980.0
1999,10,25,23,0,0,0,0,0,0,0,4,23,166.6,0,0.138,0.1,4.969,21.400000000000002,100.0,24,980.0
1999,10,25,23,30,0,0,0,0,0,0,4,23,168.72,0,0.138,0.1,4.939,21.400000000000002,100.0,23,980.0
1999,10,26,0,0,0,0,0,0,0,0,4,22,166.39000000000001,0,0.138,0.2,4.9110000000000005,20.1,99.85000000000001,23,980.0
1999,10,26,0,30,0,0,0,0,0,0,4,22,161.18,0,0.138,0.2,4.885,20.1,99.82000000000001,23,980.0
1999,10,26,1,0,0,0,0,0,0,0,4,22,154.83,0,0.138,0.2,4.859,40.800000000000004,99.69,23,980.0
1999,10,26,1,30,0,0,0,0,0,0,4,22,148.01,0,0.138,0.2,4.843,40.800000000000004,99.68,23,980.0
1999,10,26,2,0,0,0,0,0,0,0,3,22,140.97,0,0.138,0.2,4.828,55.6,98.79,23,980.0
1999,10,26,2,30,0,0,0,0,0,0,1,22,133.8,0,0.138,0.2,4.823,55.6,98.79,23,980.0
1999,10,26,3,0,0,0,0,0,0,0,0,22,126.57000000000001,0,0.138,0.2,4.8180000000000005,57.800000000000004,98.13,23,980.0
1999,10,26,3,30,0,0,0,0,0,0,0,22,119.3,0,0.138,0.2,4.804,57.800000000000004,100.0,23,980.0
1999,10,26,4,0,0,0,0,0,0,0,0,22,112.0,0,0.138,0.30000000000000004,4.79,46.900000000000006,100.0,23,980.0
1999,10,26,4,30,0,0,0,0,0,0,0,22,104.68,0,0.138,0.30000000000000004,4.767,46.900000000000006,100.0,22,980.0
1999,10,26,5,0,0,0,0,0,0,0,0,22,97.36,0,0.138,0.30000000000000004,4.745,39.2,100.0,22,980.0
1999,10,26,5,30,0,0,0,0,0,0,0,22,90.02,0,0.138,0.2,4.7250000000000005,39.2,100.0,22,980.0
1999,10,26,6,0,30,443,87,30,443,87,0,22,82.71000000000001,0,0.138,0.2,4.706,35.0,100.0,23,980.0
1999,10,26,6,30,46,633,206,46,633,206,0,22,75.39,0,0.138,0.1,4.692,35.0,95.61,23,980.0
1999,10,26,7,0,56,743,333,56,743,333,0,22,68.1,0,0.138,0.0,4.678,8.8,90.33,24,980.0
1999,10,26,7,30,63,813,459,63,813,459,0,22,60.83,0,0.138,0.0,4.6690000000000005,8.8,85.12,25,990.0
1999,10,26,8,0,68,862,580,68,862,580,0,22,53.61,0,0.138,0.0,4.66,14.600000000000001,80.37,26,990.0
1999,10,26,8,30,73,896,690,73,896,690,0,22,46.45,0,0.138,0.0,4.648,14.600000000000001,80.36,27,990.0
1999,10,26,9,0,76,921,789,76,921,789,0,22,39.38,0,0.138,0.0,4.6370000000000005,15.3,76.02,28,990.0
1999,10,26,9,30,424,245,631,79,940,872,3,22,32.49,0,0.138,0.0,4.635,15.3,76.0,28,980.0
1999,10,26,10,0,82,952,939,82,952,939,1,22,25.900000000000002,0,0.138,0.0,4.633,18.400000000000002,72.41,29,980.0
1999,10,26,10,30,474,307,763,83,961,987,3,22,19.92,0,0.138,0.0,4.641,18.400000000000002,72.36,29,980.0
1999,10,26,11,0,85,966,1017,85,966,1017,0,22,15.280000000000001,0,0.138,0.0,4.65,28.0,69.2,29,980.0
1999,10,26,11,30,467,369,826,85,967,1026,3,22,13.46,0,0.138,0.0,4.662,28.0,69.15,29,980.0
1999,10,26,12,0,451,389,826,84,966,1015,3,23,15.48,0,0.138,0.0,4.674,42.900000000000006,66.2,30,980.0
1999,10,26,12,30,83,960,985,83,960,985,0,22,20.22,0,0.138,0.0,4.688,42.900000000000006,66.16,30,980.0
1999,10,26,13,0,82,951,935,82,951,935,0,23,26.25,1,0.138,0.0,4.702,70.9,66.65,30,980.0
1999,10,26,13,30,80,937,868,80,937,868,0,23,32.86,1,0.138,0.0,4.718,70.9,66.61,30,980.0
1999,10,26,14,0,332,54,374,76,920,783,6,23,39.76,1,0.138,0.0,4.735,96.9,66.89,30,980.0
1999,10,26,14,30,295,47,327,72,894,684,6,23,46.83,0,0.138,0.0,4.744,96.9,66.87,30,980.0
1999,10,26,15,0,206,13,214,67,862,573,6,23,54.0,0,0.138,0.0,4.7540000000000004,107.0,68.14,30,980.0
1999,10,26,15,30,213,132,276,61,813,453,6,23,61.22,0,0.138,0.0,4.747,107.0,72.15,29,980.0
1999,10,26,16,0,142,275,243,53,746,327,6,23,68.49,0,0.138,0.0,4.741,113.30000000000001,73.84,29,980.0
1999,10,26,16,30,89,236,147,43,636,200,8,23,75.78,0,0.138,0.0,4.735,113.30000000000001,78.25,28,980.0
1999,10,26,17,0,39,175,60,28,445,82,7,24,83.09,4,0.138,0.0,4.73,170.5,83.2,28,980.0
1999,10,26,17,30,0,0,0,0,0,0,7,24,90.4,0,0.138,0.1,4.734,170.5,88.22,27,980.0
1999,10,26,18,0,0,0,0,0,0,0,3,24,97.73,0,0.138,0.2,4.739,200.9,91.83,27,980.0
1999,10,26,18,30,0,0,0,0,0,0,0,24,105.05,0,0.138,0.2,4.758,200.9,91.86,26,980.0
1999,10,26,19,0,0,0,0,0,0,0,0,24,112.36,1,0.138,0.2,4.777,203.5,90.96000000000001,26,980.0
1999,10,26,19,30,0,0,0,0,0,0,0,24,119.65,0,0.138,0.1,4.803,203.5,96.54,26,980.0
1999,10,26,20,0,0,0,0,0,0,0,0,24,126.91,0,0.138,0.1,4.83,197.0,95.27,26,980.0
1999,10,26,20,30,0,0,0,0,0,0,0,24,134.13,0,0.138,0.1,4.857,197.0,95.29,25,980.0
1999,10,26,21,0,0,0,0,0,0,0,0,24,141.27,0,0.138,0.1,4.885,174.9,94.39,25,980.0
1999,10,26,21,30,0,0,0,0,0,0,0,24,148.28,0,0.138,0.1,4.91,174.9,94.39,25,980.0
1999,10,26,22,0,0,0,0,0,0,0,0,23,155.04,0,0.138,0.2,4.936,140.70000000000002,93.55,25,980.0
1999,10,26,22,30,0,0,0,0,0,0,0,23,161.3,0,0.138,0.2,4.9590000000000005,140.70000000000002,99.28,25,980.0
1999,10,26,23,0,0,0,0,0,0,0,0,23,166.32,0,0.138,0.2,4.982,125.0,98.63,25,980.0
1999,10,26,23,30,0,0,0,0,0,0,0,23,168.38,0,0.138,0.2,5.007,125.0,98.59,24,980.0
1999,10,27,0,0,0,0,0,0,0,0,0,23,166.09,0,0.138,0.30000000000000004,5.032,120.60000000000001,99.91,24,980.0
1999,10,27,0,30,0,0,0,0,0,0,0,23,160.96,0,0.138,0.2,5.064,120.60000000000001,99.88,24,980.0
1999,10,27,1,0,0,0,0,0,0,0,3,23,154.66,0,0.138,0.2,5.098,109.10000000000001,98.11,24,980.0
1999,10,27,1,30,0,0,0,0,0,0,3,23,147.88,0,0.138,0.1,5.126,109.10000000000001,100.0,24,980.0
1999,10,27,2,0,0,0,0,0,0,0,3,23,140.86,0,0.138,0.1,5.155,136.3,100.0,24,980.0
1999,10,27,2,30,0,0,0,0,0,0,3,23,133.72,0,0.138,0.1,5.171,136.3,100.0,23,980.0
1999,10,27,3,0,0,0,0,0,0,0,3,23,126.5,0,0.138,0.1,5.188,260.8,100.0,23,980.0
1999,10,27,3,30,0,0,0,0,0,0,3,23,119.24000000000001,0,0.138,0.1,5.196,260.8,100.0,23,980.0
1999,10,27,4,0,0,0,0,0,0,0,3,23,111.95,0,0.138,0.2,5.204,279.40000000000003,100.0,23,980.0
1999,10,27,4,30,0,0,0,0,0,0,3,23,104.64,0,0.138,0.30000000000000004,5.218,279.40000000000003,100.0,23,980.0
1999,10,27,5,0,0,0,0,0,0,0,3,22,97.33,0,0.138,0.4,5.234,308.70000000000005,99.83,23,980.0
1999,10,27,5,30,0,0,0,0,0,0,3,22,90.01,0,0.138,0.30000000000000004,5.257,308.70000000000005,99.86,23,980.0
1999,10,27,6,0,31,431,86,31,431,86,0,23,82.7,0,0.138,0.30000000000000004,5.28,324.0,100.0,23,980.0
1999,10,27,6,30,47,621,204,47,621,204,0,23,75.4,0,0.138,0.1,5.316,324.0,100.0,23,980.0
1999,10,27,7,0,58,731,330,58,731,330,0,23,68.11,0,0.138,0.0,5.353,327.40000000000003,98.96000000000001,24,980.0
1999,10,27,7,30,66,801,456,66,801,456,0,23,60.86,0,0.138,0.0,5.404,327.40000000000003,93.26,25,980.0
1999,10,27,8,0,72,849,575,72,849,575,0,23,53.65,0,0.138,0.0,5.457,342.1,87.97,26,980.0
1999,10,27,8,30,76,883,685,76,883,685,0,23,46.5,0,0.138,0.0,5.509,342.1,87.98,27,980.0
1999,10,27,9,0,82,906,782,82,906,782,0,23,39.46,0,0.138,0.0,5.561,357.6,82.79,28,980.0
1999,10,27,9,30,85,925,864,85,925,864,0,23,32.6,0,0.138,0.0,5.581,357.6,82.77,28,980.0
1999,10,27,10,0,440,330,737,86,939,930,3,23,26.05,0,0.138,0.0,5.602,2.1,78.33,28,980.0
1999,10,27,10,30,474,305,761,88,948,978,3,23,20.12,0,0.138,0.0,5.599,2.1,78.29,28,980.0
1999,10,27,11,0,503,256,750,88,954,1008,3,23,15.57,0,0.138,0.0,5.596,4.800000000000001,78.74,29,980.0
1999,10,27,11,30,88,956,1017,88,956,1017,1,23,13.8,0,0.138,0.0,5.581,4.800000000000001,78.69,29,980.0
1999,10,27,12,0,448,394,828,87,956,1007,3,24,15.780000000000001,0,0.138,0.0,5.567,5.800000000000001,74.97,29,980.0
1999,10,27,12,30,86,951,977,86,951,977,0,24,20.46,0,0.138,0.0,5.545,5.800000000000001,74.92,29,980.0
1999,10,27,13,0,84,942,928,84,942,928,0,24,26.44,0,0.138,0.0,5.524,6.5,75.98,29,980.0
1999,10,27,13,30,81,929,860,81,929,860,0,24,33.01,0,0.138,0.0,5.494,6.5,80.47,29,980.0
1999,10,27,14,0,78,911,777,78,911,777,0,24,39.89,0,0.138,0.0,5.465,27.5,82.09,29,980.0
1999,10,27,14,30,74,886,679,74,886,679,0,24,46.93,0,0.138,0.0,5.43,27.5,82.07000000000001,28,980.0
1999,10,27,15,0,68,853,569,68,853,569,0,25,54.08,0,0.138,0.0,5.396,79.5,83.97,28,980.0
1999,10,27,15,30,62,805,449,62,805,449,0,25,61.29,0,0.138,0.0,5.349,79.5,89.0,28,980.0
1999,10,27,16,0,54,736,324,54,736,324,0,25,68.55,0,0.138,0.0,5.303,28.3,91.45,28,980.0
1999,10,27,16,30,44,625,197,44,625,197,0,25,75.83,0,0.138,0.0,5.245,28.3,91.47,27,980.0
1999,10,27,17,0,28,433,80,28,433,80,0,25,83.13,0,0.138,0.1,5.187,32.2,89.59,27,980.0
1999,10,27,17,30,0,0,0,0,0,0,1,25,90.43,0,0.138,0.1,5.131,32.2,95.04,26,980.0
1999,10,27,18,0,0,0,0,0,0,0,1,24,97.75,0,0.138,0.2,5.0760000000000005,45.0,99.0,26,980.0
1999,10,27,18,30,0,0,0,0,0,0,0,24,105.06,0,0.138,0.2,5.023,45.0,99.03,25,980.0
1999,10,27,19,0,0,0,0,0,0,0,0,24,112.36,1,0.138,0.2,4.97,50.2,97.34,25,980.0
1999,10,27,19,30,0,0,0,0,0,0,0,24,119.63,0,0.138,0.1,4.912,50.2,100.0,24,980.0
1999,10,27,20,0,0,0,0,0,0,0,0,24,126.88000000000001,0,0.138,0.1,4.854,48.900000000000006,100.0,24,980.0
1999,10,27,20,30,0,0,0,0,0,0,0,24,134.08,0,0.138,0.0,4.7860000000000005,48.900000000000006,100.0,24,980.0
1999,10,27,21,0,0,0,0,0,0,0,0,24,141.20000000000002,0,0.138,0.0,4.719,44.400000000000006,100.0,24,980.0
1999,10,27,21,30,0,0,0,0,0,0,0,24,148.18,0,0.138,0.0,4.652,44.400000000000006,100.0,24,980.0
1999,10,27,22,0,0,0,0,0,0,0,0,24,154.91,0,0.138,0.0,4.585,44.800000000000004,100.0,24,980.0
1999,10,27,22,30,0,0,0,0,0,0,0,23,161.11,0,0.138,0.0,4.522,44.800000000000004,100.0,23,980.0
1999,10,27,23,0,0,0,0,0,0,0,0,23,166.05,0,0.138,0.0,4.4590000000000005,45.6,100.0,23,980.0
1999,10,27,23,30,0,0,0,0,0,0,0,23,168.04,0,0.138,0.0,4.401,45.6,100.0,23,980.0
1999,10,28,0,0,0,0,0,0,0,0,0,23,165.8,0,0.138,0.0,4.343,40.800000000000004,100.0,23,980.0
1999,10,28,0,30,0,0,0,0,0,0,0,22,160.74,0,0.138,0.0,4.301,40.800000000000004,100.0,23,980.0
1999,10,28,1,0,0,0,0,0,0,0,0,22,154.5,0,0.138,0.1,4.259,27.200000000000003,100.0,23,980.0
1999,10,28,1,30,0,0,0,0,0,0,0,22,147.75,0,0.138,0.1,4.233,27.200000000000003,100.0,22,980.0
1999,10,28,2,0,0,0,0,0,0,0,0,22,140.75,0,0.138,0.1,4.208,10.5,100.0,22,980.0
1999,10,28,2,30,0,0,0,0,0,0,0,22,133.63,0,0.138,0.1,4.1930000000000005,10.5,100.0,22,980.0
1999,10,28,3,0,0,0,0,0,0,0,0,22,126.43,0,0.138,0.1,4.178,354.1,100.0,22,980.0
1999,10,28,3,30,0,0,0,0,0,0,0,22,119.18,0,0.138,0.1,4.184,354.1,100.0,22,980.0
1999,10,28,4,0,0,0,0,0,0,0,0,22,111.9,0,0.138,0.1,4.19,342.5,100.0,22,980.0
1999,10,28,4,30,0,0,0,0,0,0,0,21,104.61,0,0.138,0.1,4.21,342.5,100.0,22,980.0
1999,10,28,5,0,0,0,0,0,0,0,0,21,97.3,0,0.138,0.1,4.231,339.40000000000003,100.0,22,980.0
1999,10,28,5,30,0,0,0,0,0,0,0,21,89.99,0,0.138,0.1,4.263,339.40000000000003,100.0,22,980.0
1999,10,28,6,0,29,468,89,29,468,89,0,22,82.69,0,0.138,0.1,4.295,344.1,100.0,22,980.0
1999,10,28,6,30,43,654,208,43,654,208,0,23,75.4,0,0.138,0.0,4.3500000000000005,344.1,100.0,23,980.0
1999,10,28,7,0,53,758,335,53,758,335,0,23,68.13,0,0.138,0.0,4.405,9.8,98.01,24,980.0
1999,10,28,7,30,59,825,461,59,825,461,0,23,60.89,0,0.138,0.0,4.471,9.8,92.37,25,980.0
1999,10,28,8,0,64,872,581,64,872,581,0,23,53.69,0,0.138,0.0,4.539,20.6,88.12,26,980.0
1999,10,28,8,30,68,904,691,68,904,691,0,23,46.56,0,0.138,0.0,4.6080000000000005,20.6,88.12,26,980.0
1999,10,28,9,0,71,929,788,71,929,788,0,23,39.550000000000004,0,0.138,0.0,4.678,27.8,82.49,27,980.0
1999,10,28,9,30,73,946,870,73,946,870,0,23,32.71,0,0.138,0.0,4.744,27.8,82.47,27,980.0
1999,10,28,10,0,74,960,936,74,960,936,0,23,26.2,0,0.138,0.0,4.8100000000000005,39.5,76.89,28,980.0
1999,10,28,10,30,75,968,983,75,968,983,0,23,20.34,0,0.138,0.0,4.872,39.5,76.85000000000001,28,980.0
1999,10,28,11,0,74,973,1011,74,973,1011,0,23,15.85,0,0.138,0.0,4.9350000000000005,48.300000000000004,72.17,29,980.0
1999,10,28,11,30,75,974,1020,75,974,1020,0,23,14.13,0,0.138,0.0,4.994,48.300000000000004,72.12,29,980.0
1999,10,28,12,0,450,51,499,74,973,1009,3,23,16.09,0,0.138,0.0,5.055,53.900000000000006,72.39,29,980.0
1999,10,28,12,30,73,967,978,73,967,978,0,23,20.7,0,0.138,0.0,5.109,53.900000000000006,72.35000000000001,29,980.0
1999,10,28,13,0,72,958,928,72,958,928,0,23,26.62,0,0.138,0.0,5.163,58.2,72.63,30,980.0
1999,10,28,13,30,366,41,400,70,944,861,4,23,33.160000000000004,0,0.138,0.0,5.211,58.2,72.60000000000001,29,980.0
1999,10,28,14,0,228,10,236,68,926,777,6,23,40.01,0,0.138,0.0,5.26,60.2,73.3,29,980.0
1999,10,28,14,30,146,0,146,64,901,679,6,23,47.04,0,0.138,0.0,5.292,60.2,73.29,29,980.0
1999,10,28,15,0,142,0,142,61,867,568,6,24,54.17,0,0.138,0.0,5.3260000000000005,72.4,75.48,29,980.0
1999,10,28,15,30,186,29,201,56,820,449,6,24,61.36,0,0.138,0.0,5.346,72.4,79.97,28,980.0
1999,10,28,16,0,147,61,170,50,750,323,6,24,68.61,0,0.138,0.0,5.3660000000000005,86.80000000000001,83.11,28,980.0
1999,10,28,16,30,93,156,132,41,641,197,6,24,75.88,0,0.138,0.0,5.382,86.80000000000001,88.12,27,980.0
1999,10,28,17,0,40,113,53,27,446,80,6,25,83.16,4,0.138,0.0,5.399,51.5,91.61,27,980.0
1999,10,28,17,30,0,0,0,0,0,0,6,25,90.46000000000001,0,0.138,0.1,5.4190000000000005,51.5,97.19,26,980.0
1999,10,28,18,0,0,0,0,0,0,0,7,25,97.76,0,0.138,0.2,5.439,80.9,95.19,26,980.0
1999,10,28,18,30,0,0,0,0,0,0,7,25,105.06,0,0.138,0.2,5.454,80.9,95.23,26,980.0
1999,10,28,19,0,0,0,0,0,0,0,7,25,112.35000000000001,1,0.138,0.30000000000000004,5.469,83.4,94.60000000000001,26,980.0
1999,10,28,19,30,0,0,0,0,0,0,7,25,119.62,0,0.138,0.30000000000000004,5.484,83.4,100.0,25,980.0
1999,10,28,20,0,0,0,0,0,0,0,7,24,126.85000000000001,0,0.138,0.4,5.4990000000000006,80.5,99.33,25,980.0
1999,10,28,20,30,0,0,0,0,0,0,7,24,134.03,0,0.138,0.4,5.507,80.5,100.0,25,980.0
1999,10,28,21,0,0,0,0,0,0,0,7,24,141.13,0,0.138,0.4,5.515,79.60000000000001,100.0,25,980.0
1999,10,28,21,30,0,0,0,0,0,0,8,24,148.09,0,0.138,0.4,5.51,79.60000000000001,100.0,24,980.0
1999,10,28,22,0,0,0,0,0,0,0,7,24,154.78,0,0.138,0.4,5.505,80.4,100.0,24,980.0
1999,10,28,22,30,0,0,0,0,0,0,7,24,160.92000000000002,0,0.138,0.4,5.487,80.4,100.0,24,980.0
1999,10,28,23,0,0,0,0,0,0,0,8,24,165.77,0,0.138,0.4,5.469,79.10000000000001,100.0,24,980.0
1999,10,28,23,30,0,0,0,0,0,0,8,23,167.71,0,0.138,0.30000000000000004,5.441,79.10000000000001,100.0,23,980.0
1999,10,29,0,0,0,0,0,0,0,0,8,23,165.51,0,0.138,0.30000000000000004,5.414,78.7,100.0,23,980.0
1999,10,29,0,30,0,0,0,0,0,0,7,23,160.52,0,0.138,0.30000000000000004,5.383,78.7,100.0,23,980.0
1999,10,29,1,0,0,0,0,0,0,0,7,23,154.33,0,0.138,0.30000000000000004,5.352,78.5,100.0,23,980.0
1999,10,29,1,30,0,0,0,0,0,0,4,23,147.62,0,0.138,0.2,5.3260000000000005,78.5,100.0,23,980.0
1999,10,29,2,0,0,0,0,0,0,0,4,23,140.65,0,0.138,0.2,5.3,77.4,100.0,23,980.0
1999,10,29,2,30,0,0,0,0,0,0,4,22,133.54,0,0.138,0.1,5.273,77.4,100.0,23,980.0
1999,10,29,3,0,0,0,0,0,0,0,8,22,126.36,0,0.138,0.1,5.247,74.9,100.0,23,980.0
1999,10,29,3,30,0,0,0,0,0,0,7,22,119.12,0,0.138,0.1,5.2170000000000005,74.9,100.0,23,980.0
1999,10,29,4,0,0,0,0,0,0,0,7,22,111.86,0,0.138,0.1,5.187,71.7,100.0,23,980.0
1999,10,29,4,30,0,0,0,0,0,0,7,22,104.57000000000001,0,0.138,0.0,5.146,71.7,100.0,22,980.0
1999,10,29,5,0,0,0,0,0,0,0,7,22,97.28,0,0.138,0.0,5.106,68.9,100.0,22,980.0
1999,10,29,5,30,0,0,0,0,0,0,7,22,89.98,0,0.138,0.0,5.063,68.9,100.0,22,980.0
1999,10,29,6,0,39,301,78,30,447,87,8,23,82.69,0,0.138,0.0,5.0200000000000005,68.9,100.0,23,980.0
1999,10,29,6,30,94,37,104,46,635,206,4,23,75.41,0,0.138,0.0,4.99,68.9,100.0,23,980.0
1999,10,29,7,0,151,63,175,55,744,332,4,23,68.15,0,0.138,0.0,4.961,71.7,100.0,24,980.0
1999,10,29,7,30,209,76,246,63,813,458,8,23,60.92,0,0.138,0.0,4.947,71.7,99.60000000000001,24,980.0
1999,10,29,8,0,263,276,427,67,863,578,8,24,53.74,0,0.138,0.0,4.934,77.0,97.21000000000001,25,980.0
1999,10,29,8,30,72,897,688,72,897,688,0,24,46.63,0,0.138,0.0,4.929,77.0,97.22,25,980.0
1999,10,29,9,0,356,342,619,73,924,785,3,24,39.63,0,0.138,0.0,4.924,75.5,91.64,26,980.0
1999,10,29,9,30,395,357,695,76,943,868,3,24,32.83,0,0.138,0.0,4.925,75.5,91.62,26,980.0
1999,10,29,10,0,438,334,737,76,957,934,3,23,26.36,0,0.138,0.0,4.9270000000000005,70.2,83.49,27,980.0
1999,10,29,10,30,417,41,456,77,966,982,3,23,20.55,0,0.138,0.0,4.937,70.2,83.46000000000001,27,980.0
1999,10,29,11,0,341,20,360,78,971,1011,4,23,16.14,0,0.138,0.0,4.948,68.2,80.48,28,980.0
1999,10,29,11,30,477,350,817,78,972,1020,8,23,14.47,0,0.138,0.0,4.961,68.2,80.44,28,980.0
1999,10,29,12,0,384,441,808,78,970,1009,8,23,16.39,4,0.138,0.0,4.9750000000000005,70.0,79.19,28,980.0
1999,10,29,12,30,491,213,690,77,965,979,8,23,20.94,0,0.138,0.0,4.992,70.0,79.15,27,980.0
1999,10,29,13,0,444,85,521,77,955,929,6,23,26.810000000000002,0,0.138,0.0,5.01,79.10000000000001,79.56,27,980.0
1999,10,29,13,30,217,9,225,75,942,862,9,23,33.31,0,0.138,0.0,5.032,79.10000000000001,79.54,27,980.0
1999,10,29,14,0,353,64,402,72,923,778,6,23,40.13,0,0.138,0.0,5.055,93.2,80.51,27,980.0
1999,10,29,14,30,329,179,451,69,897,680,6,23,47.13,0,0.138,0.0,5.085,93.2,85.38,26,980.0
1999,10,29,15,0,224,24,239,65,861,569,6,23,54.25,0,0.138,0.0,5.115,93.60000000000001,87.15,26,980.0
1999,10,29,15,30,65,0,65,60,813,449,6,23,61.43,0,0.138,0.0,5.143,93.60000000000001,92.48,25,980.0
1999,10,29,16,0,128,6,130,53,741,323,6,24,68.66,0,0.138,0.0,5.171,70.0,94.88,25,980.0
1999,10,29,16,30,92,177,135,43,630,197,6,24,75.92,0,0.138,0.0,5.186,70.0,100.0,24,980.0
1999,10,29,17,0,40,125,55,29,433,80,6,23,83.2,4,0.138,0.0,5.2010000000000005,61.7,99.88,24,980.0
1999,10,29,17,30,0,0,0,0,0,0,6,23,90.48,0,0.138,0.0,5.207,61.7,100.0,23,980.0
1999,10,29,18,0,0,0,0,0,0,0,6,23,97.78,0,0.138,0.1,5.214,58.1,100.0,23,980.0
1999,10,29,18,30,0,0,0,0,0,0,6,23,105.06,0,0.138,0.0,5.21,58.1,100.0,23,980.0
1999,10,29,19,0,0,0,0,0,0,0,6,23,112.34,1,0.138,0.0,5.206,49.400000000000006,100.0,23,980.0
1999,10,29,19,30,0,0,0,0,0,0,6,22,119.60000000000001,0,0.138,0.0,5.191,49.400000000000006,100.0,22,980.0
1999,10,29,20,0,0,0,0,0,0,0,6,22,126.82000000000001,0,0.138,0.0,5.1770000000000005,31.3,100.0,22,980.0
1999,10,29,20,30,0,0,0,0,0,0,8,22,133.98,0,0.138,0.0,5.157,31.3,100.0,22,980.0
1999,10,29,21,0,0,0,0,0,0,0,7,22,141.06,0,0.138,0.0,5.1370000000000005,26.900000000000002,100.0,22,980.0
1999,10,29,21,30,0,0,0,0,0,0,7,21,147.99,0,0.138,0.0,5.119,26.900000000000002,100.0,22,980.0
1999,10,29,22,0,0,0,0,0,0,0,8,21,154.64000000000001,0,0.138,0.0,5.101,24.0,100.0,22,980.0
1999,10,29,22,30,0,0,0,0,0,0,7,21,160.72,0,0.138,0.0,5.079,24.0,100.0,21,980.0
1999,10,29,23,0,0,0,0,0,0,0,7,21,165.49,0,0.138,0.0,5.057,13.3,100.0,21,980.0
1999,10,29,23,30,0,0,0,0,0,0,7,21,167.38,0,0.138,0.0,5.0280000000000005,13.3,100.0,21,980.0
1999,10,30,0,0,0,0,0,0,0,0,7,21,165.22,0,0.138,0.0,4.999,355.70000000000005,100.0,21,980.0
1999,10,30,0,30,0,0,0,0,0,0,7,20,160.3,0,0.138,0.0,4.9670000000000005,355.70000000000005,100.0,21,980.0
1999,10,30,1,0,0,0,0,0,0,0,7,20,154.16,0,0.138,0.0,4.936,343.20000000000005,100.0,21,980.0
1999,10,30,1,30,0,0,0,0,0,0,7,20,147.49,0,0.138,0.0,4.907,343.20000000000005,100.0,20,980.0
1999,10,30,2,0,0,0,0,0,0,0,7,20,140.55,0,0.138,0.0,4.88,335.0,100.0,20,980.0
1999,10,30,2,30,0,0,0,0,0,0,7,20,133.46,0,0.138,0.0,4.856,335.0,100.0,20,980.0
1999,10,30,3,0,0,0,0,0,0,0,7,20,126.29,0,0.138,0.0,4.8340000000000005,332.8,100.0,20,980.0
1999,10,30,3,30,0,0,0,0,0,0,7,20,119.07000000000001,0,0.138,0.0,4.814,332.8,100.0,20,980.0
1999,10,30,4,0,0,0,0,0,0,0,7,20,111.82000000000001,0,0.138,0.0,4.796,328.90000000000003,100.0,20,980.0
1999,10,30,4,30,0,0,0,0,0,0,7,20,104.54,0,0.138,0.0,4.784,328.90000000000003,100.0,20,980.0
1999,10,30,5,0,0,0,0,0,0,0,7,20,97.26,0,0.138,0.0,4.773,323.0,100.0,20,980.0
1999,10,30,5,30,0,0,0,0,0,0,3,20,89.97,0,0.138,0.0,4.765,323.0,100.0,20,980.0
1999,10,30,6,0,24,0,24,33,420,86,3,20,82.69,4,0.138,0.0,4.758,314.8,100.0,20,980.0
1999,10,30,6,30,59,0,59,50,613,204,3,20,75.42,0,0.138,0.0,4.756,314.8,100.0,20,990.0
1999,10,30,7,0,125,0,125,60,727,331,4,21,68.17,0,0.138,0.0,4.755,306.40000000000003,100.0,21,990.0
1999,10,30,7,30,168,9,173,69,799,456,8,21,60.96,4,0.138,0.0,4.766,306.40000000000003,100.0,21,990.0
1999,10,30,8,0,268,141,352,74,850,576,7,22,53.79,4,0.138,0.0,4.777,308.5,100.0,22,990.0
1999,10,30,8,30,330,129,419,79,885,686,7,22,46.7,0,0.138,0.0,4.803,308.5,100.0,22,990.0
1999,10,30,9,0,78,0,78,82,912,784,9,22,39.72,0,0.138,0.0,4.829,311.20000000000005,99.60000000000001,23,990.0
1999,10,30,9,30,66,0,66,85,931,867,9,22,32.95,0,0.138,0.0,4.859,311.20000000000005,93.79,24,990.0
1999,10,30,10,0,132,0,132,86,945,933,6,22,26.52,0,0.138,0.0,4.89,307.0,86.61,25,990.0
1999,10,30,10,30,210,10,219,88,954,981,6,22,20.77,0,0.138,0.0,4.916,307.0,86.58,25,990.0
1999,10,30,11,0,360,22,382,88,960,1010,6,22,16.43,0,0.138,0.0,4.9430000000000005,288.1,80.3,26,990.0
1999,10,30,11,30,515,169,679,88,962,1019,8,22,14.8,0,0.138,0.0,4.968,288.1,80.26,26,990.0
1999,10,30,12,0,495,276,760,88,960,1008,7,22,16.68,0,0.138,0.0,4.995,260.0,76.32000000000001,27,990.0
1999,10,30,12,30,414,434,819,87,954,977,8,22,21.17,0,0.138,0.0,5.022,260.0,76.28,27,980.0
1999,10,30,13,0,377,469,796,86,944,927,7,22,26.990000000000002,0,0.138,0.0,5.049,242.0,76.78,28,980.0
1999,10,30,13,30,337,482,740,83,930,860,8,22,33.45,0,0.138,0.0,5.074,242.0,76.74,28,980.0
1999,10,30,14,0,251,614,720,82,909,776,7,22,40.25,0,0.138,0.0,5.1000000000000005,232.3,72.95,28,980.0
1999,10,30,14,30,190,661,639,78,882,677,7,22,47.230000000000004,0,0.138,0.0,5.118,232.3,77.31,27,980.0
1999,10,30,15,0,74,843,566,74,843,566,1,22,54.33,0,0.138,0.0,5.136,221.4,78.03,27,980.0
1999,10,30,15,30,101,697,433,67,793,446,8,22,61.49,0,0.138,0.0,5.13,221.4,82.74,27,980.0
1999,10,30,16,0,102,524,292,60,717,320,7,23,68.71000000000001,0,0.138,0.1,5.125,233.9,83.8,27,980.0
1999,10,30,16,30,72,417,173,48,602,194,8,23,75.96000000000001,0,0.138,0.1,5.113,233.9,88.92,26,980.0
1999,10,30,17,0,35,289,69,31,400,78,7,23,83.23,4,0.138,0.1,5.102,255.60000000000002,91.99,26,980.0
1999,10,30,17,30,0,0,0,0,0,0,6,23,90.5,0,0.138,0.1,5.103,255.60000000000002,97.68,25,980.0
1999,10,30,18,0,0,0,0,0,0,0,6,23,97.79,0,0.138,0.2,5.105,262.6,98.44,24,980.0
1999,10,30,18,30,0,0,0,0,0,0,7,23,105.06,0,0.138,0.2,5.118,262.6,100.0,24,980.0
1999,10,30,19,0,0,0,0,0,0,0,7,23,112.33,1,0.138,0.2,5.131,267.6,100.0,24,980.0
1999,10,30,19,30,0,0,0,0,0,0,7,23,119.57000000000001,0,0.138,0.2,5.1450000000000005,267.6,100.0,23,990.0
1999,10,30,20,0,0,0,0,0,0,0,7,23,126.78,0,0.138,0.2,5.159,272.3,100.0,23,990.0
1999,10,30,20,30,0,0,0,0,0,0,8,22,133.93,0,0.138,0.2,5.162,272.3,100.0,23,990.0
1999,10,30,21,0,0,0,0,0,0,0,8,22,140.98,0,0.138,0.2,5.166,276.0,100.0,23,990.0
1999,10,30,21,30,0,0,0,0,0,0,8,22,147.88,0,0.138,0.2,5.164,276.0,100.0,22,990.0
1999,10,30,22,0,0,0,0,0,0,0,7,22,154.5,0,0.138,0.2,5.163,277.7,100.0,22,990.0
1999,10,30,22,30,0,0,0,0,0,0,7,22,160.52,0,0.138,0.2,5.152,277.7,100.0,22,990.0
1999,10,30,23,0,0,0,0,0,0,0,7,22,165.22,0,0.138,0.2,5.142,278.1,100.0,22,990.0
1999,10,30,23,30,0,0,0,0,0,0,7,21,167.05,0,0.138,0.2,5.123,278.1,100.0,22,980.0
1999,10,31,0,0,0,0,0,0,0,0,7,21,164.93,0,0.138,0.30000000000000004,5.104,275.2,100.0,22,980.0
1999,10,31,0,30,0,0,0,0,0,0,7,21,160.09,0,0.138,0.30000000000000004,5.085,275.2,100.0,21,980.0
1999,10,31,1,0,0,0,0,0,0,0,7,21,154.0,0,0.138,0.30000000000000004,5.066,270.3,100.0,21,980.0
1999,10,31,1,30,0,0,0,0,0,0,7,21,147.36,0,0.138,0.30000000000000004,5.051,270.3,100.0,21,980.0
1999,10,31,2,0,0,0,0,0,0,0,6,21,140.45000000000002,0,0.138,0.4,5.037,263.8,100.0,21,980.0
1999,10,31,2,30,0,0,0,0,0,0,8,21,133.38,0,0.138,0.4,5.029,263.8,100.0,21,980.0
1999,10,31,3,0,0,0,0,0,0,0,8,21,126.23,0,0.138,0.5,5.021,253.9,100.0,21,980.0
1999,10,31,3,30,0,0,0,0,0,0,7,21,119.02,0,0.138,0.5,5.013,253.9,100.0,21,980.0
1999,10,31,4,0,0,0,0,0,0,0,3,21,111.78,0,0.138,0.5,5.007,232.60000000000002,100.0,21,980.0
1999,10,31,4,30,0,0,0,0,0,0,7,21,104.52,0,0.138,0.5,5.0,232.60000000000002,100.0,21,980.0
1999,10,31,5,0,0,0,0,0,0,0,7,21,97.24000000000001,0,0.138,0.5,4.995,205.20000000000002,100.0,21,980.0
1999,10,31,5,30,0,0,0,0,0,0,7,21,89.96000000000001,0,0.138,0.30000000000000004,4.987,205.20000000000002,100.0,21,980.0
1999,10,31,6,0,24,0,24,34,399,85,8,21,82.69,4,0.138,0.2,4.98,190.3,100.0,21,990.0
1999,10,31,6,30,57,0,57,52,595,202,3,21,75.44,0,0.138,0.1,4.978,190.3,100.0,21,990.0
1999,10,31,7,0,107,0,107,64,710,328,3,22,68.2,0,0.138,0.0,4.977,168.10000000000002,100.0,22,990.0
1999,10,31,7,30,148,0,148,73,784,453,8,22,61.0,4,0.138,0.0,4.98,168.10000000000002,100.0,23,990.0
1999,10,31,8,0,228,28,245,79,837,573,7,23,53.84,4,0.138,0.0,4.984,158.5,100.0,24,990.0
1999,10,31,8,30,272,29,293,84,874,683,3,23,46.77,0,0.138,0.0,4.993,158.5,100.0,24,990.0
1999,10,31,9,0,308,34,334,88,900,780,7,24,39.82,4,0.138,0.0,5.002,152.9,100.0,24,990.0
1999,10,31,9,30,406,79,472,92,920,863,3,24,33.07,0,0.138,0.0,5.016,152.9,100.0,24,990.0
1999,10,31,10,0,94,934,929,94,934,929,1,24,26.68,0,0.138,0.0,5.031,148.9,94.32000000000001,25,990.0
1999,10,31,10,30,488,129,609,95,944,977,3,24,20.990000000000002,0,0.138,0.0,5.048,148.9,94.27,25,990.0
1999,10,31,11,0,498,266,753,96,949,1006,7,23,16.72,0,0.138,0.0,5.066,150.0,85.94,26,990.0
1999,10,31,11,30,511,221,725,97,951,1015,8,23,15.120000000000001,0,0.138,0.0,5.086,150.0,85.89,26,990.0
1999,10,31,12,0,442,401,826,96,949,1004,8,23,16.98,0,0.138,0.0,5.107,151.4,84.64,27,980.0
1999,10,31,12,30,446,367,788,95,943,973,8,23,21.400000000000002,0,0.138,0.0,5.128,151.4,84.59,27,980.0
1999,10,31,13,0,436,327,728,93,933,924,8,23,27.17,0,0.138,0.0,5.15,152.6,84.35000000000001,27,980.0
1999,10,31,13,30,421,236,617,91,919,856,7,23,33.59,0,0.138,0.0,5.165,152.6,84.32000000000001,26,980.0
1999,10,31,14,0,317,35,344,86,901,773,6,23,40.36,0,0.138,0.0,5.18,153.9,84.85000000000001,26,980.0
1999,10,31,14,30,318,92,380,82,874,674,8,23,47.32,0,0.138,0.0,5.178,153.9,84.82000000000001,26,980.0
1999,10,31,15,0,267,106,328,74,842,565,8,23,54.4,0,0.138,0.0,5.1770000000000005,151.5,87.69,26,980.0
1999,10,31,15,30,203,71,237,68,792,445,8,23,61.56,0,0.138,0.0,5.164,151.5,93.02,25,980.0
1999,10,31,16,0,140,278,241,58,722,320,7,24,68.76,0,0.138,0.0,5.1530000000000005,148.6,96.39,25,980.0
1999,10,31,16,30,88,234,145,47,608,194,8,24,76.0,0,0.138,0.0,5.135,148.6,100.0,24,980.0
1999,10,31,17,0,39,164,58,30,411,78,7,24,83.25,4,0.138,0.1,5.119,167.9,100.0,24,980.0
1999,10,31,17,30,0,0,0,0,0,0,7,24,90.51,0,0.138,0.2,5.103,167.9,100.0,24,980.0
1999,10,31,18,0,0,0,0,0,0,0,8,24,97.79,0,0.138,0.30000000000000004,5.087,169.5,100.0,24,980.0
1999,10,31,18,30,0,0,0,0,0,0,7,23,105.06,0,0.138,0.30000000000000004,5.075,169.5,100.0,24,980.0
1999,10,31,19,0,0,0,0,0,0,0,7,23,112.31,1,0.138,0.4,5.064,165.0,100.0,24,980.0
1999,10,31,19,30,0,0,0,0,0,0,7,23,119.54,0,0.138,0.4,5.058,165.0,100.0,23,980.0
1999,10,31,20,0,0,0,0,0,0,0,7,23,126.73,0,0.138,0.4,5.0520000000000005,162.10000000000002,100.0,23,980.0
1999,10,31,20,30,0,0,0,0,0,0,8,23,133.87,0,0.138,0.4,5.048,162.10000000000002,100.0,23,980.0
1999,10,31,21,0,0,0,0,0,0,0,7,23,140.9,0,0.138,0.4,5.045,178.20000000000002,100.0,23,980.0
1999,10,31,21,30,0,0,0,0,0,0,8,23,147.77,0,0.138,0.4,5.041,178.20000000000002,100.0,23,980.0
1999,10,31,22,0,0,0,0,0,0,0,7,23,154.35,0,0.138,0.4,5.037,207.10000000000002,100.0,23,980.0
1999,10,31,22,30,0,0,0,0,0,0,8,23,160.32,0,0.138,0.4,5.0280000000000005,207.10000000000002,100.0,23,980.0
1999,10,31,23,0,0,0,0,0,0,0,4,23,164.94,0,0.138,0.5,5.019,228.8,100.0,23,980.0
1999,10,31,23,30,0,0,0,0,0,0,8,22,166.73,0,0.138,0.5,5.009,228.8,100.0,22,980.0
1999,11,1,0,0,0,0,0,0,0,0,8,22,164.65,0,0.138,0.6000000000000001,5.0,238.5,100.0,22,980.0
1999,11,1,0,30,0,0,0,0,0,0,7,22,159.87,0,0.138,0.6000000000000001,4.99,238.5,100.0,22,980.0
1999,11,1,1,0,0,0,0,0,0,0,8,22,153.84,0,0.138,0.6000000000000001,4.981,241.9,100.0,22,980.0
1999,11,1,1,30,0,0,0,0,0,0,8,21,147.24,0,0.138,0.5,4.974,241.9,100.0,21,980.0
1999,11,1,2,0,0,0,0,0,0,0,8,21,140.35,0,0.138,0.5,4.9670000000000005,243.10000000000002,100.0,21,980.0
1999,11,1,2,30,0,0,0,0,0,0,4,21,133.3,0,0.138,0.5,4.965,243.10000000000002,100.0,21,980.0
1999,11,1,3,0,0,0,0,0,0,0,4,21,126.17,0,0.138,0.5,4.964,244.9,100.0,21,980.0
1999,11,1,3,30,0,0,0,0,0,0,7,21,118.97,0,0.138,0.5,4.972,244.9,100.0,21,980.0
1999,11,1,4,0,0,0,0,0,0,0,4,21,111.74000000000001,0,0.138,0.6000000000000001,4.981,241.70000000000002,100.0,21,980.0
1999,11,1,4,30,0,0,0,0,0,0,4,21,104.49000000000001,0,0.138,0.5,4.985,241.70000000000002,100.0,21,980.0
1999,11,1,5,0,0,0,0,0,0,0,4,22,97.23,0,0.138,0.5,4.99,225.5,100.0,22,980.0
1999,11,1,5,30,0,0,0,0,0,0,7,22,89.96000000000001,0,0.138,0.4,4.99,225.5,100.0,22,980.0
1999,11,1,6,0,40,290,77,31,434,86,8,22,82.7,0,0.138,0.4,4.9910000000000005,205.5,100.0,22,980.0
1999,11,1,6,30,54,0,54,47,624,204,4,22,75.46000000000001,0,0.138,0.2,4.999,205.5,100.0,22,980.0
1999,11,1,7,0,151,66,176,58,734,330,8,23,68.23,0,0.138,0.0,5.007,201.60000000000002,100.0,23,980.0
1999,11,1,7,30,215,159,292,66,804,455,8,23,61.04,0,0.138,0.0,5.029,201.60000000000002,100.0,23,980.0
1999,11,1,8,0,266,86,317,71,855,575,8,24,53.9,0,0.138,0.0,5.0520000000000005,209.9,100.0,24,980.0
1999,11,1,8,30,312,95,378,75,889,684,8,24,46.85,4,0.138,0.0,5.087,209.9,100.0,24,980.0
1999,11,1,9,0,355,251,548,78,916,781,8,24,39.92,4,0.138,0.0,5.123,238.8,94.8,25,980.0
1999,11,1,9,30,426,214,606,81,935,863,3,24,33.2,0,0.138,0.0,5.155,238.8,89.33,26,980.0
1999,11,1,10,0,422,257,652,82,949,929,8,22,26.85,4,0.138,0.0,5.188,255.0,78.34,27,980.0
1999,11,1,10,30,336,501,803,83,958,976,8,22,21.21,4,0.138,0.0,5.216,255.0,78.3,27,980.0
1999,11,1,11,0,442,402,827,83,964,1005,8,22,17.01,0,0.138,0.0,5.245,292.7,74.03,28,980.0
1999,11,1,11,30,83,965,1014,83,965,1014,1,22,15.450000000000001,0,0.138,0.0,5.269,292.7,73.98,28,980.0
1999,11,1,12,0,83,963,1003,83,963,1003,0,22,17.27,0,0.138,0.0,5.2940000000000005,303.3,73.89,29,980.0
1999,11,1,12,30,82,957,973,82,957,973,1,22,21.63,0,0.138,0.0,5.317,303.3,73.84,29,980.0
1999,11,1,13,0,455,251,678,81,948,923,3,23,27.35,0,0.138,0.0,5.34,215.0,70.76,29,980.0
1999,11,1,13,30,79,935,856,79,935,856,0,23,33.74,0,0.138,0.0,5.361,215.0,70.72,29,980.0
1999,11,1,14,0,76,916,773,76,916,773,8,23,40.47,4,0.138,0.0,5.383,186.20000000000002,73.56,29,980.0
1999,11,1,14,30,305,64,348,72,890,675,8,23,47.410000000000004,0,0.138,0.0,5.399,186.20000000000002,77.92,28,980.0
1999,11,1,15,0,266,219,394,67,857,565,8,24,54.480000000000004,0,0.138,0.0,5.416,180.5,79.78,28,980.0
1999,11,1,15,30,61,808,445,61,808,445,0,24,61.61,0,0.138,0.0,5.408,180.5,84.56,27,980.0
1999,11,1,16,0,53,739,320,53,739,320,0,24,68.81,0,0.138,0.1,5.4,183.20000000000002,84.74,27,980.0
1999,11,1,16,30,63,495,183,43,628,195,7,24,76.03,0,0.138,0.1,5.378,183.20000000000002,89.88,27,980.0
1999,11,1,17,0,31,364,74,28,431,79,4,24,83.27,4,0.138,0.1,5.357,175.5,91.04,27,980.0
1999,11,1,17,30,0,0,0,0,0,0,3,24,90.53,0,0.138,0.2,5.343,175.5,96.62,26,980.0
1999,11,1,18,0,0,0,0,0,0,0,1,24,97.79,0,0.138,0.30000000000000004,5.329,173.20000000000002,97.53,25,980.0
1999,11,1,18,30,0,0,0,0,0,0,0,24,105.05,0,0.138,0.30000000000000004,5.324,173.20000000000002,100.0,24,980.0
1999,11,1,19,0,0,0,0,0,0,0,0,24,112.29,1,0.138,0.30000000000000004,5.321,170.0,100.0,24,980.0
1999,11,1,19,30,0,0,0,0,0,0,0,23,119.51,0,0.138,0.2,5.325,170.0,100.0,23,980.0
1999,11,1,20,0,0,0,0,0,0,0,0,23,126.69,0,0.138,0.2,5.33,165.3,100.0,23,980.0
1999,11,1,20,30,0,0,0,0,0,0,0,23,133.8,0,0.138,0.1,5.353,165.3,100.0,23,980.0
1999,11,1,21,0,0,0,0,0,0,0,0,23,140.82,0,0.138,0.1,5.377,163.0,100.0,23,980.0
1999,11,1,21,30,0,0,0,0,0,0,0,23,147.66,0,0.138,0.1,5.42,163.0,100.0,23,980.0
1999,11,1,22,0,0,0,0,0,0,0,0,23,154.20000000000002,0,0.138,0.2,5.464,161.20000000000002,100.0,23,980.0
1999,11,1,22,30,0,0,0,0,0,0,0,23,160.11,0,0.138,0.30000000000000004,5.505,161.20000000000002,100.0,23,980.0
1999,11,1,23,0,0,0,0,0,0,0,0,23,164.66,0,0.138,0.4,5.547,156.8,100.0,23,980.0
1999,11,1,23,30,0,0,0,0,0,0,0,22,166.4,0,0.138,0.4,5.564,156.8,100.0,23,980.0
1999,11,2,0,0,0,0,0,0,0,0,0,22,164.37,0,0.138,0.4,5.583,151.9,100.0,23,980.0
1999,11,2,0,30,0,0,0,0,0,0,0,22,159.66,0,0.138,0.4,5.581,151.9,100.0,22,980.0
1999,11,2,1,0,0,0,0,0,0,0,0,22,153.68,0,0.138,0.4,5.58,144.20000000000002,100.0,22,980.0
1999,11,2,1,30,0,0,0,0,0,0,0,22,147.11,0,0.138,0.30000000000000004,5.5680000000000005,144.20000000000002,100.0,22,980.0
1999,11,2,2,0,0,0,0,0,0,0,0,22,140.25,0,0.138,0.30000000000000004,5.557,137.0,100.0,22,980.0
1999,11,2,2,30,0,0,0,0,0,0,0,21,133.23,0,0.138,0.2,5.543,137.0,100.0,22,980.0
1999,11,2,3,0,0,0,0,0,0,0,0,21,126.11,0,0.138,0.2,5.53,131.20000000000002,100.0,22,980.0
1999,11,2,3,30,0,0,0,0,0,0,0,21,118.93,0,0.138,0.2,5.522,131.20000000000002,100.0,21,980.0
1999,11,2,4,0,0,0,0,0,0,0,0,21,111.71000000000001,0,0.138,0.2,5.514,125.7,100.0,21,980.0
1999,11,2,4,30,0,0,0,0,0,0,0,21,104.47,0,0.138,0.2,5.511,125.7,100.0,21,980.0
1999,11,2,5,0,0,0,0,0,0,0,0,21,97.22,0,0.138,0.30000000000000004,5.509,120.9,100.0,21,980.0
1999,11,2,5,30,0,0,0,0,0,0,0,21,89.96000000000001,0,0.138,0.2,5.511,120.9,100.0,21,980.0
1999,11,2,6,0,30,440,86,30,440,86,0,22,82.71000000000001,0,0.138,0.1,5.514,117.0,100.0,22,980.0
1999,11,2,6,30,46,628,203,46,628,203,0,22,75.48,0,0.138,0.0,5.525,117.0,98.15,23,980.0
1999,11,2,7,0,55,739,329,55,739,329,0,23,68.26,0,0.138,0.0,5.5360000000000005,84.30000000000001,94.26,25,980.0
1999,11,2,7,30,63,808,454,63,808,454,0,23,61.09,0,0.138,0.0,5.565,84.30000000000001,88.84,26,980.0
1999,11,2,8,0,68,856,572,68,856,572,0,23,53.97,0,0.138,0.0,5.595,43.7,79.34,27,980.0
1999,11,2,8,30,73,890,681,73,890,681,0,23,46.93,0,0.138,0.0,5.632,43.7,79.34,27,980.0
1999,11,2,9,0,78,912,777,78,912,777,0,23,40.02,0,0.138,0.0,5.6690000000000005,19.200000000000003,76.57000000000001,28,980.0
1999,11,2,9,30,81,931,859,81,931,859,0,23,33.33,0,0.138,0.0,5.699,19.200000000000003,76.54,28,980.0
1999,11,2,10,0,84,943,924,84,943,924,0,23,27.02,0,0.138,0.0,5.729,25.3,77.84,29,980.0
1999,11,2,10,30,85,951,971,85,951,971,0,23,21.44,0,0.138,0.0,5.7540000000000004,25.3,77.8,29,980.0
1999,11,2,11,0,87,955,1000,87,955,1000,0,23,17.29,0,0.138,0.0,5.78,37.7,74.07000000000001,29,980.0
1999,11,2,11,30,87,957,1009,87,957,1009,0,23,15.76,0,0.138,0.0,5.797,37.7,74.03,29,980.0
1999,11,2,12,0,87,955,998,87,955,998,0,24,17.55,0,0.138,0.0,5.815,50.900000000000006,74.59,29,980.0
1999,11,2,12,30,86,950,968,86,950,968,0,24,21.86,0,0.138,0.0,5.82,50.900000000000006,74.55,29,980.0
1999,11,2,13,0,83,942,919,83,942,919,0,24,27.53,0,0.138,0.0,5.825,62.1,76.2,29,980.0
1999,11,2,13,30,81,929,852,81,929,852,0,24,33.87,0,0.138,0.0,5.811,62.1,76.16,29,980.0
1999,11,2,14,0,77,911,769,77,911,769,0,24,40.58,0,0.138,0.0,5.798,76.80000000000001,77.59,29,980.0
1999,11,2,14,30,73,886,672,73,886,672,0,24,47.5,0,0.138,0.0,5.779,76.80000000000001,77.57000000000001,29,980.0
1999,11,2,15,0,68,851,562,68,851,562,0,25,54.550000000000004,0,0.138,0.0,5.7620000000000005,92.4,79.78,29,980.0
1999,11,2,15,30,63,802,443,63,802,443,0,25,61.67,0,0.138,0.0,5.744,92.4,84.53,28,980.0
1999,11,2,16,0,55,729,319,55,729,319,0,25,68.85000000000001,0,0.138,0.0,5.727,59.6,87.05,28,980.0
1999,11,2,16,30,45,617,193,45,617,193,0,25,76.06,0,0.138,0.0,5.7090000000000005,59.6,92.3,27,980.0
1999,11,2,17,0,29,414,77,29,414,77,0,25,83.29,0,0.138,0.1,5.692,62.1,93.78,27,980.0
1999,11,2,17,30,0,0,0,0,0,0,0,25,90.54,0,0.138,0.2,5.682,62.1,99.49000000000001,26,980.0
1999,11,2,18,0,0,0,0,0,0,0,0,25,97.79,0,0.138,0.30000000000000004,5.672,73.10000000000001,97.51,26,980.0
1999,11,2,18,30,0,0,0,0,0,0,0,25,105.04,0,0.138,0.2,5.663,73.10000000000001,100.0,25,980.0
1999,11,2,19,0,0,0,0,0,0,0,0,25,112.27,1,0.138,0.2,5.654,77.5,100.0,25,980.0
1999,11,2,19,30,0,0,0,0,0,0,0,25,119.47,0,0.138,0.1,5.63,77.5,100.0,25,980.0
1999,11,2,20,0,0,0,0,0,0,0,1,25,126.64,0,0.138,0.1,5.607,81.30000000000001,100.0,25,980.0
1999,11,2,20,30,0,0,0,0,0,0,0,24,133.73,0,0.138,0.1,5.566,81.30000000000001,100.0,24,980.0
1999,11,2,21,0,0,0,0,0,0,0,0,24,140.73,0,0.138,0.1,5.525,89.7,100.0,24,980.0
1999,11,2,21,30,0,0,0,0,0,0,7,24,147.54,0,0.138,0.1,5.4830000000000005,89.7,100.0,24,980.0
1999,11,2,22,0,0,0,0,0,0,0,7,24,154.04,0,0.138,0.1,5.441,100.10000000000001,100.0,24,980.0
1999,11,2,22,30,0,0,0,0,0,0,7,24,159.9,0,0.138,0.1,5.409,100.10000000000001,100.0,24,980.0
1999,11,2,23,0,0,0,0,0,0,0,7,24,164.38,0,0.138,0.1,5.378,100.7,100.0,24,980.0
1999,11,2,23,30,0,0,0,0,0,0,7,24,166.09,0,0.138,0.1,5.368,100.7,100.0,24,980.0
1999,11,3,0,0,0,0,0,0,0,0,7,24,164.09,0,0.138,0.2,5.359,91.7,100.0,24,980.0
1999,11,3,0,30,0,0,0,0,0,0,7,23,159.45000000000002,0,0.138,0.2,5.354,91.7,100.0,24,980.0
1999,11,3,1,0,0,0,0,0,0,0,7,23,153.52,0,0.138,0.30000000000000004,5.349,76.2,100.0,24,980.0
1999,11,3,1,30,0,0,0,0,0,0,7,23,146.99,0,0.138,0.2,5.341,76.2,100.0,23,980.0
1999,11,3,2,0,0,0,0,0,0,0,7,23,140.16,0,0.138,0.2,5.333,65.0,100.0,23,980.0
1999,11,3,2,30,0,0,0,0,0,0,7,23,133.16,0,0.138,0.2,5.322,65.0,100.0,23,980.0
1999,11,3,3,0,0,0,0,0,0,0,7,23,126.05,0,0.138,0.2,5.311,64.7,100.0,23,980.0
1999,11,3,3,30,0,0,0,0,0,0,7,23,118.89,0,0.138,0.2,5.2940000000000005,64.7,100.0,23,980.0
1999,11,3,4,0,0,0,0,0,0,0,7,23,111.68,0,0.138,0.2,5.2780000000000005,70.9,100.0,23,980.0
1999,11,3,4,30,0,0,0,0,0,0,7,23,104.45,0,0.138,0.2,5.265,70.9,100.0,23,980.0
1999,11,3,5,0,0,0,0,0,0,0,7,23,97.21000000000001,0,0.138,0.30000000000000004,5.252,75.8,100.0,23,980.0
1999,11,3,5,30,0,0,0,0,0,0,7,23,89.96000000000001,0,0.138,0.30000000000000004,5.25,75.8,100.0,23,980.0
1999,11,3,6,0,43,180,66,30,445,87,8,23,82.73,0,0.138,0.30000000000000004,5.248,69.0,100.0,23,980.0
1999,11,3,6,30,45,633,204,45,633,204,1,23,75.5,0,0.138,0.1,5.252,69.0,100.0,23,980.0
1999,11,3,7,0,55,743,330,55,743,330,0,24,68.3,0,0.138,0.0,5.256,54.5,100.0,24,980.0
1999,11,3,7,30,62,812,454,62,812,454,0,24,61.14,0,0.138,0.0,5.256,54.5,100.0,25,980.0
1999,11,3,8,0,65,864,573,65,864,573,0,24,54.03,0,0.138,0.0,5.257,47.800000000000004,99.18,26,980.0
1999,11,3,8,30,69,898,682,69,898,682,0,24,47.01,0,0.138,0.0,5.243,47.800000000000004,93.47,26,980.0
1999,11,3,9,0,376,111,462,70,926,778,3,24,40.13,0,0.138,0.0,5.229,56.6,87.36,27,980.0
1999,11,3,9,30,421,243,624,72,944,860,3,24,33.47,0,0.138,0.0,5.214,56.6,87.33,27,980.0
1999,11,3,10,0,161,4,165,73,958,925,4,24,27.2,0,0.138,0.0,5.2,71.10000000000001,81.18,28,980.0
1999,11,3,10,30,458,73,527,74,967,973,8,24,21.66,0,0.138,0.0,5.202,71.10000000000001,81.14,28,980.0
1999,11,3,11,0,461,365,809,75,972,1002,3,24,17.580000000000002,0,0.138,0.0,5.205,88.2,76.22,29,980.0
1999,11,3,11,30,492,302,782,75,973,1011,8,24,16.080000000000002,0,0.138,0.0,5.2170000000000005,88.2,76.18,29,980.0
1999,11,3,12,0,441,48,487,76,971,1000,8,24,17.84,0,0.138,0.0,5.229,95.0,76.98,29,980.0
1999,11,3,12,30,75,966,970,75,966,970,1,24,22.080000000000002,0,0.138,0.0,5.243,95.0,76.95,29,980.0
1999,11,3,13,0,74,956,921,74,956,921,0,24,27.7,0,0.138,0.0,5.257,94.9,76.5,29,980.0
1999,11,3,13,30,72,943,854,72,943,854,0,24,34.01,0,0.138,0.0,5.263,94.9,76.47,29,980.0
1999,11,3,14,0,70,924,771,70,924,771,0,24,40.69,0,0.138,0.0,5.271,96.30000000000001,77.11,29,980.0
1999,11,3,14,30,67,899,673,67,899,673,0,24,47.59,0,0.138,0.0,5.268,96.30000000000001,77.09,29,980.0
1999,11,3,15,0,63,864,564,63,864,564,0,24,54.61,0,0.138,0.0,5.266,90.9,78.25,29,980.0
1999,11,3,15,30,99,700,431,58,816,445,8,24,61.72,0,0.138,0.0,5.25,90.9,82.9,28,980.0
1999,11,3,16,0,128,366,259,52,745,320,8,25,68.89,0,0.138,0.0,5.235,72.10000000000001,85.7,28,980.0
1999,11,3,16,30,63,0,63,42,635,195,6,25,76.09,0,0.138,0.0,5.215,72.10000000000001,90.85000000000001,27,980.0
1999,11,3,17,0,25,0,25,28,438,79,8,24,83.31,4,0.138,0.1,5.196,62.300000000000004,88.68,27,980.0
1999,11,3,17,30,0,0,0,0,0,0,7,24,90.54,0,0.138,0.1,5.167,62.300000000000004,94.06,26,980.0
1999,11,3,18,0,0,0,0,0,0,0,7,25,97.79,0,0.138,0.2,5.138,93.4,94.67,26,980.0
1999,11,3,18,30,0,0,0,0,0,0,6,25,105.02,0,0.138,0.2,5.112,93.4,100.0,26,980.0
1999,11,3,19,0,0,0,0,0,0,0,6,24,112.24000000000001,1,0.138,0.30000000000000004,5.086,97.10000000000001,99.14,26,980.0
1999,11,3,19,30,0,0,0,0,0,0,6,24,119.43,0,0.138,0.30000000000000004,5.074,97.10000000000001,99.17,25,980.0
1999,11,3,20,0,0,0,0,0,0,0,6,24,126.58,0,0.138,0.30000000000000004,5.062,83.80000000000001,97.76,25,980.0
1999,11,3,20,30,0,0,0,0,0,0,6,24,133.66,0,0.138,0.2,5.07,83.80000000000001,100.0,24,980.0
1999,11,3,21,0,0,0,0,0,0,0,6,24,140.63,0,0.138,0.2,5.079,63.400000000000006,100.0,24,980.0
1999,11,3,21,30,0,0,0,0,0,0,7,24,147.42000000000002,0,0.138,0.1,5.101,63.400000000000006,100.0,24,980.0
1999,11,3,22,0,0,0,0,0,0,0,7,24,153.88,1,0.138,0.1,5.123,54.2,100.0,24,980.0
1999,11,3,22,30,0,0,0,0,0,0,7,24,159.69,0,0.138,0.0,5.139,54.2,100.0,24,980.0
1999,11,3,23,0,0,0,0,0,0,0,7,24,164.11,0,0.138,0.0,5.156,40.900000000000006,100.0,24,980.0
1999,11,3,23,30,0,0,0,0,0,0,7,23,165.78,0,0.138,0.0,5.1530000000000005,40.900000000000006,100.0,24,980.0
1999,11,4,0,0,0,0,0,0,0,0,7,23,163.82,0,0.138,0.0,5.151,20.0,100.0,24,980.0
1999,11,4,0,30,0,0,0,0,0,0,7,23,159.25,0,0.138,0.0,5.125,20.0,100.0,23,980.0
1999,11,4,1,0,0,0,0,0,0,0,7,23,153.37,0,0.138,0.1,5.1000000000000005,9.5,100.0,23,980.0
1999,11,4,1,30,0,0,0,0,0,0,7,23,146.87,0,0.138,0.1,5.074,9.5,100.0,23,980.0
1999,11,4,2,0,0,0,0,0,0,0,7,23,140.07,0,0.138,0.1,5.05,2.8000000000000003,100.0,23,980.0
1999,11,4,2,30,0,0,0,0,0,0,1,23,133.08,0,0.138,0.1,5.033,2.8000000000000003,100.0,23,980.0
1999,11,4,3,0,0,0,0,0,0,0,0,23,126.0,0,0.138,0.1,5.017,359.90000000000003,100.0,23,980.0
1999,11,4,3,30,0,0,0,0,0,0,0,23,118.85000000000001,0,0.138,0.1,5.019,359.90000000000003,100.0,23,980.0
1999,11,4,4,0,0,0,0,0,0,0,1,23,111.66,0,0.138,0.1,5.022,2.4000000000000004,100.0,23,980.0
1999,11,4,4,30,0,0,0,0,0,0,0,22,104.44,0,0.138,0.0,5.037,2.4000000000000004,100.0,23,980.0
1999,11,4,5,0,0,0,0,0,0,0,0,22,97.21000000000001,0,0.138,0.0,5.053,7.4,100.0,23,980.0
1999,11,4,5,30,0,0,0,0,0,0,3,22,89.97,0,0.138,0.0,5.066,7.4,100.0,23,980.0
1999,11,4,6,0,38,329,80,29,461,87,7,23,82.74,0,0.138,0.0,5.08,14.100000000000001,100.0,23,980.0
1999,11,4,6,30,43,647,205,43,647,205,1,23,75.53,0,0.138,0.0,5.082,14.100000000000001,100.0,23,980.0
1999,11,4,7,0,51,756,330,51,756,330,0,23,68.34,0,0.138,0.0,5.085,21.6,99.69,24,980.0
1999,11,4,7,30,208,81,248,57,824,454,3,23,61.19,0,0.138,0.0,5.08,21.6,99.71000000000001,25,980.0
1999,11,4,8,0,60,872,572,60,872,572,0,24,54.1,0,0.138,0.0,5.075,23.6,95.04,26,980.0
1999,11,4,8,30,286,406,563,64,906,681,7,24,47.1,0,0.138,0.0,5.077,23.6,89.57000000000001,26,980.0
1999,11,4,9,0,284,521,682,66,931,777,8,23,40.24,0,0.138,0.0,5.079,29.3,82.97,27,980.0
1999,11,4,9,30,343,466,732,68,948,859,7,23,33.61,0,0.138,0.0,5.101,29.3,82.95,27,980.0
1999,11,4,10,0,377,466,792,69,961,923,7,23,27.38,0,0.138,0.0,5.123,40.400000000000006,76.8,28,980.0
1999,11,4,10,30,485,239,707,71,970,971,3,23,21.89,0,0.138,0.0,5.163,40.400000000000006,76.76,28,980.0
1999,11,4,11,0,501,127,623,72,974,999,3,23,17.86,0,0.138,0.0,5.204,48.5,72.18,29,980.0
1999,11,4,11,30,225,11,236,72,975,1008,4,23,16.39,0,0.138,0.0,5.25,48.5,72.15,29,980.0
1999,11,4,12,0,505,206,701,73,972,997,7,23,18.11,0,0.138,0.0,5.298,55.300000000000004,72.85000000000001,29,980.0
1999,11,4,12,30,489,187,662,72,967,967,7,23,22.3,0,0.138,0.0,5.343,55.300000000000004,72.82000000000001,29,980.0
1999,11,4,13,0,460,153,596,73,956,918,7,23,27.87,0,0.138,0.0,5.388,62.5,74.03,30,980.0
1999,11,4,13,30,351,442,717,71,943,851,8,23,34.14,0,0.138,0.0,5.4190000000000005,62.5,74.0,29,980.0
1999,11,4,14,0,300,472,657,69,923,769,8,24,40.800000000000004,0,0.138,0.0,5.45,69.8,75.81,29,980.0
1999,11,4,14,30,319,248,486,66,898,671,7,24,47.67,0,0.138,0.0,5.469,69.8,75.79,29,980.0
1999,11,4,15,0,268,173,369,63,862,562,7,24,54.68,0,0.138,0.0,5.489,92.2,78.12,29,980.0
1999,11,4,15,30,75,0,75,58,814,443,6,24,61.77,0,0.138,0.0,5.508,92.2,82.77,28,980.0
1999,11,4,16,0,70,0,70,52,742,319,6,25,68.92,0,0.138,0.0,5.5280000000000005,102.80000000000001,85.19,28,980.0
1999,11,4,16,30,4,0,4,42,631,194,6,25,76.11,0,0.138,0.0,5.546,102.80000000000001,90.32000000000001,27,980.0
1999,11,4,17,0,1,0,1,28,433,78,6,25,83.32000000000001,4,0.138,0.0,5.565,108.7,92.81,27,980.0
1999,11,4,17,30,0,0,0,0,0,0,6,25,90.54,0,0.138,0.0,5.581,108.7,98.46000000000001,27,980.0
1999,11,4,18,0,0,0,0,0,0,0,6,25,97.78,0,0.138,0.0,5.598,40.1,98.15,27,980.0
1999,11,4,18,30,0,0,0,0,0,0,6,25,105.0,0,0.138,0.0,5.59,40.1,98.18,26,980.0
1999,11,4,19,0,0,0,0,0,0,0,6,25,112.21000000000001,1,0.138,0.1,5.5840000000000005,29.700000000000003,96.73,26,980.0
1999,11,4,19,30,0,0,0,0,0,0,6,25,119.39,0,0.138,0.1,5.562,29.700000000000003,100.0,26,980.0
1999,11,4,20,0,0,0,0,0,0,0,6,25,126.52,0,0.138,0.2,5.541,28.6,100.0,26,980.0
1999,11,4,20,30,0,0,0,0,0,0,6,25,133.59,0,0.138,0.2,5.516,28.6,100.0,25,980.0
1999,11,4,21,0,0,0,0,0,0,0,7,24,140.54,0,0.138,0.2,5.492,24.8,99.58,25,980.0
1999,11,4,21,30,0,0,0,0,0,0,7,24,147.3,0,0.138,0.2,5.463,24.8,99.58,25,980.0
1999,11,4,22,0,0,0,0,0,0,0,7,24,153.72,0,0.138,0.30000000000000004,5.434,31.700000000000003,98.26,25,980.0
1999,11,4,22,30,0,0,0,0,0,0,7,24,159.47,0,0.138,0.30000000000000004,5.418,31.700000000000003,100.0,25,980.0
1999,11,4,23,0,0,0,0,0,0,0,7,24,163.83,0,0.138,0.30000000000000004,5.402,42.1,100.0,25,980.0
1999,11,4,23,30,0,0,0,0,0,0,7,24,165.47,0,0.138,0.30000000000000004,5.382,42.1,100.0,24,980.0
1999,11,5,0,0,0,0,0,0,0,0,7,24,163.55,0,0.138,0.30000000000000004,5.362,48.5,100.0,24,980.0
1999,11,5,0,30,0,0,0,0,0,0,7,23,159.04,0,0.138,0.2,5.331,48.5,100.0,24,980.0
1999,11,5,1,0,0,0,0,0,0,0,7,23,153.21,0,0.138,0.2,5.301,49.400000000000006,100.0,24,980.0
1999,11,5,1,30,0,0,0,0,0,0,7,23,146.76,0,0.138,0.1,5.253,49.400000000000006,100.0,23,980.0
1999,11,5,2,0,0,0,0,0,0,0,7,23,139.98,0,0.138,0.1,5.205,49.0,100.0,23,980.0
1999,11,5,2,30,0,0,0,0,0,0,7,23,133.02,0,0.138,0.0,5.1530000000000005,49.0,100.0,23,980.0
1999,11,5,3,0,0,0,0,0,0,0,7,23,125.95,0,0.138,0.0,5.102,45.900000000000006,100.0,23,980.0
1999,11,5,3,30,0,0,0,0,0,0,7,23,118.81,0,0.138,0.0,5.063,45.900000000000006,100.0,23,980.0
1999,11,5,4,0,0,0,0,0,0,0,3,23,111.63,0,0.138,0.0,5.024,47.300000000000004,100.0,23,980.0
1999,11,5,4,30,0,0,0,0,0,0,4,23,104.43,0,0.138,0.0,5.009,47.300000000000004,100.0,23,980.0
1999,11,5,5,0,0,0,0,0,0,0,7,23,97.21000000000001,0,0.138,0.0,4.994,49.7,100.0,23,980.0
1999,11,5,5,30,0,0,0,0,0,0,7,23,89.98,0,0.138,0.0,5.001,49.7,100.0,23,980.0
1999,11,5,6,0,35,0,35,32,420,85,3,23,82.77,0,0.138,0.0,5.009,56.1,100.0,23,980.0
1999,11,5,6,30,97,83,118,49,612,201,3,23,75.56,0,0.138,0.0,5.038,56.1,100.0,23,980.0
1999,11,5,7,0,151,197,224,61,717,326,3,24,68.39,0,0.138,0.0,5.067,61.1,100.0,24,980.0
1999,11,5,7,30,159,492,396,70,790,450,7,24,61.25,0,0.138,0.0,5.1000000000000005,61.1,100.0,24,980.0
1999,11,5,8,0,247,344,449,77,838,568,8,24,54.17,0,0.138,0.0,5.134,60.1,97.45,25,980.0
1999,11,5,8,30,316,82,372,82,875,677,7,24,47.19,0,0.138,0.0,5.159,60.1,97.45,25,980.0
1999,11,5,9,0,366,86,432,87,900,773,7,24,40.35,0,0.138,0.0,5.184,45.6,92.06,26,980.0
1999,11,5,9,30,395,68,452,91,919,855,7,24,33.75,0,0.138,0.0,5.202,45.6,92.05,26,980.0
1999,11,5,10,0,461,142,587,95,931,920,7,24,27.560000000000002,0,0.138,0.0,5.22,39.300000000000004,91.10000000000001,26,980.0
1999,11,5,10,30,468,306,752,97,940,968,7,24,22.12,0,0.138,0.0,5.227,39.300000000000004,91.06,26,980.0
1999,11,5,11,0,497,256,740,99,944,996,7,24,18.14,0,0.138,0.0,5.234,37.800000000000004,85.2,27,980.0
1999,11,5,11,30,505,124,623,99,946,1005,3,24,16.69,0,0.138,0.0,5.238,37.800000000000004,85.16,27,980.0
1999,11,5,12,0,498,246,732,99,943,994,3,24,18.39,0,0.138,0.0,5.243,42.0,85.78,27,980.0
1999,11,5,12,30,427,305,709,98,937,964,8,24,22.52,4,0.138,0.0,5.247,42.0,90.92,27,980.0
1999,11,5,13,0,413,379,748,97,927,915,7,24,28.04,0,0.138,0.0,5.251,51.400000000000006,92.74,27,980.0
1999,11,5,13,30,412,103,498,94,912,848,7,24,34.27,0,0.138,0.0,5.253,51.400000000000006,92.7,27,980.0
1999,11,5,14,0,343,364,618,91,891,765,8,24,40.9,0,0.138,0.0,5.255,69.5,93.09,27,980.0
1999,11,5,14,30,315,267,494,86,863,667,8,24,47.75,0,0.138,0.0,5.256,69.5,93.07000000000001,26,980.0
1999,11,5,15,0,262,92,315,81,825,557,7,24,54.74,0,0.138,0.0,5.258,97.30000000000001,93.46000000000001,26,980.0
1999,11,5,15,30,171,14,178,73,771,438,6,24,61.82,0,0.138,0.0,5.26,97.30000000000001,93.46000000000001,26,980.0
1999,11,5,16,0,65,0,65,64,693,313,6,24,68.96000000000001,0,0.138,0.0,5.263,94.0,94.12,26,980.0
1999,11,5,16,30,60,0,60,51,573,189,6,24,76.13,0,0.138,0.0,5.266,94.0,99.87,25,980.0
1999,11,5,17,0,23,0,23,32,367,75,6,25,83.33,4,0.138,0.1,5.271,126.60000000000001,100.0,25,980.0
1999,11,5,17,30,0,0,0,0,0,0,6,24,90.54,0,0.138,0.1,5.283,126.60000000000001,100.0,24,980.0
1999,11,5,18,0,0,0,0,0,0,0,6,24,97.77,0,0.138,0.2,5.296,130.9,100.0,24,980.0
1999,11,5,18,30,0,0,0,0,0,0,6,23,104.98,0,0.138,0.1,5.314,130.9,100.0,24,980.0
1999,11,5,19,0,0,0,0,0,0,0,6,23,112.17,1,0.138,0.1,5.3340000000000005,128.6,100.0,24,980.0
1999,11,5,19,30,0,0,0,0,0,0,6,23,119.34,0,0.138,0.0,5.349,128.6,100.0,23,980.0
1999,11,5,20,0,0,0,0,0,0,0,6,23,126.46000000000001,0,0.138,0.0,5.364,120.60000000000001,100.0,23,980.0
1999,11,5,20,30,0,0,0,0,0,0,6,23,133.51,0,0.138,0.0,5.362,120.60000000000001,100.0,23,980.0
1999,11,5,21,0,0,0,0,0,0,0,6,23,140.44,0,0.138,0.0,5.361,114.2,100.0,23,980.0
1999,11,5,21,30,0,0,0,0,0,0,6,23,147.17000000000002,0,0.138,0.0,5.336,114.2,100.0,23,980.0
1999,11,5,22,0,0,0,0,0,0,0,8,23,153.55,0,0.138,0.0,5.311,106.60000000000001,100.0,23,980.0
1999,11,5,22,30,0,0,0,0,0,0,7,23,159.26,0,0.138,0.0,5.263,106.60000000000001,100.0,23,980.0
1999,11,5,23,0,0,0,0,0,0,0,8,23,163.56,0,0.138,0.1,5.2170000000000005,106.4,100.0,23,980.0
1999,11,5,23,30,0,0,0,0,0,0,8,22,165.16,0,0.138,0.1,5.16,106.4,100.0,23,980.0
1999,11,6,0,0,0,0,0,0,0,0,8,22,163.29,0,0.138,0.2,5.104,120.9,100.0,23,980.0
1999,11,6,0,30,0,0,0,0,0,0,4,22,158.84,0,0.138,0.30000000000000004,5.0520000000000005,120.9,100.0,23,980.0
1999,11,6,1,0,0,0,0,0,0,0,7,22,153.06,0,0.138,0.4,5.0,137.4,100.0,23,980.0
1999,11,6,1,30,0,0,0,0,0,0,7,22,146.64000000000001,0,0.138,0.4,4.963,137.4,100.0,23,980.0
1999,11,6,2,0,0,0,0,0,0,0,7,22,139.89000000000001,0,0.138,0.4,4.9270000000000005,151.4,99.69,23,980.0
1999,11,6,2,30,0,0,0,0,0,0,7,22,132.95,0,0.138,0.30000000000000004,4.9030000000000005,151.4,99.68,23,980.0
1999,11,6,3,0,0,0,0,0,0,0,7,22,125.9,0,0.138,0.30000000000000004,4.88,192.0,98.69,23,980.0
1999,11,6,3,30,0,0,0,0,0,0,7,22,118.78,0,0.138,0.30000000000000004,4.862,192.0,100.0,22,980.0
1999,11,6,4,0,0,0,0,0,0,0,7,22,111.61,0,0.138,0.4,4.845,221.4,100.0,22,980.0
1999,11,6,4,30,0,0,0,0,0,0,7,22,104.42,0,0.138,0.4,4.83,221.4,100.0,22,980.0
1999,11,6,5,0,0,0,0,0,0,0,7,22,97.21000000000001,0,0.138,0.5,4.817,209.70000000000002,100.0,22,980.0
1999,11,6,5,30,0,0,0,0,0,0,7,22,89.99,0,0.138,0.30000000000000004,4.806,209.70000000000002,100.0,22,980.0
1999,11,6,6,0,43,31,47,31,441,86,8,22,82.79,0,0.138,0.2,4.795,196.3,100.0,22,980.0
1999,11,6,6,30,19,0,19,46,630,203,4,22,75.60000000000001,0,0.138,0.1,4.808,196.3,100.0,23,980.0
1999,11,6,7,0,115,0,115,55,743,329,8,23,68.43,0,0.138,0.0,4.821,180.8,100.0,24,980.0
1999,11,6,7,30,213,137,279,63,813,453,8,23,61.31,0,0.138,0.0,4.875,180.8,100.0,24,980.0
1999,11,6,8,0,262,79,309,67,862,571,8,24,54.25,0,0.138,0.1,4.93,124.60000000000001,100.0,25,980.0
1999,11,6,8,30,315,81,370,72,896,680,7,24,47.28,0,0.138,0.0,4.989,124.60000000000001,99.66,25,980.0
1999,11,6,9,0,120,0,120,76,919,776,7,24,40.47,0,0.138,0.0,5.049,72.60000000000001,88.92,26,980.0
1999,11,6,9,30,133,0,133,79,938,858,8,24,33.89,4,0.138,0.0,5.0760000000000005,72.60000000000001,88.91,26,980.0
1999,11,6,10,0,338,23,359,83,949,923,3,22,27.740000000000002,0,0.138,0.0,5.103,58.0,77.07000000000001,27,980.0
1999,11,6,10,30,479,111,581,84,958,970,3,22,22.35,0,0.138,0.0,5.117,58.0,77.03,27,980.0
1999,11,6,11,0,467,68,532,86,961,999,3,22,18.42,0,0.138,0.0,5.131,76.0,73.73,28,980.0
1999,11,6,11,30,508,143,646,87,963,1008,3,22,17.0,0,0.138,0.0,5.151,76.0,73.69,28,980.0
1999,11,6,12,0,503,151,646,88,959,997,3,23,18.66,0,0.138,0.0,5.172,102.2,74.53,29,980.0
1999,11,6,12,30,478,259,717,87,954,967,3,23,22.740000000000002,0,0.138,0.0,5.205,102.2,74.49,29,980.0
1999,11,6,13,0,441,298,704,86,943,917,3,23,28.2,0,0.138,0.0,5.238,116.0,75.83,29,980.0
1999,11,6,13,30,320,534,761,84,929,850,8,23,34.4,0,0.138,0.0,5.277,116.0,75.8,29,980.0
1999,11,6,14,0,342,364,618,81,908,767,7,23,41.0,0,0.138,0.0,5.316,115.10000000000001,78.87,29,980.0
1999,11,6,14,30,319,236,478,77,882,669,8,23,47.83,0,0.138,0.0,5.348,115.10000000000001,78.85000000000001,28,980.0
1999,11,6,15,0,267,130,342,72,846,560,7,24,54.800000000000004,0,0.138,0.0,5.38,122.5,80.44,28,980.0
1999,11,6,15,30,208,136,273,66,795,441,7,24,61.86,0,0.138,0.0,5.405,122.5,85.27,28,980.0
1999,11,6,16,0,148,174,211,57,722,316,8,24,68.99,0,0.138,0.0,5.431,86.2,87.55,28,980.0
1999,11,6,16,30,4,0,4,46,607,192,6,24,76.15,0,0.138,0.0,5.449,86.2,92.87,27,980.0
1999,11,6,17,0,1,0,1,29,407,77,6,25,83.34,4,0.138,0.1,5.4670000000000005,54.5,96.10000000000001,26,980.0
1999,11,6,17,30,0,0,0,0,0,0,6,25,90.54,0,0.138,0.2,5.474,54.5,100.0,25,980.0
1999,11,6,18,0,0,0,0,0,0,0,6,25,97.75,0,0.138,0.30000000000000004,5.481,55.0,100.0,25,980.0
1999,11,6,18,30,0,0,0,0,0,0,6,24,104.95,0,0.138,0.30000000000000004,5.474,55.0,100.0,25,980.0
1999,11,6,19,0,0,0,0,0,0,0,6,24,112.13,1,0.138,0.30000000000000004,5.468,51.300000000000004,100.0,25,980.0
1999,11,6,19,30,0,0,0,0,0,0,6,24,119.29,0,0.138,0.2,5.4510000000000005,51.300000000000004,100.0,24,980.0
1999,11,6,20,0,0,0,0,0,0,0,6,24,126.39,0,0.138,0.2,5.434,49.6,100.0,24,980.0
1999,11,6,20,30,0,0,0,0,0,0,6,23,133.42000000000002,0,0.138,0.1,5.404,49.6,100.0,23,980.0
1999,11,6,21,0,0,0,0,0,0,0,6,23,140.33,0,0.138,0.1,5.3740000000000006,47.5,100.0,23,980.0
1999,11,6,21,30,0,0,0,0,0,0,8,23,147.04,0,0.138,0.0,5.328,47.5,100.0,23,980.0
1999,11,6,22,0,0,0,0,0,0,0,8,23,153.39000000000001,0,0.138,0.0,5.283,43.6,100.0,23,980.0
1999,11,6,22,30,0,0,0,0,0,0,8,23,159.04,0,0.138,0.0,5.232,43.6,100.0,23,980.0
1999,11,6,23,0,0,0,0,0,0,0,8,23,163.28,0,0.138,0.0,5.182,37.9,100.0,23,980.0
1999,11,6,23,30,0,0,0,0,0,0,7,22,164.87,0,0.138,0.0,5.143,37.9,100.0,23,980.0
1999,11,7,0,0,0,0,0,0,0,0,8,22,163.03,0,0.138,0.0,5.104,34.4,100.0,23,980.0
1999,11,7,0,30,0,0,0,0,0,0,7,22,158.64000000000001,0,0.138,0.0,5.08,34.4,100.0,22,980.0
1999,11,7,1,0,0,0,0,0,0,0,7,22,152.92000000000002,0,0.138,0.0,5.057,29.8,100.0,22,980.0
1999,11,7,1,30,0,0,0,0,0,0,3,22,146.53,0,0.138,0.0,5.047,29.8,100.0,22,980.0
1999,11,7,2,0,0,0,0,0,0,0,7,22,139.81,0,0.138,0.0,5.038,16.7,100.0,22,980.0
1999,11,7,2,30,0,0,0,0,0,0,3,22,132.89000000000001,0,0.138,0.0,5.0360000000000005,16.7,100.0,22,980.0
1999,11,7,3,0,0,0,0,0,0,0,1,22,125.85000000000001,0,0.138,0.1,5.035,3.5,100.0,22,980.0
1999,11,7,3,30,0,0,0,0,0,0,3,22,118.75,0,0.138,0.1,5.0360000000000005,3.5,100.0,22,980.0
1999,11,7,4,0,0,0,0,0,0,0,1,22,111.59,0,0.138,0.1,5.037,353.3,100.0,22,980.0
1999,11,7,4,30,0,0,0,0,0,0,1,21,104.41,0,0.138,0.1,5.038,353.3,100.0,22,980.0
1999,11,7,5,0,0,0,0,0,0,0,0,21,97.21000000000001,0,0.138,0.2,5.04,345.6,100.0,22,980.0
1999,11,7,5,30,0,0,0,0,0,0,0,21,90.01,0,0.138,0.1,5.042,345.6,100.0,22,980.0
1999,11,7,6,0,31,426,85,31,426,85,0,22,82.82000000000001,0,0.138,0.1,5.0440000000000005,343.0,100.0,22,980.0
1999,11,7,6,30,48,618,201,48,618,201,0,22,75.64,0,0.138,0.0,5.051,343.0,100.0,23,980.0
1999,11,7,7,0,59,730,326,59,730,326,0,23,68.48,0,0.138,0.0,5.058,342.20000000000005,100.0,24,980.0
1999,11,7,7,30,67,801,451,67,801,451,0,24,61.370000000000005,0,0.138,0.0,5.074,342.20000000000005,100.0,24,980.0
1999,11,7,8,0,72,852,569,72,852,569,0,24,54.33,0,0.138,0.0,5.091,358.90000000000003,96.39,25,980.0
1999,11,7,8,30,77,887,678,77,887,678,0,24,47.38,0,0.138,0.0,5.113,358.90000000000003,90.86,26,980.0
1999,11,7,9,0,79,915,774,79,915,774,0,23,40.59,0,0.138,0.0,5.135,10.8,82.7,27,980.0
1999,11,7,9,30,82,934,856,82,934,856,0,23,34.04,0,0.138,0.0,5.162,10.8,82.67,27,980.0
1999,11,7,10,0,84,947,921,84,947,921,0,23,27.92,0,0.138,0.0,5.189,31.0,76.33,28,980.0
1999,11,7,10,30,85,956,969,85,956,969,0,23,22.580000000000002,0,0.138,0.0,5.221,31.0,76.28,28,980.0
1999,11,7,11,0,86,961,997,86,961,997,0,23,18.7,0,0.138,0.0,5.2540000000000004,42.5,71.95,29,980.0
1999,11,7,11,30,86,963,1006,86,963,1006,0,23,17.29,0,0.138,0.0,5.287,42.5,71.89,29,980.0
1999,11,7,12,0,500,133,626,87,960,995,3,23,18.92,0,0.138,0.0,5.321,48.400000000000006,72.0,29,980.0
1999,11,7,12,30,86,954,965,86,954,965,1,23,22.95,0,0.138,0.0,5.355,48.400000000000006,71.94,29,980.0
1999,11,7,13,0,85,943,916,85,943,916,1,23,28.36,0,0.138,0.0,5.389,52.6,72.18,29,980.0
1999,11,7,13,30,83,929,849,83,929,849,0,23,34.53,0,0.138,0.0,5.415,52.6,72.14,29,980.0
1999,11,7,14,0,372,231,547,80,910,766,8,23,41.09,0,0.138,0.0,5.442,59.0,73.44,29,980.0
1999,11,7,14,30,303,321,519,76,884,669,8,23,47.9,0,0.138,0.0,5.456,59.0,73.42,29,980.0
1999,11,7,15,0,257,274,414,71,848,559,8,24,54.85,0,0.138,0.0,5.471,68.60000000000001,75.34,29,980.0
1999,11,7,15,30,207,190,297,65,798,441,8,24,61.9,0,0.138,0.0,5.464,68.60000000000001,79.82000000000001,28,980.0
1999,11,7,16,0,147,77,175,56,727,317,8,24,69.01,0,0.138,0.0,5.457,76.2,82.78,28,980.0
1999,11,7,16,30,90,191,136,46,613,192,8,24,76.17,0,0.138,0.0,5.439,76.2,87.76,27,980.0
1999,11,7,17,0,39,134,55,29,418,77,8,25,83.34,4,0.138,0.1,5.421,35.6,90.14,27,980.0
1999,11,7,17,30,0,0,0,0,0,0,6,25,90.53,0,0.138,0.1,5.412,35.6,95.63,26,980.0
1999,11,7,18,0,0,0,0,0,0,0,7,24,97.73,0,0.138,0.2,5.4030000000000005,33.5,93.93,26,980.0
1999,11,7,18,30,0,0,0,0,0,0,8,24,104.92,0,0.138,0.2,5.393,33.5,99.69,25,980.0
1999,11,7,19,0,0,0,0,0,0,0,8,24,112.09,1,0.138,0.30000000000000004,5.384,39.800000000000004,98.39,25,980.0
1999,11,7,19,30,0,0,0,0,0,0,7,24,119.23,0,0.138,0.2,5.368,39.800000000000004,100.0,25,980.0
1999,11,7,20,0,0,0,0,0,0,0,7,24,126.32000000000001,0,0.138,0.2,5.352,42.5,100.0,25,980.0
1999,11,7,20,30,0,0,0,0,0,0,7,24,133.34,0,0.138,0.1,5.3340000000000005,42.5,100.0,24,980.0
1999,11,7,21,0,0,0,0,0,0,0,7,24,140.23,0,0.138,0.1,5.317,43.900000000000006,100.0,24,980.0
1999,11,7,21,30,0,0,0,0,0,0,7,23,146.91,0,0.138,0.0,5.3,43.900000000000006,100.0,24,980.0
1999,11,7,22,0,0,0,0,0,0,0,3,23,153.22,0,0.138,0.0,5.283,45.5,100.0,24,980.0
1999,11,7,22,30,0,0,0,0,0,0,3,23,158.82,0,0.138,0.0,5.2700000000000005,45.5,100.0,23,980.0
1999,11,7,23,0,0,0,0,0,0,0,3,23,163.01,0,0.138,0.0,5.258,43.800000000000004,100.0,23,980.0
1999,11,7,23,30,0,0,0,0,0,0,0,23,164.57,0,0.138,0.0,5.25,43.800000000000004,100.0,23,980.0
1999,11,8,0,0,0,0,0,0,0,0,0,23,162.77,0,0.138,0.0,5.243,40.1,100.0,23,980.0
1999,11,8,0,30,0,0,0,0,0,0,0,23,158.45000000000002,0,0.138,0.0,5.237,40.1,100.0,23,980.0
1999,11,8,1,0,0,0,0,0,0,0,1,23,152.77,0,0.138,0.0,5.232,36.2,100.0,23,980.0
1999,11,8,1,30,0,0,0,0,0,0,3,22,146.42000000000002,0,0.138,0.0,5.229,36.2,100.0,23,980.0
1999,11,8,2,0,0,0,0,0,0,0,3,22,139.73,0,0.138,0.1,5.227,30.6,100.0,23,980.0
1999,11,8,2,30,0,0,0,0,0,0,0,22,132.83,0,0.138,0.1,5.224,30.6,100.0,22,980.0
1999,11,8,3,0,0,0,0,0,0,0,0,22,125.81,0,0.138,0.2,5.221,24.6,100.0,22,980.0
1999,11,8,3,30,0,0,0,0,0,0,1,22,118.72,0,0.138,0.1,5.2090000000000005,24.6,100.0,22,980.0
1999,11,8,4,0,0,0,0,0,0,0,0,22,111.58,0,0.138,0.1,5.198,23.200000000000003,100.0,22,980.0
1999,11,8,4,30,0,0,0,0,0,0,0,22,104.41,1,0.138,0.1,5.175,23.200000000000003,100.0,22,980.0
1999,11,8,5,0,0,0,0,0,0,0,1,22,97.22,0,0.138,0.1,5.152,27.200000000000003,100.0,22,980.0
1999,11,8,5,30,0,0,0,0,0,0,0,22,90.03,0,0.138,0.0,5.121,27.200000000000003,100.0,22,980.0
1999,11,8,6,0,34,392,83,34,392,83,0,23,82.85000000000001,0,0.138,0.0,5.091,34.800000000000004,100.0,23,980.0
1999,11,8,6,30,52,589,198,52,589,198,0,23,75.68,0,0.138,0.0,5.066,34.800000000000004,96.55,24,980.0
1999,11,8,7,0,64,707,323,64,707,323,0,23,68.54,0,0.138,0.0,5.042,41.900000000000006,92.33,25,980.0
1999,11,8,7,30,73,782,447,73,782,447,0,23,61.44,0,0.138,0.0,5.034,41.900000000000006,92.35000000000001,26,980.0
1999,11,8,8,0,80,833,565,80,833,565,0,23,54.410000000000004,0,0.138,0.0,5.027,39.5,87.77,27,980.0
1999,11,8,8,30,86,870,674,86,870,674,0,23,47.480000000000004,0,0.138,0.0,5.042,39.5,82.75,27,980.0
1999,11,8,9,0,91,896,770,91,896,770,0,23,40.71,0,0.138,0.0,5.057,40.5,78.10000000000001,28,980.0
1999,11,8,9,30,376,51,418,94,916,852,3,23,34.19,0,0.138,0.0,5.087,40.5,78.09,28,980.0
1999,11,8,10,0,97,930,918,97,930,918,1,23,28.11,0,0.138,0.0,5.118,43.7,73.3,29,980.0
1999,11,8,10,30,99,939,965,99,939,965,0,23,22.81,0,0.138,0.0,5.152,43.7,73.26,29,980.0
1999,11,8,11,0,101,943,993,101,943,993,0,23,18.97,0,0.138,0.0,5.186,46.900000000000006,73.37,29,980.0
1999,11,8,11,30,101,945,1002,101,945,1002,0,23,17.580000000000002,0,0.138,0.0,5.216,46.900000000000006,73.33,29,980.0
1999,11,8,12,0,481,307,771,102,941,991,3,23,19.18,0,0.138,0.0,5.247,48.1,69.82000000000001,30,980.0
1999,11,8,12,30,100,935,961,100,935,961,0,23,23.150000000000002,0,0.138,0.0,5.276,48.1,69.79,30,980.0
1999,11,8,13,0,97,927,912,97,927,912,0,24,28.52,0,0.138,0.0,5.305,47.1,70.76,30,980.0
1999,11,8,13,30,344,33,371,94,912,845,3,24,34.65,0,0.138,0.0,5.327,47.1,74.91,30,980.0
1999,11,8,14,0,89,895,763,89,895,763,1,24,41.19,0,0.138,0.0,5.351,43.2,76.46000000000001,30,980.0
1999,11,8,14,30,298,57,336,85,867,665,3,24,47.97,0,0.138,0.0,5.3660000000000005,43.2,76.45,29,980.0
1999,11,8,15,0,79,830,556,79,830,556,0,24,54.910000000000004,0,0.138,0.0,5.382,46.5,78.8,29,980.0
1999,11,8,15,30,154,499,389,72,778,438,7,24,61.940000000000005,0,0.138,0.0,5.391,46.5,78.8,29,980.0
1999,11,8,16,0,76,659,311,63,701,314,7,25,69.04,0,0.138,0.0,5.401,57.300000000000004,81.16,29,980.0
1999,11,8,16,30,50,582,190,50,582,190,0,25,76.18,0,0.138,0.0,5.4030000000000005,57.300000000000004,86.01,28,980.0
1999,11,8,17,0,31,379,75,31,379,75,7,25,83.34,4,0.138,0.1,5.406,38.900000000000006,93.42,28,980.0
1999,11,8,17,30,0,0,0,0,0,0,7,25,90.52,0,0.138,0.1,5.406,38.900000000000006,99.11,27,980.0
1999,11,8,18,0,0,0,0,0,0,0,7,25,97.71000000000001,0,0.138,0.2,5.407,34.5,97.92,26,980.0
1999,11,8,18,30,0,0,0,0,0,0,7,25,104.89,0,0.138,0.2,5.406,34.5,100.0,26,980.0
1999,11,8,19,0,0,0,0,0,0,0,7,25,112.05,1,0.139,0.2,5.405,40.5,100.0,26,980.0
1999,11,8,19,30,0,0,0,0,0,0,0,25,119.18,0,0.139,0.1,5.413,40.5,100.0,25,980.0
1999,11,8,20,0,0,0,0,0,0,0,0,25,126.25,0,0.139,0.1,5.421,44.300000000000004,100.0,25,980.0
1999,11,8,20,30,0,0,0,0,0,0,0,25,133.25,0,0.139,0.0,5.4430000000000005,44.300000000000004,100.0,25,980.0
1999,11,8,21,0,0,0,0,0,0,0,0,25,140.11,0,0.139,0.0,5.466,49.1,100.0,25,980.0
1999,11,8,21,30,0,0,0,0,0,0,0,24,146.77,0,0.139,0.0,5.502,49.1,100.0,25,980.0
1999,11,8,22,0,0,0,0,0,0,0,0,24,153.04,0,0.139,0.0,5.539,46.400000000000006,100.0,25,980.0
1999,11,8,22,30,0,0,0,0,0,0,0,24,158.61,0,0.139,0.0,5.5760000000000005,46.400000000000006,100.0,24,980.0
1999,11,8,23,0,0,0,0,0,0,0,0,24,162.74,0,0.139,0.0,5.613,36.5,100.0,24,980.0
1999,11,8,23,30,0,0,0,0,0,0,0,24,164.28,0,0.139,0.0,5.6450000000000005,36.5,100.0,24,980.0
1999,11,9,0,0,0,0,0,0,0,0,0,24,162.52,0,0.139,0.0,5.678,30.3,100.0,24,980.0
1999,11,9,0,30,0,0,0,0,0,0,1,24,158.26,0,0.139,0.0,5.699,30.3,100.0,24,980.0
1999,11,9,1,0,0,0,0,0,0,0,3,24,152.63,0,0.139,0.0,5.72,33.6,100.0,24,980.0
1999,11,9,1,30,0,0,0,0,0,0,3,23,146.32,0,0.139,0.0,5.724,33.6,100.0,24,980.0
1999,11,9,2,0,0,0,0,0,0,0,3,23,139.65,0,0.139,0.1,5.728,33.9,100.0,24,980.0
1999,11,9,2,30,0,0,0,0,0,0,3,23,132.77,0,0.139,0.1,5.711,33.9,100.0,23,980.0
1999,11,9,3,0,0,0,0,0,0,0,7,23,125.77,0,0.139,0.1,5.694,33.9,100.0,23,980.0
1999,11,9,3,30,0,0,0,0,0,0,7,23,118.69,0,0.139,0.0,5.678,33.9,100.0,23,980.0
1999,11,9,4,0,0,0,0,0,0,0,7,23,111.57000000000001,0,0.139,0.0,5.662,42.6,100.0,24,980.0
1999,11,9,4,30,0,0,0,0,0,0,3,23,104.41,0,0.139,0.0,5.654,42.6,100.0,24,980.0
1999,11,9,5,0,0,0,0,0,0,0,7,24,97.23,0,0.139,0.0,5.647,41.900000000000006,100.0,24,980.0
1999,11,9,5,30,0,0,0,0,0,0,3,24,90.05,0,0.139,0.0,5.642,41.900000000000006,100.0,24,980.0
1999,11,9,6,0,33,0,33,37,344,79,3,24,82.88,0,0.139,0.0,5.638,41.5,100.0,24,980.0
1999,11,9,6,30,96,88,118,58,544,192,3,24,75.72,0,0.139,0.0,5.6450000000000005,41.5,100.0,24,980.0
1999,11,9,7,0,71,673,317,71,673,317,0,24,68.59,0,0.139,0.0,5.652,41.400000000000006,96.11,25,980.0
1999,11,9,7,30,81,751,440,81,751,440,0,24,61.51,0,0.139,0.0,5.6690000000000005,41.400000000000006,96.12,25,980.0
1999,11,9,8,0,86,813,559,86,813,559,7,24,54.5,4,0.139,0.0,5.687,39.2,90.94,26,980.0
1999,11,9,8,30,277,430,567,92,851,667,8,24,47.59,0,0.139,0.0,5.712,39.2,90.93,26,980.0
1999,11,9,9,0,262,511,650,96,882,763,7,24,40.83,4,0.139,0.0,5.738,40.900000000000006,85.45,27,980.0
1999,11,9,9,30,422,201,588,99,903,845,7,24,34.34,0,0.139,0.0,5.766,40.900000000000006,85.43,27,980.0
1999,11,9,10,0,369,32,397,103,916,910,6,24,28.29,0,0.139,0.0,5.7940000000000005,48.7,80.26,28,980.0
1999,11,9,10,30,204,9,213,105,926,957,6,24,23.04,0,0.139,0.0,5.8,48.7,80.23,28,980.0
1999,11,9,11,0,365,24,388,108,929,985,6,24,19.25,0,0.139,0.0,5.806,57.900000000000006,79.72,28,980.0
1999,11,9,11,30,482,320,787,108,931,995,7,24,17.87,0,0.139,0.0,5.798,57.900000000000006,79.68,28,980.0
1999,11,9,12,0,502,166,659,108,928,984,6,24,19.44,0,0.139,0.0,5.791,68.5,80.19,28,980.0
1999,11,9,12,30,347,22,368,107,922,954,6,24,23.35,0,0.139,0.0,5.788,68.5,80.15,28,980.0
1999,11,9,13,0,357,29,383,107,909,905,6,24,28.68,0,0.139,0.0,5.7860000000000005,80.10000000000001,81.4,28,980.0
1999,11,9,13,30,393,71,451,104,894,839,6,24,34.76,0,0.139,0.0,5.798,80.10000000000001,81.38,28,980.0
1999,11,9,14,0,340,55,382,102,868,755,6,24,41.28,0,0.139,0.0,5.812,91.9,82.99,28,980.0
1999,11,9,14,30,311,83,366,97,839,658,6,24,48.04,0,0.139,0.0,5.8260000000000005,91.9,87.96000000000001,28,980.0
1999,11,9,15,0,267,152,354,92,795,548,6,25,54.96,0,0.139,0.0,5.84,101.0,89.78,28,980.0
1999,11,9,15,30,207,184,293,83,738,430,6,25,61.97,0,0.139,0.0,5.846,101.0,89.78,27,980.0
1999,11,9,16,0,55,0,55,73,654,307,6,25,69.06,0,0.139,0.0,5.853,100.80000000000001,91.41,27,980.0
1999,11,9,16,30,76,0,76,58,529,184,6,25,76.18,0,0.139,0.0,5.851,100.80000000000001,96.96000000000001,26,980.0
1999,11,9,17,0,30,0,30,35,323,72,6,25,83.34,4,0.139,0.1,5.8500000000000005,92.10000000000001,98.71000000000001,26,980.0
1999,11,9,17,30,0,0,0,0,0,0,6,25,90.51,0,0.139,0.1,5.8500000000000005,92.10000000000001,100.0,26,980.0
1999,11,9,18,0,0,0,0,0,0,0,6,25,97.68,0,0.139,0.1,5.851,92.30000000000001,100.0,26,980.0
1999,11,9,18,30,0,0,0,0,0,0,6,25,104.85000000000001,0,0.139,0.1,5.8420000000000005,92.30000000000001,100.0,25,980.0
1999,11,9,19,0,0,0,0,0,0,0,6,25,112.0,1,0.139,0.1,5.8340000000000005,98.2,100.0,25,980.0
1999,11,9,19,30,0,0,0,0,0,0,7,25,119.11,0,0.139,0.0,5.801,98.2,100.0,25,980.0
1999,11,9,20,0,0,0,0,0,0,0,7,25,126.18,0,0.139,0.0,5.769,107.0,100.0,25,980.0
1999,11,9,20,30,0,0,0,0,0,0,7,24,133.16,0,0.139,0.0,5.708,107.0,100.0,25,980.0
1999,11,9,21,0,0,0,0,0,0,0,7,24,140.0,0,0.139,0.0,5.647,108.80000000000001,100.0,25,980.0
1999,11,9,21,30,0,0,0,0,0,0,7,24,146.63,0,0.139,0.0,5.5520000000000005,108.80000000000001,100.0,24,980.0
1999,11,9,22,0,0,0,0,0,0,0,7,24,152.87,0,0.139,0.0,5.457,110.7,100.0,24,980.0
1999,11,9,22,30,0,0,0,0,0,0,7,24,158.39000000000001,0,0.139,0.0,5.354,110.7,100.0,24,980.0
1999,11,9,23,0,0,0,0,0,0,0,7,24,162.47,0,0.139,0.0,5.251,109.30000000000001,100.0,24,980.0
1999,11,9,23,30,0,0,0,0,0,0,7,24,164.0,0,0.139,0.0,5.167,109.30000000000001,100.0,24,980.0
1999,11,10,0,0,0,0,0,0,0,0,7,24,162.28,0,0.139,0.0,5.0840000000000005,108.0,100.0,24,980.0
1999,11,10,0,30,0,0,0,0,0,0,7,23,158.07,0,0.139,0.0,5.035,108.0,100.0,24,980.0
1999,11,10,1,0,0,0,0,0,0,0,7,23,152.49,0,0.139,0.0,4.987,108.10000000000001,100.0,24,980.0
1999,11,10,1,30,0,0,0,0,0,0,7,23,146.22,0,0.139,0.0,4.978,108.10000000000001,100.0,23,980.0
1999,11,10,2,0,0,0,0,0,0,0,7,23,139.57,0,0.139,0.0,4.97,110.5,100.0,23,980.0
1999,11,10,2,30,0,0,0,0,0,0,7,23,132.72,0,0.139,0.0,4.993,110.5,100.0,23,980.0
1999,11,10,3,0,0,0,0,0,0,0,7,23,125.74000000000001,0,0.139,0.0,5.016,112.60000000000001,100.0,23,980.0
1999,11,10,3,30,0,0,0,0,0,0,7,23,118.67,0,0.139,0.0,5.0440000000000005,112.60000000000001,100.0,23,980.0
1999,11,10,4,0,0,0,0,0,0,0,0,23,111.56,0,0.139,0.0,5.073,116.30000000000001,100.0,23,980.0
1999,11,10,4,30,0,0,0,0,0,0,0,23,104.41,0,0.139,0.0,5.0920000000000005,116.30000000000001,100.0,23,980.0
1999,11,10,5,0,0,0,0,0,0,0,0,23,97.25,0,0.139,0.0,5.111,119.10000000000001,100.0,23,980.0
1999,11,10,5,30,0,0,0,0,0,0,3,23,90.08,0,0.139,0.0,5.125,119.10000000000001,100.0,23,980.0
1999,11,10,6,0,34,375,81,34,375,81,0,23,82.92,0,0.139,0.0,5.14,120.4,100.0,23,980.0
1999,11,10,6,30,52,0,52,54,574,195,3,23,75.77,0,0.139,0.0,5.1610000000000005,120.4,100.0,24,980.0
1999,11,10,7,0,102,0,102,67,693,319,3,24,68.65,0,0.139,0.0,5.182,121.2,100.0,25,980.0
1999,11,10,7,30,176,17,184,76,770,442,3,24,61.58,0,0.139,0.0,5.224,121.2,100.0,25,980.0
1999,11,10,8,0,270,143,353,83,823,560,3,24,54.58,0,0.139,0.0,5.267,121.5,96.56,25,980.0
1999,11,10,8,30,325,136,417,89,860,668,3,24,47.69,0,0.139,0.0,5.3260000000000005,121.5,96.55,25,980.0
1999,11,10,9,0,374,226,545,94,888,764,3,24,40.96,0,0.139,0.0,5.386,123.10000000000001,92.25,26,980.0
1999,11,10,9,30,409,279,639,97,908,846,3,24,34.5,0,0.139,0.0,5.464,123.10000000000001,92.23,26,980.0
1999,11,10,10,0,428,339,727,101,920,910,7,24,28.48,0,0.139,0.0,5.543,129.4,92.36,26,980.0
1999,11,10,10,30,456,334,763,103,929,957,8,24,23.27,0,0.139,0.0,5.604,129.4,92.33,26,980.0
1999,11,10,11,0,474,328,783,106,932,985,8,24,19.52,0,0.139,0.0,5.666,137.6,91.85000000000001,27,980.0
1999,11,10,11,30,497,260,745,106,934,994,7,24,18.16,0,0.139,0.0,5.7010000000000005,137.6,91.82000000000001,27,980.0
1999,11,10,12,0,500,210,698,107,931,983,7,24,19.69,0,0.139,0.0,5.736,149.9,92.54,27,980.0
1999,11,10,12,30,319,18,336,106,925,954,6,24,23.55,0,0.139,0.0,5.721,149.9,92.51,26,980.0
1999,11,10,13,0,351,27,375,102,917,906,6,24,28.830000000000002,0,0.139,0.0,5.707,157.9,94.08,26,980.0
1999,11,10,13,30,330,28,354,99,902,840,6,24,34.88,0,0.139,0.0,5.638,157.9,94.06,26,980.0
1999,11,10,14,0,196,6,201,93,886,758,6,25,41.36,0,0.139,0.0,5.571,169.3,95.79,26,980.0
1999,11,10,14,30,198,6,202,89,858,662,6,25,48.1,0,0.139,0.0,5.465,169.3,95.78,26,980.0
1999,11,10,15,0,233,35,253,81,823,554,6,25,55.0,0,0.139,0.0,5.361,177.60000000000002,97.27,26,980.0
1999,11,10,15,30,188,37,206,74,771,436,6,25,62.0,0,0.139,0.0,5.251,177.60000000000002,100.0,26,980.0
1999,11,10,16,0,133,20,141,64,697,313,6,25,69.07000000000001,0,0.139,0.0,5.142,180.8,100.0,26,980.0
1999,11,10,16,30,92,145,127,51,578,189,6,25,76.19,0,0.139,0.1,5.067,180.8,100.0,25,980.0
1999,11,10,17,0,40,90,51,32,378,76,6,25,83.33,4,0.139,0.2,4.993,161.3,100.0,25,980.0
1999,11,10,17,30,0,0,0,0,0,0,6,24,90.49,0,0.139,0.30000000000000004,4.957,161.3,100.0,25,980.0
1999,11,10,18,0,0,0,0,0,0,0,6,24,97.66,0,0.139,0.4,4.921,145.4,100.0,25,980.0
1999,11,10,18,30,0,0,0,0,0,0,6,24,104.81,0,0.139,0.4,4.916,145.4,100.0,24,980.0
1999,11,10,19,0,0,0,0,0,0,0,6,24,111.95,1,0.139,0.5,4.9110000000000005,132.70000000000002,100.0,24,980.0
1999,11,10,19,30,0,0,0,0,0,0,6,24,119.05,0,0.139,0.5,4.9190000000000005,132.70000000000002,100.0,24,980.0
1999,11,10,20,0,0,0,0,0,0,0,6,24,126.10000000000001,0,0.139,0.5,4.9270000000000005,144.3,100.0,24,980.0
1999,11,10,20,30,0,0,0,0,0,0,6,23,133.06,0,0.139,0.5,4.9430000000000005,144.3,100.0,23,980.0
1999,11,10,21,0,0,0,0,0,0,0,7,23,139.88,0,0.139,0.5,4.9590000000000005,167.5,100.0,23,980.0
1999,11,10,21,30,0,0,0,0,0,0,7,23,146.49,0,0.139,0.4,4.964,167.5,100.0,23,980.0
1999,11,10,22,0,0,0,0,0,0,0,7,23,152.69,0,0.139,0.4,4.97,184.0,100.0,23,980.0
1999,11,10,22,30,0,0,0,0,0,0,7,22,158.17000000000002,0,0.139,0.30000000000000004,4.965,184.0,100.0,22,980.0
1999,11,10,23,0,0,0,0,0,0,0,7,22,162.21,0,0.139,0.30000000000000004,4.96,191.70000000000002,100.0,22,980.0
1999,11,10,23,30,0,0,0,0,0,0,7,22,163.71,0,0.139,0.2,4.953,191.70000000000002,100.0,22,980.0
1999,11,11,0,0,0,0,0,0,0,0,7,22,162.03,0,0.139,0.1,4.947,200.10000000000002,100.0,22,980.0
1999,11,11,0,30,0,0,0,0,0,0,7,22,157.88,0,0.139,0.1,4.944,200.10000000000002,100.0,22,980.0
1999,11,11,1,0,0,0,0,0,0,0,7,22,152.36,0,0.139,0.1,4.942,206.10000000000002,100.0,22,980.0
1999,11,11,1,30,0,0,0,0,0,0,7,22,146.12,0,0.139,0.0,4.942,206.10000000000002,100.0,22,980.0
1999,11,11,2,0,0,0,0,0,0,0,7,22,139.5,0,0.139,0.0,4.942,210.70000000000002,100.0,22,980.0
1999,11,11,2,30,0,0,0,0,0,0,7,22,132.67000000000002,0,0.139,0.0,4.932,210.70000000000002,100.0,22,980.0
1999,11,11,3,0,0,0,0,0,0,0,7,22,125.7,0,0.139,0.1,4.922,211.9,100.0,22,980.0
1999,11,11,3,30,0,0,0,0,0,0,7,21,118.66,0,0.139,0.1,4.894,211.9,100.0,22,980.0
1999,11,11,4,0,0,0,0,0,0,0,7,21,111.55,0,0.139,0.1,4.867,210.3,100.0,22,980.0
1999,11,11,4,30,0,0,0,0,0,0,7,21,104.42,0,0.139,0.1,4.833,210.3,100.0,21,980.0
1999,11,11,5,0,0,0,0,0,0,0,7,21,97.27,0,0.139,0.1,4.8,204.9,100.0,21,980.0
1999,11,11,5,30,0,0,0,0,0,0,7,21,90.11,0,0.139,0.0,4.78,204.9,100.0,21,980.0
1999,11,11,6,0,33,0,33,33,393,81,8,22,82.96000000000001,4,0.139,0.0,4.761,199.8,100.0,22,980.0
1999,11,11,6,30,80,0,80,51,592,197,8,22,75.82000000000001,4,0.139,0.0,4.764,199.8,100.0,22,980.0
1999,11,11,7,0,128,7,131,63,711,321,8,23,68.72,4,0.139,0.0,4.767,193.0,100.0,23,980.0
1999,11,11,7,30,174,16,182,72,785,445,3,23,61.660000000000004,0,0.139,0.0,4.791,193.0,100.0,23,980.0
1999,11,11,8,0,267,119,337,76,843,564,3,24,54.68,0,0.139,0.0,4.815,183.10000000000002,100.0,24,980.0
1999,11,11,8,30,81,879,672,81,879,672,1,24,47.800000000000004,0,0.139,0.0,4.853,183.10000000000002,97.08,25,980.0
1999,11,11,9,0,354,71,408,85,907,769,3,23,41.09,0,0.139,0.0,4.892,175.70000000000002,87.31,26,980.0
1999,11,11,9,30,383,82,451,88,926,850,7,23,34.65,4,0.139,0.0,4.928,175.70000000000002,87.28,26,980.0
1999,11,11,10,0,266,16,281,91,940,916,7,22,28.67,4,0.139,0.0,4.965,169.60000000000002,77.88,27,980.0
1999,11,11,10,30,282,15,295,92,949,963,3,22,23.5,0,0.139,0.0,4.999,169.60000000000002,77.84,27,980.0
1999,11,11,11,0,286,19,304,94,954,992,8,22,19.78,4,0.139,0.0,5.034,162.8,73.79,28,980.0
1999,11,11,11,30,288,19,307,94,956,1001,8,22,18.43,4,0.139,0.0,5.07,162.8,73.75,28,980.0
1999,11,11,12,0,422,351,752,93,954,990,8,23,19.93,4,0.139,0.0,5.107,159.10000000000002,70.32000000000001,29,980.0
1999,11,11,12,30,468,284,729,92,948,960,8,23,23.75,0,0.139,0.0,5.144,159.10000000000002,70.28,29,980.0
1999,11,11,13,0,422,68,482,89,940,912,7,23,28.98,0,0.139,0.0,5.181,161.9,71.35000000000001,29,980.0
1999,11,11,13,30,394,73,454,86,926,845,7,23,34.99,0,0.139,0.0,5.22,161.9,71.32000000000001,29,980.0
1999,11,11,14,0,367,105,445,83,905,762,3,23,41.44,0,0.139,0.0,5.259,166.8,73.37,29,980.0
1999,11,11,14,30,318,233,474,79,878,665,8,23,48.160000000000004,0,0.139,0.0,5.293,166.8,77.73,29,980.0
1999,11,11,15,0,266,184,371,75,840,556,7,23,55.04,0,0.139,0.0,5.328,160.10000000000002,78.35000000000001,29,980.0
1999,11,11,15,30,203,84,243,68,788,438,7,23,62.03,0,0.139,0.0,5.362,160.10000000000002,78.35000000000001,28,980.0
1999,11,11,16,0,137,30,148,60,713,314,8,24,69.09,0,0.139,0.0,5.397,146.9,80.3,28,980.0
1999,11,11,16,30,91,54,104,48,597,191,8,24,76.19,0,0.139,0.0,5.429,146.9,85.14,27,980.0
1999,11,11,17,0,39,19,42,31,394,76,8,25,83.32000000000001,4,0.139,0.1,5.461,166.20000000000002,89.26,27,980.0
1999,11,11,17,30,0,0,0,0,0,0,6,25,90.47,0,0.139,0.1,5.494,166.20000000000002,94.7,26,980.0
1999,11,11,18,0,0,0,0,0,0,0,8,25,97.62,0,0.139,0.2,5.5280000000000005,190.10000000000002,95.36,26,980.0
1999,11,11,18,30,0,0,0,0,0,0,8,25,104.77,0,0.139,0.2,5.5680000000000005,190.10000000000002,95.4,26,980.0
1999,11,11,19,0,0,0,0,0,0,0,8,24,111.89,1,0.139,0.2,5.6080000000000005,193.9,93.27,26,980.0
1999,11,11,19,30,0,0,0,0,0,0,8,24,118.98,0,0.139,0.1,5.644,193.9,98.98,25,980.0
1999,11,11,20,0,0,0,0,0,0,0,8,24,126.02,0,0.139,0.1,5.68,190.9,96.81,25,980.0
1999,11,11,20,30,0,0,0,0,0,0,8,24,132.96,0,0.139,0.1,5.708,190.9,96.82000000000001,25,980.0
1999,11,11,21,0,0,0,0,0,0,0,7,24,139.77,0,0.139,0.1,5.736,166.4,96.17,25,980.0
1999,11,11,21,30,0,0,0,0,0,0,7,24,146.34,0,0.139,0.1,5.752,166.4,100.0,24,980.0
1999,11,11,22,0,0,0,0,0,0,0,7,24,152.52,0,0.139,0.1,5.769,111.2,100.0,24,980.0
1999,11,11,22,30,0,0,0,0,0,0,7,24,157.95000000000002,0,0.139,0.1,5.774,111.2,100.0,24,980.0
1999,11,11,23,0,0,0,0,0,0,0,7,24,161.95000000000002,0,0.139,0.1,5.779,102.7,100.0,24,980.0
1999,11,11,23,30,0,0,0,0,0,0,7,23,163.44,0,0.139,0.1,5.773,102.7,100.0,24,980.0
1999,11,12,0,0,0,0,0,0,0,0,3,23,161.8,0,0.139,0.1,5.768,98.80000000000001,100.0,24,980.0
1999,11,12,0,30,0,0,0,0,0,0,3,23,157.70000000000002,0,0.139,0.1,5.758,98.80000000000001,100.0,23,980.0
1999,11,12,1,0,0,0,0,0,0,0,3,23,152.22,0,0.139,0.1,5.7490000000000006,113.30000000000001,100.0,23,980.0
1999,11,12,1,30,0,0,0,0,0,0,3,23,146.02,0,0.139,0.0,5.739,113.30000000000001,100.0,23,980.0
1999,11,12,2,0,0,0,0,0,0,0,7,23,139.44,0,0.139,0.0,5.729,157.4,100.0,23,980.0
1999,11,12,2,30,0,0,0,0,0,0,3,23,132.62,0,0.139,0.0,5.7170000000000005,157.4,100.0,23,980.0
1999,11,12,3,0,0,0,0,0,0,0,3,23,125.67,0,0.139,0.0,5.705,171.9,100.0,23,980.0
1999,11,12,3,30,0,0,0,0,0,0,0,23,118.64,0,0.139,0.0,5.689,171.9,100.0,23,980.0
1999,11,12,4,0,0,0,0,0,0,0,0,22,111.55,0,0.139,0.0,5.674,177.9,99.45,23,980.0
1999,11,12,4,30,0,0,0,0,0,0,0,22,104.43,0,0.139,0.0,5.658,177.9,100.0,23,980.0
1999,11,12,5,0,0,0,0,0,0,0,3,22,97.29,0,0.139,0.0,5.642,185.3,100.0,23,980.0
1999,11,12,5,30,0,0,0,0,0,0,3,22,90.14,0,0.139,0.0,5.631,185.3,100.0,23,980.0
1999,11,12,6,0,19,0,19,30,424,82,3,22,83.0,4,0.139,0.0,5.62,193.70000000000002,98.59,23,980.0
1999,11,12,6,30,47,0,47,46,617,197,3,22,75.88,0,0.139,0.0,5.614,193.70000000000002,98.63,23,980.0
1999,11,12,7,0,148,68,172,56,732,321,8,22,68.78,0,0.139,0.0,5.6080000000000005,193.10000000000002,91.94,24,980.0
1999,11,12,7,30,171,13,177,63,803,444,8,22,61.74,0,0.139,0.0,5.607,193.10000000000002,91.96000000000001,24,980.0
1999,11,12,8,0,212,20,224,69,852,561,7,22,54.77,4,0.139,0.0,5.607,192.4,85.55,25,980.0
1999,11,12,8,30,74,887,669,74,887,669,0,22,47.910000000000004,0,0.139,0.0,5.612,192.4,85.55,25,980.0
1999,11,12,9,0,321,39,351,78,912,765,3,22,41.22,0,0.139,0.0,5.617,190.8,80.45,26,980.0
1999,11,12,9,30,405,92,481,81,931,846,3,22,34.81,0,0.139,0.0,5.621,190.8,80.44,26,980.0
1999,11,12,10,0,404,51,449,85,943,911,3,22,28.86,0,0.139,0.0,5.625,191.70000000000002,76.19,27,980.0
1999,11,12,10,30,453,74,522,87,952,958,3,22,23.73,0,0.139,0.0,5.618,191.70000000000002,76.16,27,980.0
1999,11,12,11,0,498,148,638,88,956,987,3,22,20.05,0,0.139,0.0,5.612,198.20000000000002,76.98,28,980.0
1999,11,12,11,30,488,96,579,89,958,997,3,22,18.71,0,0.139,0.0,5.59,198.20000000000002,76.92,28,980.0
1999,11,12,12,0,496,135,623,89,955,987,3,22,20.17,0,0.139,0.0,5.5680000000000005,195.5,73.32000000000001,28,980.0
1999,11,12,12,30,459,83,535,88,950,957,3,22,23.94,0,0.139,0.0,5.541,195.5,73.28,28,980.0
1999,11,12,13,0,87,940,909,87,940,909,1,22,29.12,0,0.139,0.0,5.515,188.70000000000002,74.27,29,980.0
1999,11,12,13,30,344,34,372,85,926,843,3,22,35.1,0,0.139,0.0,5.503,188.70000000000002,74.22,28,980.0
1999,11,12,14,0,346,64,395,82,907,761,3,23,41.52,0,0.139,0.0,5.4910000000000005,197.20000000000002,77.44,28,980.0
1999,11,12,14,30,323,164,432,78,880,665,3,23,48.22,0,0.139,0.0,5.492,197.20000000000002,82.06,28,980.0
1999,11,12,15,0,73,844,556,73,844,556,0,23,55.08,0,0.139,0.0,5.493,195.5,82.04,28,980.0
1999,11,12,15,30,66,794,438,66,794,438,0,23,62.050000000000004,0,0.139,0.0,5.473,195.5,82.04,27,980.0
1999,11,12,16,0,57,723,315,57,723,315,0,24,69.10000000000001,0,0.139,0.0,5.454,237.5,84.37,27,980.0
1999,11,12,16,30,46,609,192,46,609,192,0,24,76.19,0,0.139,0.0,5.415,237.5,89.48,26,980.0
1999,11,12,17,0,29,417,78,29,417,78,0,24,83.31,0,0.139,0.1,5.377,261.2,92.11,26,980.0
1999,11,12,17,30,0,0,0,0,0,0,0,24,90.44,0,0.139,0.1,5.3420000000000005,261.2,97.75,26,980.0
1999,11,12,18,0,0,0,0,0,0,0,0,24,97.59,0,0.139,0.2,5.308,269.5,98.62,26,980.0
1999,11,12,18,30,0,0,0,0,0,0,0,24,104.72,0,0.139,0.2,5.2860000000000005,269.5,98.66,25,980.0
1999,11,12,19,0,0,0,0,0,0,0,0,23,111.83,1,0.139,0.30000000000000004,5.265,287.1,93.7,25,980.0
1999,11,12,19,30,0,0,0,0,0,0,0,23,118.91,0,0.139,0.30000000000000004,5.249,287.1,93.74,25,980.0
1999,11,12,20,0,0,0,0,0,0,0,0,23,125.93,0,0.139,0.30000000000000004,5.2330000000000005,292.90000000000003,92.82000000000001,25,980.0
1999,11,12,20,30,0,0,0,0,0,0,0,23,132.86,0,0.139,0.30000000000000004,5.213,292.90000000000003,92.84,25,980.0
1999,11,12,21,0,0,0,0,0,0,0,0,23,139.64000000000001,0,0.139,0.30000000000000004,5.194,291.7,92.10000000000001,25,980.0
1999,11,12,21,30,0,0,0,0,0,0,0,23,146.19,0,0.139,0.30000000000000004,5.182,291.7,97.75,24,980.0
1999,11,12,22,0,0,0,0,0,0,0,0,23,152.34,0,0.139,0.30000000000000004,5.17,295.2,97.14,24,980.0
1999,11,12,22,30,0,0,0,0,0,0,0,23,157.73,0,0.139,0.30000000000000004,5.16,295.2,97.12,24,980.0
1999,11,12,23,0,0,0,0,0,0,0,0,23,161.69,0,0.139,0.4,5.151,300.6,96.60000000000001,24,980.0
1999,11,12,23,30,0,0,0,0,0,0,0,23,163.17000000000002,0,0.139,0.4,5.1370000000000005,300.6,96.57000000000001,24,980.0
1999,11,13,0,0,0,0,0,0,0,0,0,23,161.56,0,0.139,0.4,5.124,300.1,96.07000000000001,24,980.0
1999,11,13,0,30,0,0,0,0,0,0,0,23,157.53,0,0.139,0.4,5.112,300.1,100.0,24,980.0
1999,11,13,1,0,0,0,0,0,0,0,0,23,152.1,0,0.139,0.4,5.101,290.5,100.0,24,980.0
1999,11,13,1,30,0,0,0,0,0,0,0,23,145.93,0,0.139,0.30000000000000004,5.095,290.5,100.0,23,980.0
1999,11,13,2,0,0,0,0,0,0,0,0,23,139.37,0,0.139,0.30000000000000004,5.089,261.8,100.0,23,980.0
1999,11,13,2,30,0,0,0,0,0,0,0,23,132.58,0,0.139,0.30000000000000004,5.086,261.8,100.0,23,980.0
1999,11,13,3,0,0,0,0,0,0,0,0,23,125.65,0,0.139,0.4,5.083,221.0,100.0,23,980.0
1999,11,13,3,30,0,0,0,0,0,0,0,23,118.63,0,0.139,0.4,5.083,221.0,100.0,23,980.0
1999,11,13,4,0,0,0,0,0,0,0,0,23,111.55,0,0.139,0.5,5.083,201.9,100.0,23,980.0
1999,11,13,4,30,0,0,0,0,0,0,0,22,104.44,0,0.139,0.5,5.083,201.9,100.0,22,980.0
1999,11,13,5,0,0,0,0,0,0,0,0,22,97.31,0,0.139,0.5,5.083,196.10000000000002,100.0,22,980.0
1999,11,13,5,30,0,0,0,0,0,0,0,22,90.17,0,0.139,0.30000000000000004,5.078,196.10000000000002,100.0,22,980.0
1999,11,13,6,0,30,425,82,30,425,82,0,22,83.05,0,0.139,0.2,5.074,196.10000000000002,100.0,23,980.0
1999,11,13,6,30,47,619,197,47,619,197,0,23,75.93,0,0.139,0.1,5.069,196.10000000000002,100.0,24,980.0
1999,11,13,7,0,56,734,321,56,734,321,0,23,68.85000000000001,0,0.139,0.0,5.065,184.4,91.21000000000001,25,980.0
1999,11,13,7,30,64,806,445,64,806,445,0,23,61.82,0,0.139,0.0,5.067,184.4,85.99,26,980.0
1999,11,13,8,0,70,854,562,70,854,562,0,23,54.870000000000005,0,0.139,0.0,5.07,176.3,81.28,27,980.0
1999,11,13,8,30,75,890,670,75,890,670,0,23,48.03,0,0.139,0.0,5.0760000000000005,176.3,81.27,27,980.0
1999,11,13,9,0,80,913,766,80,913,766,0,23,41.36,0,0.139,0.0,5.082,166.20000000000002,76.66,28,980.0
1999,11,13,9,30,84,932,848,84,932,848,0,23,34.97,0,0.139,0.0,5.096,166.20000000000002,76.64,28,980.0
1999,11,13,10,0,88,943,913,88,943,913,0,23,29.05,0,0.139,0.0,5.111,148.4,72.60000000000001,29,980.0
1999,11,13,10,30,90,952,960,90,952,960,0,23,23.95,0,0.139,0.0,5.138,148.4,72.56,29,980.0
1999,11,13,11,0,92,955,988,92,955,988,0,23,20.31,0,0.139,0.0,5.166,145.0,72.79,30,980.0
1999,11,13,11,30,92,957,998,92,957,998,0,23,18.97,0,0.139,0.0,5.196,145.0,72.75,30,980.0
1999,11,13,12,0,93,954,987,93,954,987,0,23,20.41,0,0.139,0.0,5.227,147.3,69.55,30,980.0
1999,11,13,12,30,92,948,957,92,948,957,0,23,24.12,0,0.139,0.0,5.258,147.3,69.51,30,980.0
1999,11,13,13,0,88,941,909,88,941,909,0,24,29.26,0,0.139,0.0,5.289,150.6,70.84,30,980.0
1999,11,13,13,30,86,926,843,86,926,843,0,24,35.2,0,0.139,0.0,5.314,150.6,70.8,30,980.0
1999,11,13,14,0,80,911,762,80,911,762,0,24,41.6,0,0.139,0.0,5.341,159.10000000000002,71.54,30,980.0
1999,11,13,14,30,76,884,665,76,884,665,0,24,48.27,0,0.139,0.0,5.3740000000000006,159.10000000000002,75.75,30,980.0
1999,11,13,15,0,70,850,557,70,850,557,0,24,55.120000000000005,0,0.139,0.0,5.407,161.9,77.98,30,980.0
1999,11,13,15,30,64,800,439,64,800,439,0,24,62.07,0,0.139,0.0,5.426,161.9,77.98,29,980.0
1999,11,13,16,0,56,728,316,56,728,316,0,25,69.10000000000001,0,0.139,0.0,5.446,163.20000000000002,80.47,29,980.0
1999,11,13,16,30,54,0,54,45,615,192,3,25,76.18,0,0.139,0.0,5.454,163.20000000000002,85.27,28,980.0
1999,11,13,17,0,22,0,22,29,417,78,3,25,83.29,4,0.139,0.1,5.462,174.5,88.36,28,980.0
1999,11,13,17,30,0,0,0,0,0,0,1,25,90.41,0,0.139,0.1,5.47,174.5,93.68,27,980.0
1999,11,13,18,0,0,0,0,0,0,0,3,25,97.55,0,0.139,0.2,5.479,188.5,94.2,27,980.0
1999,11,13,18,30,0,0,0,0,0,0,0,25,104.67,0,0.139,0.2,5.484,188.5,99.93,27,980.0
1999,11,13,19,0,0,0,0,0,0,0,0,25,111.77,1,0.139,0.30000000000000004,5.4910000000000005,175.20000000000002,97.19,27,980.0
1999,11,13,19,30,0,0,0,0,0,0,1,25,118.84,0,0.139,0.30000000000000004,5.5,175.20000000000002,97.23,26,980.0
1999,11,13,20,0,0,0,0,0,0,0,3,25,125.84,0,0.139,0.30000000000000004,5.51,153.1,96.16,26,980.0
1999,11,13,20,30,0,0,0,0,0,0,3,25,132.75,0,0.139,0.30000000000000004,5.516,153.1,96.18,26,980.0
1999,11,13,21,0,0,0,0,0,0,0,0,25,139.52,0,0.139,0.30000000000000004,5.522,136.70000000000002,95.11,26,980.0
1999,11,13,21,30,0,0,0,0,0,0,0,25,146.04,0,0.139,0.30000000000000004,5.515,136.70000000000002,100.0,25,980.0
1999,11,13,22,0,0,0,0,0,0,0,0,25,152.16,0,0.139,0.30000000000000004,5.509,119.2,100.0,25,980.0
1999,11,13,22,30,0,0,0,0,0,0,0,25,157.51,0,0.139,0.30000000000000004,5.495,119.2,100.0,25,980.0
1999,11,13,23,0,0,0,0,0,0,0,0,25,161.43,0,0.139,0.4,5.482,104.2,100.0,25,980.0
1999,11,13,23,30,0,0,0,0,0,0,0,24,162.9,0,0.139,0.4,5.469,104.2,100.0,24,980.0
1999,11,14,0,0,0,0,0,0,0,0,0,24,161.34,0,0.139,0.4,5.457,97.80000000000001,100.0,24,980.0
1999,11,14,0,30,0,0,0,0,0,0,0,24,157.36,0,0.139,0.4,5.442,97.80000000000001,100.0,24,980.0
1999,11,14,1,0,0,0,0,0,0,0,0,24,151.97,0,0.139,0.4,5.428,95.9,100.0,24,980.0
1999,11,14,1,30,0,0,0,0,0,0,0,24,145.84,0,0.139,0.4,5.4,95.9,100.0,24,980.0
1999,11,14,2,0,0,0,0,0,0,0,0,24,139.31,0,0.139,0.4,5.372,94.4,100.0,24,980.0
1999,11,14,2,30,0,0,0,0,0,0,0,24,132.54,0,0.139,0.4,5.335,94.4,100.0,24,980.0
1999,11,14,3,0,0,0,0,0,0,0,0,24,125.63000000000001,0,0.139,0.4,5.299,93.2,100.0,24,980.0
1999,11,14,3,30,0,0,0,0,0,0,0,24,118.62,0,0.139,0.4,5.264,93.2,100.0,24,980.0
1999,11,14,4,0,0,0,0,0,0,0,0,24,111.56,0,0.139,0.4,5.23,102.0,100.0,24,980.0
1999,11,14,4,30,0,0,0,0,0,0,0,24,104.46000000000001,0,0.139,0.30000000000000004,5.205,102.0,100.0,24,980.0
1999,11,14,5,0,0,0,0,0,0,0,0,24,97.34,0,0.139,0.2,5.18,121.2,100.0,24,980.0
1999,11,14,5,30,0,0,0,0,0,0,0,24,90.21000000000001,0,0.139,0.1,5.164,121.2,100.0,24,980.0
1999,11,14,6,0,31,406,80,31,406,80,0,24,83.10000000000001,0,0.139,0.1,5.149,154.0,100.0,24,980.0
1999,11,14,6,30,49,603,195,49,603,195,0,24,76.0,0,0.139,0.1,5.143,154.0,100.0,24,980.0
1999,11,14,7,0,61,716,318,61,716,318,0,25,68.93,0,0.139,0.1,5.138,184.20000000000002,100.0,25,980.0
1999,11,14,7,30,69,790,441,69,790,441,0,25,61.910000000000004,0,0.139,0.1,5.1370000000000005,184.20000000000002,100.0,25,980.0
1999,11,14,8,0,75,842,559,75,842,559,0,26,54.97,0,0.139,0.1,5.136,180.3,100.0,26,980.0
1999,11,14,8,30,80,879,667,80,879,667,0,26,48.14,0,0.139,0.1,5.138,180.3,100.0,26,980.0
1999,11,14,9,0,85,904,763,85,904,763,0,25,41.5,0,0.139,0.1,5.141,163.70000000000002,98.3,26,980.0
1999,11,14,9,30,89,924,845,89,924,845,0,25,35.13,0,0.139,0.0,5.136,163.70000000000002,98.28,26,980.0
1999,11,14,10,0,91,938,910,91,938,910,0,24,29.240000000000002,0,0.139,0.0,5.132,155.8,88.13,27,980.0
1999,11,14,10,30,93,948,958,93,948,958,0,24,24.18,0,0.139,0.0,5.1160000000000005,155.8,88.09,27,980.0
1999,11,14,11,0,93,955,987,93,955,987,0,24,20.57,0,0.139,0.0,5.1000000000000005,168.70000000000002,79.89,28,980.0
1999,11,14,11,30,93,957,997,93,957,997,0,24,19.240000000000002,0,0.139,0.0,5.069,168.70000000000002,79.85000000000001,28,980.0
1999,11,14,12,0,92,956,988,92,956,988,0,24,20.64,0,0.139,0.0,5.039,184.4,79.53,28,980.0
1999,11,14,12,30,91,951,958,91,951,958,0,24,24.3,0,0.139,0.0,5.001,184.4,79.48,28,980.0
1999,11,14,13,0,89,943,911,89,943,911,0,24,29.400000000000002,0,0.139,0.0,4.964,197.4,79.94,29,980.0
1999,11,14,13,30,86,929,845,86,929,845,0,24,35.300000000000004,0,0.139,0.0,4.918,197.4,79.9,28,980.0
1999,11,14,14,0,83,911,763,83,911,763,0,24,41.67,0,0.139,0.0,4.873,204.0,80.17,28,980.0
1999,11,14,14,30,79,884,667,79,884,667,0,24,48.32,0,0.139,0.0,4.835,204.0,80.14,28,980.0
1999,11,14,15,0,73,849,559,73,849,559,0,24,55.15,0,0.139,0.0,4.797,202.60000000000002,81.5,28,980.0
1999,11,14,15,30,67,799,441,67,799,441,0,24,62.09,0,0.139,0.0,4.774,202.60000000000002,86.39,27,980.0
1999,11,14,16,0,58,727,318,58,727,318,0,24,69.11,0,0.139,0.0,4.751,200.4,88.23,27,980.0
1999,11,14,16,30,47,612,194,47,612,194,0,24,76.17,0,0.139,0.0,4.752,200.4,93.60000000000001,27,980.0
1999,11,14,17,0,30,414,79,30,414,79,0,25,83.27,0,0.139,0.1,4.753,205.20000000000002,95.59,27,980.0
1999,11,14,17,30,0,0,0,0,0,0,0,25,90.38,0,0.139,0.2,4.774,205.20000000000002,95.63,26,980.0
1999,11,14,18,0,0,0,0,0,0,0,0,25,97.51,0,0.139,0.30000000000000004,4.795,201.9,95.82000000000001,26,980.0
1999,11,14,18,30,0,0,0,0,0,0,0,25,104.62,0,0.139,0.30000000000000004,4.813,201.9,100.0,25,980.0
1999,11,14,19,0,0,0,0,0,0,0,0,25,111.71000000000001,1,0.139,0.4,4.831,187.10000000000002,100.0,25,980.0
1999,11,14,19,30,0,0,0,0,0,0,0,25,118.76,0,0.139,0.4,4.833,187.10000000000002,100.0,25,980.0
1999,11,14,20,0,0,0,0,0,0,0,3,25,125.75,0,0.139,0.4,4.835,175.9,100.0,25,980.0
1999,11,14,20,30,0,0,0,0,0,0,7,24,132.65,0,0.139,0.4,4.831,175.9,100.0,24,980.0
1999,11,14,21,0,0,0,0,0,0,0,7,24,139.39000000000001,0,0.139,0.4,4.828,170.8,100.0,24,980.0
1999,11,14,21,30,0,0,0,0,0,0,7,24,145.89000000000001,0,0.139,0.30000000000000004,4.839,170.8,100.0,24,980.0
1999,11,14,22,0,0,0,0,0,0,0,7,24,151.98,0,0.139,0.30000000000000004,4.851,167.10000000000002,100.0,24,980.0
1999,11,14,22,30,0,0,0,0,0,0,7,23,157.29,0,0.139,0.2,4.875,167.10000000000002,100.0,24,980.0
1999,11,14,23,0,0,0,0,0,0,0,7,23,161.18,0,0.139,0.2,4.901,167.5,100.0,24,980.0
1999,11,14,23,30,0,0,0,0,0,0,7,23,162.64000000000001,0,0.139,0.2,4.92,167.5,100.0,23,980.0
1999,11,15,0,0,0,0,0,0,0,0,7,23,161.11,0,0.139,0.2,4.94,170.0,100.0,23,980.0
1999,11,15,0,30,0,0,0,0,0,0,6,23,157.19,0,0.139,0.2,4.963,170.0,100.0,23,980.0
1999,11,15,1,0,0,0,0,0,0,0,7,23,151.85,0,0.139,0.2,4.987,176.9,100.0,23,980.0
1999,11,15,1,30,0,0,0,0,0,0,7,23,145.76,0,0.139,0.2,5.017,176.9,100.0,23,980.0
1999,11,15,2,0,0,0,0,0,0,0,6,23,139.25,0,0.139,0.30000000000000004,5.048,190.70000000000002,100.0,23,980.0
1999,11,15,2,30,0,0,0,0,0,0,6,23,132.5,0,0.139,0.30000000000000004,5.077,190.70000000000002,100.0,23,980.0
1999,11,15,3,0,0,0,0,0,0,0,8,23,125.61,0,0.139,0.30000000000000004,5.107,206.3,100.0,23,980.0
1999,11,15,3,30,0,0,0,0,0,0,7,22,118.62,0,0.139,0.30000000000000004,5.124,206.3,100.0,23,980.0
1999,11,15,4,0,0,0,0,0,0,0,7,22,111.57000000000001,0,0.139,0.30000000000000004,5.142,216.60000000000002,100.0,23,980.0
1999,11,15,4,30,0,0,0,0,0,0,7,22,104.48,0,0.139,0.30000000000000004,5.15,216.60000000000002,100.0,22,980.0
1999,11,15,5,0,0,0,0,0,0,0,8,22,97.37,0,0.139,0.30000000000000004,5.158,221.70000000000002,100.0,22,980.0
1999,11,15,5,30,0,0,0,0,0,0,8,22,90.25,0,0.139,0.2,5.16,221.70000000000002,100.0,22,980.0
1999,11,15,6,0,42,141,58,32,391,79,8,23,83.15,0,0.139,0.2,5.162,223.4,100.0,23,980.0
1999,11,15,6,30,59,0,59,50,591,193,8,23,76.06,0,0.139,0.1,5.157,223.4,100.0,23,980.0
1999,11,15,7,0,135,23,144,62,711,316,8,24,69.0,0,0.139,0.0,5.1530000000000005,220.4,100.0,24,980.0
1999,11,15,7,30,70,786,439,70,786,439,1,24,62.0,0,0.139,0.0,5.1530000000000005,220.4,94.4,25,980.0
1999,11,15,8,0,75,843,558,75,843,558,0,24,55.07,0,0.139,0.0,5.1530000000000005,194.20000000000002,88.87,26,980.0
1999,11,15,8,30,80,880,666,80,880,666,0,24,48.26,0,0.139,0.0,5.152,194.20000000000002,88.87,26,980.0
1999,11,15,9,0,83,909,762,83,909,762,0,23,41.63,0,0.139,0.0,5.152,183.3,82.82000000000001,27,980.0
1999,11,15,9,30,86,928,844,86,928,844,0,23,35.29,0,0.139,0.0,5.146,183.3,82.8,27,980.0
1999,11,15,10,0,423,342,722,87,944,909,3,23,29.44,0,0.139,0.0,5.141,183.0,82.09,28,980.0
1999,11,15,10,30,450,341,760,89,953,957,7,23,24.41,0,0.139,0.0,5.128,183.0,82.05,28,980.0
1999,11,15,11,0,407,521,894,88,960,986,7,23,20.82,0,0.139,0.0,5.115,183.4,77.08,28,980.0
1999,11,15,11,30,89,962,996,89,962,996,0,23,19.5,0,0.139,0.0,5.095,183.4,77.03,28,980.0
1999,11,15,12,0,87,962,987,87,962,987,0,23,20.86,0,0.139,0.0,5.0760000000000005,186.8,77.12,29,980.0
1999,11,15,12,30,87,957,958,87,957,958,0,23,24.48,0,0.139,0.0,5.0520000000000005,186.8,77.09,29,980.0
1999,11,15,13,0,85,947,910,85,947,910,0,23,29.53,0,0.139,0.0,5.029,188.20000000000002,72.98,29,980.0
1999,11,15,13,30,370,50,412,83,934,844,3,23,35.4,0,0.139,0.0,5.003,188.20000000000002,77.29,29,980.0
1999,11,15,14,0,328,58,372,80,914,762,7,23,41.74,4,0.139,0.0,4.977,190.4,77.56,29,980.0
1999,11,15,14,30,314,253,483,76,888,666,3,23,48.370000000000005,0,0.139,0.0,4.9430000000000005,190.4,77.54,28,980.0
1999,11,15,15,0,146,666,526,72,850,558,8,23,55.18,0,0.139,0.0,4.909,189.60000000000002,78.89,28,980.0
1999,11,15,15,30,204,93,248,66,800,441,7,23,62.1,0,0.139,0.0,4.866,189.60000000000002,83.63,28,980.0
1999,11,15,16,0,136,26,146,58,727,317,6,24,69.11,0,0.139,0.0,4.824,190.3,85.34,28,980.0
1999,11,15,16,30,88,225,142,47,613,194,7,24,76.16,0,0.139,0.0,4.779,190.3,90.51,27,980.0
1999,11,15,17,0,40,156,58,30,414,79,7,24,83.25,4,0.139,0.1,4.735,188.0,93.10000000000001,27,980.0
1999,11,15,17,30,0,0,0,0,0,0,7,24,90.35000000000001,0,0.139,0.2,4.697,188.0,98.8,26,980.0
1999,11,15,18,0,0,0,0,0,0,0,7,25,97.46000000000001,0,0.139,0.30000000000000004,4.659,185.3,100.0,26,980.0
1999,11,15,18,30,0,0,0,0,0,0,3,25,104.56,0,0.139,0.30000000000000004,4.621,185.3,100.0,25,980.0
1999,11,15,19,0,0,0,0,0,0,0,3,24,111.64,1,0.139,0.4,4.583,179.60000000000002,98.88,25,980.0
1999,11,15,19,30,0,0,0,0,0,0,0,24,118.68,0,0.139,0.4,4.545,179.60000000000002,98.9,25,980.0
1999,11,15,20,0,0,0,0,0,0,0,1,24,125.66,0,0.139,0.5,4.508,174.10000000000002,97.84,25,980.0
1999,11,15,20,30,0,0,0,0,0,0,0,24,132.54,0,0.139,0.5,4.4750000000000005,174.10000000000002,100.0,24,980.0
1999,11,15,21,0,0,0,0,0,0,0,0,24,139.26,0,0.139,0.5,4.442,169.70000000000002,100.0,24,980.0
1999,11,15,21,30,0,0,0,0,0,0,0,24,145.74,0,0.139,0.5,4.4190000000000005,169.70000000000002,100.0,24,980.0
1999,11,15,22,0,0,0,0,0,0,0,0,24,151.79,0,0.139,0.5,4.397,166.3,100.0,24,980.0
1999,11,15,22,30,0,0,0,0,0,0,0,23,157.07,0,0.139,0.5,4.386,166.3,100.0,23,980.0
1999,11,15,23,0,0,0,0,0,0,0,0,23,160.93,0,0.139,0.5,4.375,160.10000000000002,100.0,23,980.0
1999,11,15,23,30,0,0,0,0,0,0,0,23,162.39000000000001,0,0.139,0.5,4.367,160.10000000000002,100.0,23,980.0
1999,11,16,0,0,0,0,0,0,0,0,0,23,160.9,0,0.139,0.5,4.36,148.5,100.0,23,980.0
1999,11,16,0,30,0,0,0,0,0,0,0,23,157.02,0,0.139,0.5,4.353,148.5,100.0,23,980.0
1999,11,16,1,0,0,0,0,0,0,0,0,23,151.73,0,0.139,0.5,4.347,135.70000000000002,100.0,23,980.0
1999,11,16,1,30,0,0,0,0,0,0,0,22,145.68,0,0.139,0.5,4.345,135.70000000000002,100.0,22,980.0
1999,11,16,2,0,0,0,0,0,0,0,0,22,139.20000000000002,0,0.139,0.5,4.343,127.2,100.0,22,980.0
1999,11,16,2,30,0,0,0,0,0,0,0,22,132.47,0,0.139,0.4,4.3420000000000005,127.2,100.0,22,980.0
1999,11,16,3,0,0,0,0,0,0,0,0,22,125.59,0,0.139,0.4,4.341,123.60000000000001,100.0,22,980.0
1999,11,16,3,30,0,0,0,0,0,0,0,21,118.62,0,0.139,0.30000000000000004,4.336,123.60000000000001,100.0,22,980.0
1999,11,16,4,0,0,0,0,0,0,0,0,21,111.58,0,0.139,0.30000000000000004,4.332,125.0,100.0,22,980.0
1999,11,16,4,30,0,0,0,0,0,0,0,21,104.5,0,0.139,0.2,4.324,125.0,100.0,21,980.0
1999,11,16,5,0,0,0,0,0,0,0,0,21,97.41,0,0.139,0.2,4.316,129.6,100.0,21,980.0
1999,11,16,5,30,0,0,0,0,0,0,0,21,90.3,0,0.139,0.1,4.304,129.6,100.0,21,980.0
1999,11,16,6,0,29,439,81,29,439,81,0,22,83.2,0,0.139,0.1,4.293,133.9,100.0,22,980.0
1999,11,16,6,30,45,633,197,45,633,197,0,23,76.13,0,0.139,0.0,4.283,133.9,100.0,23,980.0
1999,11,16,7,0,54,748,321,54,748,321,0,23,69.08,0,0.139,0.0,4.274,140.3,91.60000000000001,25,980.0
1999,11,16,7,30,61,819,445,61,819,445,0,23,62.09,0,0.139,0.0,4.272,140.3,91.63,26,980.0
1999,11,16,8,0,67,867,563,67,867,563,0,23,55.17,0,0.139,0.0,4.2700000000000005,160.4,85.42,27,980.0
1999,11,16,8,30,283,389,542,72,902,672,3,23,48.38,0,0.139,0.0,4.275,160.4,80.55,27,980.0
1999,11,16,9,0,270,541,674,76,927,768,8,23,41.77,0,0.139,0.0,4.281,172.5,75.31,28,980.0
1999,11,16,9,30,79,946,850,79,946,850,0,23,35.46,0,0.139,0.0,4.307,172.5,75.3,28,980.0
1999,11,16,10,0,81,959,915,81,959,915,0,23,29.63,0,0.139,0.0,4.3340000000000005,172.3,70.69,29,980.0
1999,11,16,10,30,82,968,963,82,968,963,0,23,24.63,0,0.139,0.0,4.372,172.3,70.65,29,980.0
1999,11,16,11,0,83,973,992,83,973,992,0,23,21.07,0,0.139,0.0,4.412,167.70000000000002,70.53,30,980.0
1999,11,16,11,30,83,975,1001,83,975,1001,8,23,19.75,4,0.139,0.0,4.447,167.70000000000002,70.48,30,980.0
1999,11,16,12,0,83,973,991,83,973,991,8,23,21.080000000000002,1,0.139,0.0,4.482,170.20000000000002,66.58,30,980.0
1999,11,16,12,30,294,611,850,82,967,962,8,23,24.650000000000002,1,0.139,0.0,4.518,170.20000000000002,66.54,30,980.0
1999,11,16,13,0,358,517,807,82,956,913,8,23,29.650000000000002,0,0.139,0.0,4.555,166.3,66.39,30,980.0
1999,11,16,13,30,407,103,491,79,942,847,4,23,35.49,0,0.139,0.0,4.597,166.3,66.36,30,980.0
1999,11,16,14,0,352,315,587,77,922,765,3,23,41.800000000000004,0,0.139,0.0,4.64,164.60000000000002,66.46000000000001,30,980.0
1999,11,16,14,30,73,896,668,73,896,668,0,23,48.410000000000004,0,0.139,0.0,4.673,164.60000000000002,66.45,30,980.0
1999,11,16,15,0,68,861,560,68,861,560,0,23,55.2,0,0.139,0.0,4.708,157.10000000000002,68.02,30,980.0
1999,11,16,15,30,206,105,255,63,811,442,8,23,62.11,0,0.139,0.0,4.711,157.10000000000002,72.03,29,980.0
1999,11,16,16,0,127,8,130,55,740,319,6,24,69.10000000000001,0,0.139,0.0,4.714,149.1,75.27,29,980.0
1999,11,16,16,30,64,484,180,45,629,195,8,24,76.14,0,0.139,0.0,4.7,149.1,79.77,28,980.0
1999,11,16,17,0,29,435,80,29,435,80,1,24,83.22,0,0.139,0.1,4.686,166.8,87.94,28,980.0
1999,11,16,17,30,0,0,0,0,0,0,3,24,90.31,0,0.139,0.1,4.676,166.8,93.29,27,980.0
1999,11,16,18,0,0,0,0,0,0,0,1,25,97.41,0,0.139,0.2,4.666,165.8,95.46000000000001,26,980.0
1999,11,16,18,30,0,0,0,0,0,0,0,25,104.5,0,0.139,0.30000000000000004,4.6610000000000005,165.8,100.0,25,980.0
1999,11,16,19,0,0,0,0,0,0,0,0,25,111.57000000000001,1,0.138,0.4,4.657,147.6,100.0,25,980.0
1999,11,16,19,30,0,0,0,0,0,0,0,25,118.60000000000001,0,0.138,0.4,4.652,147.6,100.0,25,980.0
1999,11,16,20,0,0,0,0,0,0,0,0,24,125.56,0,0.138,0.4,4.647,131.20000000000002,98.96000000000001,25,980.0
1999,11,16,20,30,0,0,0,0,0,0,0,24,132.42000000000002,0,0.138,0.30000000000000004,4.6370000000000005,131.20000000000002,100.0,24,980.0
1999,11,16,21,0,0,0,0,0,0,0,3,24,139.13,0,0.138,0.2,4.628,121.80000000000001,100.0,24,980.0
1999,11,16,21,30,0,0,0,0,0,0,3,23,145.59,0,0.138,0.1,4.62,121.80000000000001,100.0,24,980.0
1999,11,16,22,0,0,0,0,0,0,0,3,23,151.61,0,0.138,0.1,4.612,118.9,100.0,24,980.0
1999,11,16,22,30,0,0,0,0,0,0,3,23,156.86,0,0.138,0.0,4.606,118.9,100.0,23,980.0
1999,11,16,23,0,0,0,0,0,0,0,3,23,160.68,0,0.138,0.0,4.601,115.60000000000001,100.0,23,980.0
1999,11,16,23,30,0,0,0,0,0,0,0,23,162.14000000000001,0,0.138,0.0,4.59,115.60000000000001,100.0,23,980.0
1999,11,17,0,0,0,0,0,0,0,0,0,23,160.69,0,0.138,0.0,4.58,114.0,100.0,23,980.0
1999,11,17,0,30,0,0,0,0,0,0,0,23,156.87,0,0.138,0.0,4.574,114.0,100.0,23,980.0
1999,11,17,1,0,0,0,0,0,0,0,0,23,151.62,0,0.138,0.1,4.569,112.30000000000001,100.0,23,980.0
1999,11,17,1,30,0,0,0,0,0,0,0,22,145.6,0,0.138,0.1,4.58,112.30000000000001,100.0,23,980.0
1999,11,17,2,0,0,0,0,0,0,0,0,22,139.15,0,0.138,0.2,4.593,111.5,100.0,23,980.0
1999,11,17,2,30,0,0,0,0,0,0,0,22,132.44,0,0.138,0.30000000000000004,4.625,111.5,100.0,23,980.0
1999,11,17,3,0,0,0,0,0,0,0,0,23,125.58,0,0.138,0.5,4.657,115.4,100.0,23,980.0
1999,11,17,3,30,0,0,0,0,0,0,0,23,118.62,0,0.138,0.5,4.689,115.4,100.0,23,980.0
1999,11,17,4,0,0,0,0,0,0,0,0,23,111.59,0,0.138,0.5,4.723,129.4,100.0,23,980.0
1999,11,17,4,30,0,0,0,0,0,0,0,23,104.53,0,0.138,0.4,4.741,129.4,100.0,23,980.0
1999,11,17,5,0,0,0,0,0,0,0,3,23,97.44,0,0.138,0.4,4.759,150.0,100.0,23,980.0
1999,11,17,5,30,0,0,0,0,0,0,3,23,90.35000000000001,0,0.138,0.4,4.766,150.0,100.0,23,980.0
1999,11,17,6,0,32,386,78,32,386,78,1,23,83.26,0,0.138,0.4,4.773,158.4,100.0,23,980.0
1999,11,17,6,30,51,587,191,51,587,191,0,23,76.19,0,0.138,0.2,4.776,158.4,100.0,23,980.0
1999,11,17,7,0,64,703,314,64,703,314,1,24,69.16,0,0.138,0.0,4.781,157.4,100.0,24,980.0
1999,11,17,7,30,73,779,437,73,779,437,0,24,62.18,0,0.138,0.0,4.801,157.4,94.25,25,980.0
1999,11,17,8,0,81,830,554,81,830,554,0,23,55.28,0,0.138,0.0,4.821,140.1,87.61,26,980.0
1999,11,17,8,30,225,549,589,87,868,662,8,23,48.5,0,0.138,0.0,4.861,140.1,87.61,27,980.0
1999,11,17,9,0,95,889,757,95,889,757,0,23,41.92,0,0.138,0.0,4.902,133.70000000000002,81.14,28,980.0
1999,11,17,9,30,315,527,744,99,909,838,7,23,35.62,0,0.138,0.0,4.961,133.70000000000002,76.54,28,980.0
1999,11,17,10,0,385,424,753,109,912,901,3,23,29.82,0,0.138,0.0,5.021,134.3,71.12,29,980.0
1999,11,17,10,30,111,922,948,111,922,948,1,23,24.85,0,0.138,0.0,5.097,134.3,71.10000000000001,29,980.0
1999,11,17,11,0,121,914,973,121,914,973,1,23,21.32,0,0.138,0.0,5.174,150.5,72.57000000000001,29,980.0
1999,11,17,11,30,122,916,983,122,916,983,0,23,19.990000000000002,0,0.138,0.0,5.2410000000000005,150.5,72.54,29,980.0
1999,11,17,12,0,129,902,970,129,902,970,0,23,21.3,0,0.138,0.0,5.308,218.0,71.28,30,980.0
1999,11,17,12,30,128,895,941,128,895,941,0,23,24.82,0,0.138,0.0,5.354,218.0,71.26,29,980.0
1999,11,17,13,0,128,878,891,128,878,891,0,23,29.78,0,0.138,0.0,5.401,223.5,71.82000000000001,29,980.0
1999,11,17,13,30,125,861,826,125,861,826,0,23,35.57,0,0.138,0.0,5.4350000000000005,223.5,71.8,29,980.0
1999,11,17,14,0,117,844,745,117,844,745,0,23,41.86,0,0.138,0.0,5.47,228.0,73.04,29,980.0
1999,11,17,14,30,111,812,650,111,812,650,0,23,48.45,0,0.138,0.0,5.495,228.0,77.38,28,980.0
1999,11,17,15,0,100,778,544,100,778,544,0,23,55.22,0,0.138,0.0,5.521,227.70000000000002,78.31,28,980.0
1999,11,17,15,30,90,720,427,90,720,427,0,23,62.120000000000005,0,0.138,0.0,5.535,227.70000000000002,83.02,27,980.0
1999,11,17,16,0,146,68,170,77,642,306,3,24,69.09,0,0.138,0.0,5.55,237.9,86.52,27,980.0
1999,11,17,16,30,93,129,124,61,517,185,6,24,76.12,0,0.138,0.0,5.555,237.9,91.78,27,980.0
1999,11,17,17,0,42,69,50,37,320,75,9,24,83.19,4,0.138,0.1,5.561,244.8,93.49,27,980.0
1999,11,17,17,30,0,0,0,0,0,0,9,24,90.27,0,0.138,0.1,5.5680000000000005,244.8,93.53,26,980.0
1999,11,17,18,0,0,0,0,0,0,0,6,24,97.36,0,0.138,0.2,5.575,258.5,93.59,26,980.0
1999,11,17,18,30,0,0,0,0,0,0,6,24,104.44,0,0.138,0.2,5.582,258.5,99.34,26,980.0
1999,11,17,19,0,0,0,0,0,0,0,6,24,111.5,1,0.138,0.2,5.59,298.8,97.18,26,980.0
1999,11,17,19,30,0,0,0,0,0,0,7,24,118.51,0,0.138,0.2,5.603,298.8,97.21000000000001,25,980.0
1999,11,17,20,0,0,0,0,0,0,0,6,24,125.46000000000001,0,0.138,0.2,5.617,351.40000000000003,96.67,25,980.0
1999,11,17,20,30,0,0,0,0,0,0,6,24,132.31,0,0.138,0.2,5.625,351.40000000000003,100.0,25,980.0
1999,11,17,21,0,0,0,0,0,0,0,6,24,139.0,0,0.138,0.2,5.633,8.6,100.0,25,980.0
1999,11,17,21,30,0,0,0,0,0,0,6,24,145.43,0,0.138,0.2,5.636,8.6,100.0,24,980.0
1999,11,17,22,0,0,0,0,0,0,0,6,23,151.43,0,0.138,0.2,5.64,6.2,99.97,24,980.0
1999,11,17,22,30,0,0,0,0,0,0,6,23,156.64000000000001,0,0.138,0.2,5.639,6.2,100.0,24,980.0
1999,11,17,23,0,0,0,0,0,0,0,6,23,160.44,0,0.138,0.2,5.639,358.3,100.0,24,980.0
1999,11,17,23,30,0,0,0,0,0,0,6,23,161.89000000000001,0,0.138,0.1,5.628,358.3,100.0,23,980.0
1999,11,18,0,0,0,0,0,0,0,0,6,23,160.48,0,0.138,0.1,5.618,342.6,100.0,23,980.0
1999,11,18,0,30,0,0,0,0,0,0,6,23,156.71,0,0.138,0.1,5.605,342.6,100.0,23,980.0
1999,11,18,1,0,0,0,0,0,0,0,6,23,151.51,0,0.138,0.1,5.593,328.1,100.0,23,980.0
1999,11,18,1,30,0,0,0,0,0,0,6,23,145.53,0,0.138,0.1,5.5760000000000005,328.1,100.0,23,980.0
1999,11,18,2,0,0,0,0,0,0,0,6,23,139.1,0,0.138,0.1,5.559,316.6,100.0,23,980.0
1999,11,18,2,30,0,0,0,0,0,0,6,22,132.41,0,0.138,0.1,5.532,316.6,100.0,23,980.0
1999,11,18,3,0,0,0,0,0,0,0,6,22,125.57000000000001,0,0.138,0.1,5.505,311.20000000000005,100.0,23,980.0
1999,11,18,3,30,0,0,0,0,0,0,6,22,118.62,0,0.138,0.1,5.474,311.20000000000005,100.0,22,980.0
1999,11,18,4,0,0,0,0,0,0,0,7,22,111.61,0,0.138,0.1,5.444,306.2,100.0,22,980.0
1999,11,18,4,30,0,0,0,0,0,0,7,22,104.56,0,0.138,0.0,5.408,306.2,100.0,22,980.0
1999,11,18,5,0,0,0,0,0,0,0,8,22,97.49000000000001,0,0.138,0.0,5.373,299.2,100.0,22,980.0
1999,11,18,5,30,0,0,0,0,0,0,7,22,90.4,0,0.138,0.0,5.331,299.2,100.0,22,980.0
1999,11,18,6,0,21,0,21,32,373,76,7,22,83.32000000000001,0,0.138,0.0,5.29,292.5,100.0,22,980.0
1999,11,18,6,30,53,0,53,52,576,188,7,22,76.27,1,0.138,0.0,5.25,292.5,100.0,22,990.0
1999,11,18,7,0,129,13,134,63,701,312,8,22,69.24,0,0.138,0.0,5.211,287.0,96.18,23,990.0
1999,11,18,7,30,165,10,170,72,778,434,7,22,62.28,0,0.138,0.0,5.1850000000000005,287.0,96.19,23,990.0
1999,11,18,8,0,251,68,290,78,834,552,7,22,55.39,0,0.138,0.0,5.16,289.2,94.16,24,990.0
1999,11,18,8,30,305,76,355,83,872,660,7,22,48.63,0,0.138,0.0,5.152,289.2,94.16,24,990.0
1999,11,18,9,0,334,53,374,86,902,756,8,21,42.06,0,0.138,0.0,5.144,284.3,88.39,24,990.0
1999,11,18,9,30,336,31,361,90,922,838,7,21,35.79,0,0.138,0.0,5.148,284.3,88.37,25,990.0
1999,11,18,10,0,236,11,246,91,938,904,4,22,30.01,0,0.138,0.0,5.152,270.40000000000003,83.8,26,990.0
1999,11,18,10,30,409,43,449,93,948,952,8,22,25.07,0,0.138,0.0,5.163,270.40000000000003,83.77,26,990.0
1999,11,18,11,0,351,22,372,92,955,981,7,22,21.56,0,0.138,0.0,5.174,257.8,78.7,27,980.0
1999,11,18,11,30,439,50,487,93,957,991,7,22,20.240000000000002,0,0.138,0.0,5.194,257.8,78.66,27,980.0
1999,11,18,12,0,410,38,446,92,956,982,7,21,21.51,0,0.138,0.0,5.215,246.3,74.0,27,980.0
1999,11,18,12,30,383,32,413,91,950,953,7,21,24.98,0,0.138,0.0,5.24,246.3,73.96000000000001,27,980.0
1999,11,18,13,0,240,11,250,89,941,905,4,21,29.89,0,0.138,0.0,5.265,233.20000000000002,74.08,28,980.0
1999,11,18,13,30,223,11,232,87,927,840,8,21,35.660000000000004,4,0.138,0.0,5.2940000000000005,233.20000000000002,74.06,27,980.0
1999,11,18,14,0,339,360,607,84,906,758,8,21,41.92,0,0.138,0.0,5.324,224.20000000000002,74.08,27,980.0
1999,11,18,14,30,265,401,531,80,879,663,8,21,48.480000000000004,4,0.138,0.0,5.346,224.20000000000002,74.06,27,980.0
1999,11,18,15,0,243,50,272,74,843,555,8,22,55.24,0,0.138,0.0,5.368,216.60000000000002,75.08,27,980.0
1999,11,18,15,30,207,156,281,68,792,438,7,22,62.120000000000005,0,0.138,0.0,5.386,216.60000000000002,79.62,26,980.0
1999,11,18,16,0,146,206,220,60,718,316,8,22,69.08,0,0.138,0.0,5.405,210.0,82.13,26,980.0
1999,11,18,16,30,74,399,170,48,604,193,8,22,76.10000000000001,0,0.138,0.0,5.417,210.0,87.15,25,980.0
1999,11,18,17,0,36,282,70,31,407,80,8,23,83.15,4,0.138,0.0,5.43,204.9,89.66,25,980.0
1999,11,18,17,30,0,0,0,0,0,0,4,23,90.22,0,0.138,0.0,5.438,204.9,95.19,24,980.0
1999,11,18,18,0,0,0,0,0,0,0,8,23,97.31,0,0.138,0.1,5.446,210.5,96.53,24,980.0
1999,11,18,18,30,0,0,0,0,0,0,7,23,104.37,0,0.138,0.1,5.455,210.5,96.57000000000001,24,980.0
1999,11,18,19,0,0,0,0,0,0,0,7,23,111.42,1,0.138,0.2,5.465,212.3,96.35000000000001,24,980.0
1999,11,18,19,30,0,0,0,0,0,0,7,23,118.42,0,0.138,0.2,5.47,212.3,100.0,23,980.0
1999,11,18,20,0,0,0,0,0,0,0,7,23,125.36,0,0.138,0.2,5.4750000000000005,198.0,100.0,23,980.0
1999,11,18,20,30,0,0,0,0,0,0,7,23,132.19,0,0.138,0.2,5.471,198.0,100.0,23,980.0
1999,11,18,21,0,0,0,0,0,0,0,8,23,138.87,0,0.138,0.2,5.469,181.5,100.0,23,980.0
1999,11,18,21,30,0,0,0,0,0,0,7,23,145.28,0,0.138,0.2,5.4590000000000005,181.5,100.0,23,980.0
1999,11,18,22,0,0,0,0,0,0,0,7,23,151.25,0,0.138,0.2,5.45,170.60000000000002,100.0,23,980.0
1999,11,18,22,30,0,0,0,0,0,0,8,23,156.43,0,0.138,0.2,5.437,170.60000000000002,100.0,23,980.0
1999,11,18,23,0,0,0,0,0,0,0,7,23,160.20000000000002,0,0.138,0.2,5.424,158.9,100.0,23,980.0
1999,11,18,23,30,0,0,0,0,0,0,7,23,161.66,0,0.138,0.2,5.406,158.9,100.0,23,980.0
1999,11,19,0,0,0,0,0,0,0,0,3,23,160.28,0,0.138,0.2,5.388,154.3,100.0,23,980.0
1999,11,19,0,30,0,0,0,0,0,0,1,23,156.56,0,0.138,0.1,5.37,154.3,100.0,23,980.0
1999,11,19,1,0,0,0,0,0,0,0,0,22,151.41,0,0.138,0.0,5.352,188.8,99.15,23,980.0
1999,11,19,1,30,0,0,0,0,0,0,0,22,145.46,0,0.138,0.1,5.343,188.8,100.0,22,980.0
1999,11,19,2,0,0,0,0,0,0,0,0,22,139.06,0,0.138,0.30000000000000004,5.335,310.6,100.0,22,980.0
1999,11,19,2,30,0,0,0,0,0,0,3,22,132.39000000000001,0,0.138,0.30000000000000004,5.335,310.6,100.0,22,980.0
1999,11,19,3,0,0,0,0,0,0,0,7,22,125.56,0,0.138,0.4,5.335,314.8,100.0,22,980.0
1999,11,19,3,30,0,0,0,0,0,0,8,21,118.63,0,0.138,0.4,5.34,314.8,100.0,22,980.0
1999,11,19,4,0,0,0,0,0,0,0,7,21,111.63,0,0.138,0.4,5.345,319.1,100.0,22,980.0
1999,11,19,4,30,0,0,0,0,0,0,1,21,104.59,0,0.138,0.4,5.3500000000000005,319.1,100.0,21,980.0
1999,11,19,5,0,0,0,0,0,0,0,1,21,97.53,0,0.138,0.4,5.355,321.3,100.0,21,980.0
1999,11,19,5,30,0,0,0,0,0,0,7,21,90.45,0,0.138,0.30000000000000004,5.354,321.3,100.0,21,980.0
1999,11,19,6,0,34,301,69,30,403,76,8,21,83.39,4,0.138,0.2,5.353,321.1,100.0,22,980.0
1999,11,19,6,30,69,430,171,47,603,190,8,22,76.34,0,0.138,0.1,5.353,321.1,100.0,22,980.0
1999,11,19,7,0,147,127,192,58,721,313,7,22,69.33,0,0.138,0.0,5.353,309.70000000000005,98.36,23,980.0
1999,11,19,7,30,202,141,267,66,795,435,8,22,62.370000000000005,4,0.138,0.0,5.363,309.70000000000005,92.65,24,980.0
1999,11,19,8,0,225,364,432,71,848,552,8,22,55.5,4,0.138,0.0,5.3740000000000006,286.3,86.48,25,980.0
1999,11,19,8,30,295,335,516,76,884,659,7,22,48.76,0,0.138,0.0,5.394,286.3,86.48,25,980.0
1999,11,19,9,0,310,378,591,80,910,755,8,22,42.2,4,0.138,0.0,5.414,279.40000000000003,80.06,26,980.0
1999,11,19,9,30,83,930,836,83,930,836,0,22,35.95,0,0.138,0.0,5.442,279.40000000000003,75.48,27,980.0
1999,11,19,10,0,87,942,901,87,942,901,0,22,30.2,0,0.138,0.0,5.471,254.60000000000002,71.02,28,980.0
1999,11,19,10,30,88,952,949,88,952,949,0,22,25.29,0,0.138,0.0,5.502,254.60000000000002,70.99,28,980.0
1999,11,19,11,0,91,955,978,91,955,978,0,22,21.8,0,0.138,0.0,5.534,142.6,71.65,29,980.0
1999,11,19,11,30,91,957,988,91,957,988,0,22,20.47,0,0.138,0.0,5.566,142.6,71.61,29,980.0
1999,11,19,12,0,94,950,977,94,950,977,1,22,21.71,0,0.138,0.0,5.599,123.2,68.89,29,980.0
1999,11,19,12,30,93,945,949,93,945,949,0,22,25.13,0,0.138,0.0,5.618,123.2,72.96000000000001,29,980.0
1999,11,19,13,0,425,330,711,93,932,901,3,22,30.01,0,0.138,0.0,5.6370000000000005,138.20000000000002,72.19,29,980.0
1999,11,19,13,30,91,918,836,91,918,836,0,22,35.74,0,0.138,0.0,5.6450000000000005,138.20000000000002,72.17,28,980.0
1999,11,19,14,0,86,900,756,86,900,756,0,22,41.97,0,0.138,0.0,5.6530000000000005,154.60000000000002,72.69,28,980.0
1999,11,19,14,30,82,873,660,82,873,660,0,22,48.51,0,0.138,0.0,5.646,154.60000000000002,77.04,27,980.0
1999,11,19,15,0,75,839,554,75,839,554,0,23,55.25,0,0.138,0.0,5.639,158.9,79.5,27,980.0
1999,11,19,15,30,69,788,438,69,788,438,0,23,62.120000000000005,0,0.138,0.0,5.618,158.9,84.3,27,980.0
1999,11,19,16,0,79,645,310,60,717,316,8,23,69.07000000000001,0,0.138,0.0,5.598,158.4,87.62,27,980.0
1999,11,19,16,30,62,514,185,48,603,193,7,23,76.08,0,0.138,0.0,5.572,158.4,87.63,26,980.0
1999,11,19,17,0,33,365,77,31,408,80,3,24,83.12,4,0.138,0.0,5.547,217.4,91.92,26,980.0
1999,11,19,17,30,0,0,0,0,0,0,3,24,90.18,0,0.138,0.1,5.5280000000000005,217.4,97.54,25,980.0
1999,11,19,18,0,0,0,0,0,0,0,3,23,97.25,0,0.138,0.2,5.51,356.20000000000005,92.27,25,980.0
1999,11,19,18,30,0,0,0,0,0,0,3,23,104.31,0,0.138,0.30000000000000004,5.477,356.20000000000005,97.95,24,980.0
1999,11,19,19,0,0,0,0,0,0,0,3,23,111.34,1,0.138,0.4,5.444,15.3,94.64,24,980.0
1999,11,19,19,30,0,0,0,0,0,0,3,23,118.33,0,0.138,0.4,5.409,15.3,94.66,24,980.0
1999,11,19,20,0,0,0,0,0,0,0,3,23,125.26,0,0.138,0.5,5.375,25.0,95.61,24,980.0
1999,11,19,20,30,0,0,0,0,0,0,1,23,132.07,0,0.138,0.5,5.3420000000000005,25.0,100.0,24,980.0
1999,11,19,21,0,0,0,0,0,0,0,0,23,138.73,0,0.138,0.5,5.3100000000000005,38.6,100.0,24,980.0
1999,11,19,21,30,0,0,0,0,0,0,3,23,145.12,0,0.138,0.4,5.288,38.6,100.0,23,980.0
1999,11,19,22,0,0,0,0,0,0,0,3,23,151.06,0,0.138,0.4,5.267,53.300000000000004,100.0,23,980.0
1999,11,19,22,30,0,0,0,0,0,0,0,22,156.22,0,0.138,0.4,5.258,53.300000000000004,100.0,23,980.0
1999,11,19,23,0,0,0,0,0,0,0,7,22,159.97,0,0.138,0.4,5.249,61.400000000000006,100.0,23,980.0
1999,11,19,23,30,0,0,0,0,0,0,7,22,161.42000000000002,0,0.138,0.30000000000000004,5.247,61.400000000000006,100.0,22,980.0
1999,11,20,0,0,0,0,0,0,0,0,7,22,160.08,0,0.138,0.30000000000000004,5.246,60.2,100.0,22,980.0
1999,11,20,0,30,0,0,0,0,0,0,3,22,156.42000000000002,0,0.138,0.2,5.247,60.2,100.0,22,980.0
1999,11,20,1,0,0,0,0,0,0,0,4,22,151.31,0,0.138,0.2,5.248,53.2,100.0,22,980.0
1999,11,20,1,30,0,0,0,0,0,0,7,22,145.39000000000001,0,0.138,0.2,5.247,53.2,100.0,22,980.0
1999,11,20,2,0,0,0,0,0,0,0,7,22,139.02,0,0.138,0.2,5.247,44.2,100.0,22,980.0
1999,11,20,2,30,0,0,0,0,0,0,7,22,132.37,0,0.138,0.2,5.244,44.2,100.0,22,980.0
1999,11,20,3,0,0,0,0,0,0,0,4,22,125.56,0,0.138,0.2,5.242,33.9,100.0,22,980.0
1999,11,20,3,30,0,0,0,0,0,0,7,21,118.64,0,0.138,0.2,5.228,33.9,100.0,22,980.0
1999,11,20,4,0,0,0,0,0,0,0,7,21,111.66,0,0.138,0.30000000000000004,5.215,24.8,100.0,22,980.0
1999,11,20,4,30,0,0,0,0,0,0,7,21,104.63,0,0.138,0.30000000000000004,5.195,24.8,100.0,22,980.0
1999,11,20,5,0,0,0,0,0,0,0,7,22,97.58,0,0.138,0.4,5.175,14.4,100.0,22,980.0
1999,11,20,5,30,0,0,0,0,0,0,0,22,90.51,0,0.138,0.30000000000000004,5.152,14.4,100.0,22,980.0
1999,11,20,6,0,31,384,75,31,384,75,0,22,83.46000000000001,0,0.138,0.30000000000000004,5.13,2.8000000000000003,100.0,22,980.0
1999,11,20,6,30,49,588,187,49,588,187,0,22,76.42,0,0.138,0.1,5.1080000000000005,2.8000000000000003,100.0,22,980.0
1999,11,20,7,0,61,710,310,61,710,310,0,23,69.42,0,0.138,0.0,5.087,343.70000000000005,100.0,23,980.0
1999,11,20,7,30,69,786,433,69,786,433,0,23,62.47,0,0.138,0.0,5.071,343.70000000000005,94.7,24,980.0
1999,11,20,8,0,75,842,550,75,842,550,0,23,55.61,0,0.138,0.0,5.056,330.0,88.77,25,980.0
1999,11,20,8,30,80,879,658,80,879,658,0,23,48.88,0,0.138,0.0,5.05,330.0,88.76,25,980.0
1999,11,20,9,0,84,907,754,84,907,754,0,23,42.35,0,0.138,0.0,5.045,324.40000000000003,83.67,26,980.0
1999,11,20,9,30,87,927,836,87,927,836,0,23,36.12,0,0.138,0.0,5.054,324.40000000000003,83.65,26,980.0
1999,11,20,10,0,427,317,701,90,941,902,3,23,30.39,0,0.138,0.0,5.063,322.90000000000003,83.95,27,980.0
1999,11,20,10,30,92,950,950,92,950,950,0,23,25.5,0,0.138,0.0,5.078,322.90000000000003,83.92,27,980.0
1999,11,20,11,0,93,955,979,93,955,979,0,23,22.03,0,0.138,0.0,5.094,321.70000000000005,79.12,27,980.0
1999,11,20,11,30,93,957,989,93,957,989,0,23,20.7,0,0.138,0.0,5.105,321.70000000000005,79.09,27,980.0
1999,11,20,12,0,93,955,980,93,955,980,0,22,21.91,0,0.138,0.0,5.117,319.3,78.61,27,980.0
1999,11,20,12,30,92,949,951,92,949,951,0,22,25.29,0,0.138,0.0,5.121,319.3,78.58,27,980.0
1999,11,20,13,0,90,940,904,90,940,904,0,22,30.11,0,0.138,0.0,5.125,324.70000000000005,77.93,28,980.0
1999,11,20,13,30,88,926,839,88,926,839,0,22,35.81,0,0.138,0.0,5.117,324.70000000000005,77.9,27,980.0
1999,11,20,14,0,84,907,759,84,907,759,0,23,42.02,0,0.138,0.0,5.11,334.1,78.86,27,980.0
1999,11,20,14,30,80,881,664,80,881,664,0,23,48.54,0,0.138,0.0,5.091,334.1,78.84,27,980.0
1999,11,20,15,0,75,845,556,75,845,556,0,23,55.26,0,0.138,0.0,5.072,311.40000000000003,78.92,27,980.0
1999,11,20,15,30,68,794,440,68,794,440,0,23,62.11,0,0.138,0.0,5.039,311.40000000000003,83.68,26,980.0
1999,11,20,16,0,60,722,318,60,722,318,0,23,69.05,0,0.138,0.0,5.006,343.8,83.94,26,980.0
1999,11,20,16,30,48,608,195,48,608,195,0,23,76.05,0,0.138,0.0,4.9750000000000005,343.8,83.94,26,980.0
1999,11,20,17,0,31,413,81,31,413,81,0,24,83.08,0,0.138,0.1,4.944,46.1,90.67,26,980.0
1999,11,20,17,30,0,0,0,0,0,0,0,24,90.12,0,0.138,0.2,4.923,46.1,96.22,25,980.0
1999,11,20,18,0,0,0,0,0,0,0,0,23,97.19,0,0.138,0.30000000000000004,4.9030000000000005,48.2,92.75,25,980.0
1999,11,20,18,30,0,0,0,0,0,0,0,23,104.23,0,0.138,0.30000000000000004,4.885,48.2,98.48,24,980.0
1999,11,20,19,0,0,0,0,0,0,0,0,23,111.26,1,0.138,0.30000000000000004,4.869,55.300000000000004,96.5,24,980.0
1999,11,20,19,30,0,0,0,0,0,0,0,23,118.24000000000001,0,0.138,0.30000000000000004,4.854,55.300000000000004,100.0,23,980.0
1999,11,20,20,0,0,0,0,0,0,0,0,23,125.15,0,0.138,0.30000000000000004,4.839,63.400000000000006,100.0,23,980.0
1999,11,20,20,30,0,0,0,0,0,0,0,23,131.95,0,0.138,0.2,4.822,63.400000000000006,100.0,23,980.0
1999,11,20,21,0,0,0,0,0,0,0,0,23,138.59,0,0.138,0.2,4.805,71.10000000000001,100.0,23,980.0
1999,11,20,21,30,0,0,0,0,0,0,0,23,144.96,0,0.138,0.1,4.795,71.10000000000001,100.0,23,980.0
1999,11,20,22,0,0,0,0,0,0,0,3,23,150.88,0,0.138,0.1,4.785,79.60000000000001,100.0,23,980.0
1999,11,20,22,30,0,0,0,0,0,0,3,22,156.01,0,0.138,0.1,4.774,79.60000000000001,100.0,23,980.0
1999,11,20,23,0,0,0,0,0,0,0,0,22,159.74,0,0.138,0.2,4.763,85.2,100.0,23,980.0
1999,11,20,23,30,0,0,0,0,0,0,0,22,161.20000000000002,0,0.138,0.2,4.744,85.2,100.0,22,980.0
1999,11,21,0,0,0,0,0,0,0,0,0,22,159.89000000000001,0,0.138,0.30000000000000004,4.726,82.10000000000001,100.0,22,980.0
1999,11,21,0,30,0,0,0,0,0,0,0,22,156.28,0,0.138,0.30000000000000004,4.705,82.10000000000001,100.0,22,980.0
1999,11,21,1,0,0,0,0,0,0,0,1,22,151.22,0,0.138,0.30000000000000004,4.686,71.5,100.0,22,980.0
1999,11,21,1,30,0,0,0,0,0,0,3,22,145.33,0,0.138,0.30000000000000004,4.665,71.5,100.0,22,980.0
1999,11,21,2,0,0,0,0,0,0,0,1,22,138.98,0,0.138,0.4,4.644,62.800000000000004,100.0,22,980.0
1999,11,21,2,30,0,0,0,0,0,0,3,22,132.36,0,0.138,0.4,4.621,62.800000000000004,100.0,22,980.0
1999,11,21,3,0,0,0,0,0,0,0,0,22,125.56,0,0.138,0.5,4.599,65.3,100.0,22,980.0
1999,11,21,3,30,0,0,0,0,0,0,1,22,118.66,0,0.138,0.5,4.582,65.3,100.0,22,980.0
1999,11,21,4,0,0,0,0,0,0,0,1,22,111.69,0,0.138,0.5,4.565,74.9,100.0,22,980.0
1999,11,21,4,30,0,0,0,0,0,0,1,22,104.67,0,0.138,0.5,4.558,74.9,100.0,22,980.0
1999,11,21,5,0,0,0,0,0,0,0,1,22,97.63,0,0.138,0.5,4.551,84.80000000000001,100.0,22,980.0
1999,11,21,5,30,0,0,0,0,0,0,3,22,90.57000000000001,0,0.138,0.4,4.558,84.80000000000001,100.0,22,980.0
1999,11,21,6,0,30,408,76,30,408,76,0,22,83.53,0,0.138,0.30000000000000004,4.565,76.5,100.0,23,980.0
1999,11,21,6,30,46,610,189,46,610,189,0,22,76.5,0,0.138,0.1,4.588,76.5,99.11,23,980.0
1999,11,21,7,0,57,727,312,57,727,312,0,23,69.51,0,0.138,0.0,4.611,22.6,99.53,24,980.0
1999,11,21,7,30,66,801,435,66,801,435,0,23,62.58,0,0.138,0.0,4.647,22.6,99.56,25,980.0
1999,11,21,8,0,71,852,552,71,852,552,0,23,55.730000000000004,0,0.138,0.0,4.684,15.600000000000001,93.77,26,980.0
1999,11,21,8,30,76,889,660,76,889,660,1,23,49.01,0,0.138,0.0,4.728,15.600000000000001,88.38,26,980.0
1999,11,21,9,0,80,915,755,80,915,755,0,23,42.49,0,0.138,0.0,4.773,353.5,82.57000000000001,27,980.0
1999,11,21,9,30,83,934,837,83,934,837,1,23,36.28,0,0.138,0.0,4.823,353.5,82.56,27,980.0
1999,11,21,10,0,86,948,902,86,948,902,1,23,30.580000000000002,0,0.138,0.0,4.873,349.3,82.88,27,980.0
1999,11,21,10,30,87,957,950,87,957,950,0,23,25.72,0,0.138,0.0,4.923,349.3,82.84,27,980.0
1999,11,21,11,0,430,402,802,89,961,979,3,24,22.26,0,0.138,0.0,4.974,345.90000000000003,79.21000000000001,28,980.0
1999,11,21,11,30,484,283,749,89,963,989,3,24,20.93,0,0.138,0.0,5.019,345.90000000000003,79.17,28,980.0
1999,11,21,12,0,417,433,819,91,958,979,7,24,22.1,0,0.138,0.0,5.064,342.5,80.46000000000001,28,980.0
1999,11,21,12,30,470,249,696,90,953,951,3,24,25.43,0,0.138,0.0,5.096,342.5,80.42,28,980.0
1999,11,21,13,0,406,381,736,90,940,903,3,24,30.22,0,0.138,0.0,5.13,333.8,82.25,28,980.0
1999,11,21,13,30,338,460,711,88,926,839,7,24,35.88,0,0.138,0.0,5.146,333.8,87.16,28,980.0
1999,11,21,14,0,364,255,553,85,905,758,8,25,42.06,0,0.138,0.0,5.163,319.5,90.23,28,980.0
1999,11,21,14,30,319,207,457,81,878,663,8,25,48.56,0,0.138,0.0,5.166,319.5,90.22,27,980.0
1999,11,21,15,0,169,594,507,76,843,556,8,25,55.27,0,0.138,0.0,5.17,300.1,92.15,27,980.0
1999,11,21,15,30,191,316,339,69,792,440,7,25,62.1,0,0.138,0.0,5.167,300.1,97.72,26,980.0
1999,11,21,16,0,89,596,303,61,717,317,8,26,69.03,0,0.138,0.0,5.165,340.6,100.0,26,980.0
1999,11,21,16,30,89,237,146,49,602,195,6,25,76.01,0,0.138,0.1,5.163,340.6,100.0,26,980.0
1999,11,21,17,0,41,163,61,32,403,81,6,24,83.03,4,0.138,0.2,5.1610000000000005,1.3,98.39,26,980.0
1999,11,21,17,30,0,0,0,0,0,0,6,24,90.07000000000001,0,0.138,0.2,5.149,1.3,98.42,25,980.0
1999,11,21,18,0,0,0,0,0,0,0,6,24,97.12,0,0.138,0.30000000000000004,5.138,39.800000000000004,97.48,25,980.0
1999,11,21,18,30,0,0,0,0,0,0,6,24,104.16,0,0.138,0.30000000000000004,5.131,39.800000000000004,97.51,25,980.0
1999,11,21,19,0,0,0,0,0,0,0,6,24,111.17,1,0.138,0.4,5.125,74.8,96.15,25,980.0
1999,11,21,19,30,0,0,0,0,0,0,6,24,118.14,0,0.138,0.4,5.121,74.8,100.0,24,980.0
1999,11,21,20,0,0,0,0,0,0,0,6,24,125.04,0,0.138,0.4,5.117,94.30000000000001,100.0,24,980.0
1999,11,21,20,30,0,0,0,0,0,0,6,23,131.83,0,0.138,0.30000000000000004,5.112,94.30000000000001,100.0,23,980.0
1999,11,21,21,0,0,0,0,0,0,0,6,23,138.45000000000002,0,0.138,0.2,5.107,102.4,100.0,23,980.0
1999,11,21,21,30,0,0,0,0,0,0,6,23,144.8,0,0.138,0.1,5.1000000000000005,102.4,100.0,23,980.0
1999,11,21,22,0,0,0,0,0,0,0,6,23,150.70000000000002,0,0.138,0.1,5.093,108.7,100.0,23,980.0
1999,11,21,22,30,0,0,0,0,0,0,6,23,155.81,0,0.138,0.0,5.075,108.7,100.0,23,980.0
1999,11,21,23,0,0,0,0,0,0,0,6,23,159.51,0,0.138,0.0,5.057,112.2,100.0,23,980.0
1999,11,21,23,30,0,0,0,0,0,0,6,22,160.97,0,0.138,0.0,5.0280000000000005,112.2,100.0,23,980.0
1999,11,22,0,0,0,0,0,0,0,0,6,22,159.71,0,0.138,0.1,4.999,119.5,100.0,23,980.0
1999,11,22,0,30,0,0,0,0,0,0,6,22,156.15,0,0.138,0.1,4.965,119.5,100.0,22,980.0
1999,11,22,1,0,0,0,0,0,0,0,6,22,151.13,0,0.138,0.1,4.932,127.60000000000001,100.0,22,980.0
1999,11,22,1,30,0,0,0,0,0,0,6,22,145.27,1,0.138,0.1,4.8950000000000005,127.60000000000001,100.0,22,980.0
1999,11,22,2,0,0,0,0,0,0,0,6,22,138.95000000000002,1,0.138,0.1,4.859,128.9,100.0,22,980.0
1999,11,22,2,30,0,0,0,0,0,0,6,22,132.35,1,0.138,0.1,4.829,128.9,100.0,22,980.0
1999,11,22,3,0,0,0,0,0,0,0,6,22,125.57000000000001,1,0.138,0.1,4.799,124.0,100.0,22,980.0
1999,11,22,3,30,0,0,0,0,0,0,6,22,118.68,0,0.138,0.1,4.777,124.0,100.0,22,980.0
1999,11,22,4,0,0,0,0,0,0,0,6,22,111.72,1,0.138,0.1,4.755,113.0,100.0,22,980.0
1999,11,22,4,30,0,0,0,0,0,0,6,22,104.71000000000001,0,0.138,0.0,4.741,113.0,100.0,22,980.0
1999,11,22,5,0,0,0,0,0,0,0,6,22,97.68,0,0.138,0.0,4.727,101.9,100.0,22,980.0
1999,11,22,5,30,0,0,0,0,0,0,6,22,90.63,0,0.138,0.0,4.716,101.9,100.0,22,980.0
1999,11,22,6,0,2,0,2,30,396,74,6,22,83.60000000000001,0,0.138,0.0,4.705,95.9,100.0,22,980.0
1999,11,22,6,30,4,0,4,47,601,187,6,22,76.58,0,0.138,0.0,4.7010000000000005,95.9,100.0,22,980.0
1999,11,22,7,0,27,0,27,58,720,310,6,22,69.60000000000001,0,0.138,0.0,4.697,92.60000000000001,100.0,23,980.0
1999,11,22,7,30,56,0,56,67,795,432,6,22,62.68,0,0.138,0.0,4.7010000000000005,92.60000000000001,100.0,23,980.0
1999,11,22,8,0,50,0,50,74,846,549,6,23,55.85,0,0.138,0.0,4.705,89.5,100.0,23,980.0
1999,11,22,8,30,70,0,70,79,883,657,6,23,49.14,0,0.138,0.0,4.718,89.5,100.0,23,980.0
1999,11,22,9,0,157,0,157,85,907,753,6,24,42.64,0,0.138,0.0,4.732,92.10000000000001,100.0,24,980.0
1999,11,22,9,30,193,6,199,88,927,834,6,24,36.45,0,0.138,0.0,4.755,92.10000000000001,100.0,24,980.0
1999,11,22,10,0,198,8,205,94,937,899,6,24,30.77,0,0.138,0.0,4.7780000000000005,96.10000000000001,100.0,25,980.0
1999,11,22,10,30,237,11,248,96,947,948,6,24,25.93,0,0.138,0.0,4.805,96.10000000000001,100.0,25,980.0
1999,11,22,11,0,306,17,322,100,948,976,6,23,22.490000000000002,0,0.138,0.0,4.832,96.7,93.51,25,980.0
1999,11,22,11,30,287,15,302,100,950,987,6,23,21.14,0,0.138,0.0,4.853,96.7,93.47,25,980.0
1999,11,22,12,0,391,32,421,102,945,977,6,23,22.28,0,0.138,0.0,4.874,93.5,90.18,26,980.0
1999,11,22,12,30,354,25,377,101,939,949,6,23,25.57,0,0.138,0.0,4.882,93.5,90.14,26,980.0
1999,11,22,13,0,333,29,359,100,928,902,6,23,30.32,1,0.138,0.0,4.891,89.30000000000001,83.71000000000001,26,980.0
1999,11,22,13,30,310,27,333,97,914,837,6,23,35.94,1,0.138,0.0,4.893,89.30000000000001,83.68,26,980.0
1999,11,22,14,0,282,25,301,93,895,757,6,23,42.1,1,0.138,0.0,4.8950000000000005,86.5,83.99,26,980.0
1999,11,22,14,30,303,90,363,88,867,662,8,23,48.58,1,0.138,0.0,4.89,86.5,89.09,26,980.0
1999,11,22,15,0,254,88,304,81,831,555,8,23,55.27,1,0.138,0.0,4.886,86.7,90.48,26,980.0
1999,11,22,15,30,203,80,241,74,779,439,8,23,62.09,0,0.138,0.0,4.875,86.7,90.48,25,980.0
1999,11,22,16,0,147,75,174,65,705,317,8,23,69.0,1,0.138,0.0,4.864,85.0,93.11,25,980.0
1999,11,22,16,30,91,204,141,52,589,195,8,23,75.98,0,0.138,0.0,4.8420000000000005,85.0,98.85000000000001,25,980.0
1999,11,22,17,0,42,137,59,33,397,82,7,24,82.99,4,0.138,0.1,4.821,73.60000000000001,100.0,25,980.0
1999,11,22,17,30,0,0,0,0,0,0,7,24,90.01,0,0.138,0.2,4.795,73.60000000000001,100.0,24,980.0
1999,11,22,18,0,0,0,0,0,0,0,7,23,97.06,0,0.138,0.30000000000000004,4.769,82.9,97.67,24,980.0
1999,11,22,18,30,0,0,0,0,0,0,7,23,104.08,0,0.138,0.30000000000000004,4.741,82.9,97.7,24,980.0
1999,11,22,19,0,0,0,0,0,0,0,7,23,111.09,1,0.138,0.30000000000000004,4.714,111.2,95.59,24,980.0
1999,11,22,19,30,0,0,0,0,0,0,7,23,118.04,0,0.138,0.30000000000000004,4.684,111.2,100.0,23,980.0
1999,11,22,20,0,0,0,0,0,0,0,8,23,124.93,0,0.138,0.4,4.655,164.8,100.0,23,980.0
1999,11,22,20,30,0,0,0,0,0,0,8,23,131.71,0,0.138,0.4,4.6290000000000004,164.8,100.0,23,980.0
1999,11,22,21,0,0,0,0,0,0,0,8,23,138.31,0,0.138,0.5,4.603,192.3,100.0,23,980.0
1999,11,22,21,30,0,0,0,0,0,0,7,22,144.65,0,0.138,0.5,4.583,192.3,100.0,22,980.0
1999,11,22,22,0,0,0,0,0,0,0,7,22,150.52,0,0.138,0.6000000000000001,4.563,199.70000000000002,100.0,22,980.0
1999,11,22,22,30,0,0,0,0,0,0,8,22,155.6,0,0.138,0.6000000000000001,4.556,199.70000000000002,100.0,22,980.0
1999,11,22,23,0,0,0,0,0,0,0,7,22,159.29,0,0.138,0.6000000000000001,4.549,200.60000000000002,100.0,22,980.0
1999,11,22,23,30,0,0,0,0,0,0,8,21,160.76,0,0.138,0.6000000000000001,4.556,200.60000000000002,100.0,22,980.0
1999,11,23,0,0,0,0,0,0,0,0,8,21,159.53,0,0.138,0.6000000000000001,4.563,200.10000000000002,100.0,22,980.0
1999,11,23,0,30,0,0,0,0,0,0,8,21,156.02,0,0.138,0.5,4.577,200.10000000000002,100.0,22,980.0
1999,11,23,1,0,0,0,0,0,0,0,4,22,151.04,0,0.138,0.5,4.5920000000000005,200.20000000000002,100.0,22,980.0
1999,11,23,1,30,0,0,0,0,0,0,4,22,145.22,0,0.138,0.4,4.604,200.20000000000002,100.0,22,980.0
1999,11,23,2,0,0,0,0,0,0,0,4,22,138.93,0,0.138,0.30000000000000004,4.617,209.5,100.0,22,980.0
1999,11,23,2,30,0,0,0,0,0,0,4,22,132.34,0,0.138,0.2,4.622,209.5,100.0,22,980.0
1999,11,23,3,0,0,0,0,0,0,0,4,22,125.58,0,0.138,0.1,4.6290000000000004,244.5,100.0,22,980.0
1999,11,23,3,30,0,0,0,0,0,0,4,22,118.7,0,0.138,0.1,4.633,244.5,100.0,22,980.0
1999,11,23,4,0,0,0,0,0,0,0,7,22,111.75,0,0.138,0.2,4.638,356.20000000000005,100.0,22,980.0
1999,11,23,4,30,0,0,0,0,0,0,7,22,104.76,0,0.138,0.2,4.646,356.20000000000005,100.0,22,980.0
1999,11,23,5,0,0,0,0,0,0,0,8,22,97.73,0,0.138,0.30000000000000004,4.654,7.5,100.0,22,980.0
1999,11,23,5,30,0,0,0,0,0,0,8,22,90.7,0,0.138,0.30000000000000004,4.6690000000000005,7.5,100.0,22,980.0
1999,11,23,6,0,8,0,8,29,397,73,4,22,83.67,0,0.138,0.4,4.6850000000000005,21.200000000000003,100.0,22,980.0
1999,11,23,6,30,13,0,13,47,602,186,4,22,76.67,0,0.138,0.2,4.708,21.200000000000003,100.0,22,980.0
1999,11,23,7,0,36,0,36,59,717,308,4,22,69.7,0,0.138,0.1,4.732,40.1,100.0,23,980.0
1999,11,23,7,30,124,0,124,67,793,430,4,23,62.79,0,0.138,0.0,4.7620000000000005,40.1,100.0,23,980.0
1999,11,23,8,0,198,12,205,74,845,547,4,23,55.96,0,0.138,0.0,4.792,97.4,97.2,24,990.0
1999,11,23,8,30,120,0,120,79,882,655,4,23,49.28,0,0.138,0.0,4.821,97.4,97.21000000000001,24,990.0
1999,11,23,9,0,194,5,198,83,909,751,4,22,42.79,0,0.138,0.0,4.8500000000000005,98.10000000000001,87.58,25,990.0
1999,11,23,9,30,322,27,344,86,929,832,4,22,36.62,0,0.138,0.0,4.882,98.10000000000001,87.57000000000001,25,990.0
1999,11,23,10,0,234,10,243,88,944,898,4,22,30.95,0,0.138,0.0,4.915,118.10000000000001,80.04,26,990.0
1999,11,23,10,30,416,50,461,90,953,946,3,22,26.13,0,0.138,0.0,4.945,118.10000000000001,80.01,26,980.0
1999,11,23,11,0,484,121,596,91,959,976,3,22,22.71,0,0.138,0.0,4.9750000000000005,125.60000000000001,79.01,27,980.0
1999,11,23,11,30,494,142,627,91,961,987,3,22,21.36,0,0.138,0.0,4.999,125.60000000000001,78.96000000000001,27,980.0
1999,11,23,12,0,492,175,654,90,960,978,3,22,22.46,0,0.138,0.0,5.023,131.4,74.39,27,980.0
1999,11,23,12,30,443,355,763,89,955,950,3,22,25.7,0,0.138,0.0,5.038,131.4,74.35000000000001,27,980.0
1999,11,23,13,0,396,399,741,88,945,903,3,22,30.41,0,0.138,0.0,5.053,135.70000000000002,74.4,27,980.0
1999,11,23,13,30,380,361,672,86,931,839,3,22,36.0,0,0.138,0.0,5.054,135.70000000000002,78.86,27,980.0
1999,11,23,14,0,83,911,759,83,911,759,0,22,42.14,0,0.138,0.0,5.055,136.5,79.5,27,980.0
1999,11,23,14,30,79,884,664,79,884,664,0,22,48.59,0,0.138,0.0,5.042,136.5,79.48,26,980.0
1999,11,23,15,0,74,848,557,74,848,557,0,22,55.26,0,0.138,0.0,5.031,132.5,81.68,26,980.0
1999,11,23,15,30,68,798,442,68,798,442,0,22,62.07,0,0.138,0.0,5.001,132.5,86.65,25,980.0
1999,11,23,16,0,59,726,320,59,726,320,0,23,68.97,0,0.138,0.0,4.972,136.5,89.3,25,980.0
1999,11,23,16,30,48,614,198,48,614,198,0,23,75.94,0,0.138,0.0,4.94,136.5,94.79,24,980.0
1999,11,23,17,0,32,422,84,32,422,84,0,23,82.94,0,0.138,0.1,4.909,134.0,97.98,24,980.0
1999,11,23,17,30,0,0,0,0,0,0,3,23,89.95,0,0.138,0.2,4.888,134.0,100.0,24,980.0
1999,11,23,18,0,0,0,0,0,0,0,0,23,96.99000000000001,0,0.138,0.30000000000000004,4.869,127.9,100.0,24,980.0
1999,11,23,18,30,0,0,0,0,0,0,0,23,104.0,0,0.138,0.30000000000000004,4.862,127.9,100.0,23,980.0
1999,11,23,19,0,0,0,0,0,0,0,0,23,111.0,1,0.138,0.30000000000000004,4.855,126.2,100.0,23,980.0
1999,11,23,19,30,0,0,0,0,0,0,0,22,117.94,0,0.138,0.2,4.8500000000000005,126.2,100.0,22,980.0
1999,11,23,20,0,0,0,0,0,0,0,0,22,124.82000000000001,0,0.138,0.2,4.845,128.9,100.0,22,980.0
1999,11,23,20,30,0,0,0,0,0,0,0,22,131.58,0,0.138,0.1,4.833,128.9,100.0,22,980.0
1999,11,23,21,0,0,0,0,0,0,0,0,22,138.17000000000002,0,0.138,0.1,4.821,133.70000000000002,100.0,22,980.0
1999,11,23,21,30,0,0,0,0,0,0,0,21,144.49,0,0.138,0.1,4.811,133.70000000000002,100.0,22,980.0
1999,11,23,22,0,0,0,0,0,0,0,0,21,150.34,0,0.138,0.1,4.803,138.9,100.0,22,980.0
1999,11,23,22,30,0,0,0,0,0,0,0,21,155.4,0,0.138,0.1,4.793,138.9,100.0,21,980.0
1999,11,23,23,0,0,0,0,0,0,0,0,21,159.07,0,0.138,0.1,4.783,144.4,100.0,21,980.0
1999,11,23,23,30,0,0,0,0,0,0,0,21,160.55,0,0.138,0.1,4.768,144.4,100.0,21,980.0
1999,11,24,0,0,0,0,0,0,0,0,0,21,159.36,0,0.138,0.1,4.753,147.4,100.0,21,980.0
1999,11,24,0,30,0,0,0,0,0,0,0,21,155.89000000000001,0,0.138,0.1,4.741,147.4,100.0,21,980.0
1999,11,24,1,0,0,0,0,0,0,0,3,21,150.96,0,0.138,0.2,4.729,147.6,100.0,21,980.0
1999,11,24,1,30,0,0,0,0,0,0,3,21,145.17000000000002,0,0.138,0.2,4.723,147.6,100.0,21,980.0
1999,11,24,2,0,0,0,0,0,0,0,4,21,138.9,0,0.138,0.30000000000000004,4.718,147.8,100.0,21,980.0
1999,11,24,2,30,0,0,0,0,0,0,4,21,132.34,0,0.138,0.30000000000000004,4.718,147.8,100.0,21,980.0
1999,11,24,3,0,0,0,0,0,0,0,4,21,125.59,0,0.138,0.4,4.719,148.20000000000002,100.0,21,980.0
1999,11,24,3,30,0,0,0,0,0,0,0,21,118.73,0,0.138,0.4,4.726,148.20000000000002,100.0,21,980.0
1999,11,24,4,0,0,0,0,0,0,0,0,21,111.79,0,0.138,0.5,4.7330000000000005,145.9,100.0,21,980.0
1999,11,24,4,30,0,0,0,0,0,0,0,21,104.81,0,0.138,0.4,4.743,145.9,100.0,21,980.0
1999,11,24,5,0,0,0,0,0,0,0,4,21,97.79,0,0.138,0.4,4.7540000000000004,137.5,100.0,22,980.0
1999,11,24,5,30,0,0,0,0,0,0,7,21,90.77,0,0.138,0.30000000000000004,4.768,137.5,100.0,22,980.0
1999,11,24,6,0,19,0,19,30,381,71,7,21,83.75,4,0.138,0.2,4.782,117.80000000000001,99.58,22,980.0
1999,11,24,6,30,49,0,49,48,589,183,8,21,76.75,3,0.138,0.1,4.798,117.80000000000001,99.62,22,980.0
1999,11,24,7,0,82,0,82,60,712,306,4,22,69.79,0,0.138,0.1,4.816,89.5,100.0,23,980.0
1999,11,24,7,30,187,47,209,68,788,428,8,23,62.89,0,0.138,0.0,4.83,89.5,100.0,24,980.0
1999,11,24,8,0,258,131,332,74,843,545,8,21,56.08,0,0.138,0.0,4.845,66.4,87.86,25,980.0
1999,11,24,8,30,276,390,531,79,880,652,3,21,49.410000000000004,0,0.138,0.0,4.863,66.4,82.78,25,980.0
1999,11,24,9,0,83,908,749,83,908,749,0,21,42.94,0,0.138,0.0,4.882,53.1,77.60000000000001,26,980.0
1999,11,24,9,30,375,359,663,87,928,830,8,21,36.78,0,0.138,0.0,4.91,53.1,77.58,26,980.0
1999,11,24,10,0,89,942,896,89,942,896,0,21,31.14,0,0.138,0.0,4.938,52.7,73.22,27,980.0
1999,11,24,10,30,461,105,556,91,952,944,4,21,26.34,0,0.138,0.0,4.971,52.7,73.18,27,980.0
1999,11,24,11,0,93,956,974,93,956,974,0,21,22.92,0,0.138,0.0,5.005,59.7,73.75,28,980.0
1999,11,24,11,30,94,958,984,94,958,984,0,21,21.56,0,0.138,0.0,5.039,59.7,73.71000000000001,28,980.0
1999,11,24,12,0,471,305,753,95,954,975,8,22,22.63,0,0.138,0.0,5.073,82.0,70.34,28,980.0
1999,11,24,12,30,471,128,586,94,948,947,4,22,25.830000000000002,0,0.138,0.0,5.104,82.0,70.3,28,980.0
1999,11,24,13,0,406,381,734,93,937,901,8,22,30.5,0,0.138,0.0,5.135,134.70000000000002,71.09,28,980.0
1999,11,24,13,30,91,923,837,91,923,837,0,22,36.06,0,0.138,0.0,5.159,134.70000000000002,71.05,28,980.0
1999,11,24,14,0,87,902,756,87,902,756,1,22,42.17,0,0.138,0.0,5.184,166.10000000000002,72.11,28,980.0
1999,11,24,14,30,83,875,662,83,875,662,0,22,48.6,0,0.138,0.0,5.202,166.10000000000002,72.09,28,980.0
1999,11,24,15,0,77,840,556,77,840,556,0,22,55.26,0,0.138,0.0,5.22,158.3,73.31,28,980.0
1999,11,24,15,30,70,789,440,70,789,440,0,22,62.050000000000004,0,0.138,0.0,5.221,158.3,77.7,27,980.0
1999,11,24,16,0,61,717,319,61,717,319,0,23,68.94,0,0.138,0.0,5.223,155.60000000000002,79.07000000000001,27,980.0
1999,11,24,16,30,50,604,197,50,604,197,0,23,75.89,0,0.138,0.0,5.212,155.60000000000002,83.85000000000001,26,980.0
1999,11,24,17,0,32,416,84,32,416,84,0,23,82.88,0,0.138,0.1,5.202,174.10000000000002,87.45,26,980.0
1999,11,24,17,30,0,0,0,0,0,0,0,23,89.89,0,0.138,0.1,5.2,174.10000000000002,92.81,25,980.0
1999,11,24,18,0,0,0,0,0,0,0,0,24,96.91,0,0.138,0.2,5.199,197.4,94.62,25,980.0
1999,11,24,18,30,0,0,0,0,0,0,0,24,103.92,0,0.138,0.2,5.196,197.4,100.0,25,980.0
1999,11,24,19,0,0,0,0,0,0,0,0,23,110.91,1,0.138,0.30000000000000004,5.194,194.3,98.29,25,980.0
1999,11,24,19,30,0,0,0,0,0,0,0,23,117.84,0,0.138,0.30000000000000004,5.187,194.3,98.32000000000001,24,980.0
1999,11,24,20,0,0,0,0,0,0,0,0,23,124.71000000000001,0,0.138,0.4,5.181,187.60000000000002,97.46000000000001,24,980.0
1999,11,24,20,30,0,0,0,0,0,0,0,23,131.46,0,0.138,0.30000000000000004,5.171,187.60000000000002,100.0,23,980.0
1999,11,24,21,0,0,0,0,0,0,0,0,23,138.03,0,0.138,0.30000000000000004,5.162,179.20000000000002,100.0,23,980.0
1999,11,24,21,30,0,0,0,0,0,0,0,23,144.33,0,0.138,0.30000000000000004,5.157,179.20000000000002,100.0,23,980.0
1999,11,24,22,0,0,0,0,0,0,0,0,23,150.16,0,0.138,0.30000000000000004,5.154,171.60000000000002,100.0,23,980.0
1999,11,24,22,30,0,0,0,0,0,0,0,22,155.20000000000002,0,0.138,0.2,5.154,171.60000000000002,100.0,23,980.0
1999,11,24,23,0,0,0,0,0,0,0,0,22,158.86,0,0.138,0.2,5.155,167.5,100.0,23,980.0
1999,11,24,23,30,0,0,0,0,0,0,0,22,160.35,0,0.138,0.2,5.152,167.5,100.0,22,980.0
1999,11,25,0,0,0,0,0,0,0,0,0,22,159.19,0,0.138,0.2,5.149,166.60000000000002,100.0,22,980.0
1999,11,25,0,30,0,0,0,0,0,0,3,22,155.78,0,0.138,0.2,5.141,166.60000000000002,100.0,22,980.0
1999,11,25,1,0,0,0,0,0,0,0,4,22,150.88,0,0.138,0.30000000000000004,5.135,169.20000000000002,100.0,22,980.0
1999,11,25,1,30,0,0,0,0,0,0,4,22,145.13,0,0.138,0.30000000000000004,5.13,169.20000000000002,100.0,22,980.0
1999,11,25,2,0,0,0,0,0,0,0,4,22,138.88,0,0.138,0.4,5.126,174.8,100.0,22,980.0
1999,11,25,2,30,0,0,0,0,0,0,7,22,132.34,0,0.138,0.4,5.125,174.8,100.0,22,980.0
1999,11,25,3,0,0,0,0,0,0,0,8,22,125.61,0,0.138,0.4,5.124,179.8,100.0,22,980.0
1999,11,25,3,30,0,0,0,0,0,0,7,22,118.76,0,0.138,0.30000000000000004,5.126,179.8,100.0,22,980.0
1999,11,25,4,0,0,0,0,0,0,0,8,22,111.83,0,0.138,0.30000000000000004,5.1290000000000004,178.9,100.0,22,980.0
1999,11,25,4,30,0,0,0,0,0,0,2,22,104.86,0,0.138,0.2,5.135,178.9,100.0,22,980.0
1999,11,25,5,0,0,0,0,0,0,0,0,22,97.86,0,0.138,0.1,5.141,137.4,100.0,22,980.0
1999,11,25,5,30,0,0,0,0,0,0,0,22,90.84,0,0.138,0.1,5.146,137.4,100.0,22,980.0
1999,11,25,6,0,31,344,68,31,344,68,0,22,83.83,0,0.138,0.2,5.152,52.5,100.0,23,980.0
1999,11,25,6,30,52,555,178,52,555,178,0,22,76.84,0,0.138,0.1,5.156,52.5,97.91,23,980.0
1999,11,25,7,0,64,686,300,64,686,300,0,22,69.89,0,0.138,0.0,5.1610000000000005,66.60000000000001,93.51,24,980.0
1999,11,25,7,30,74,766,422,74,766,422,0,22,63.0,0,0.138,0.0,5.166,66.60000000000001,93.54,24,980.0
1999,11,25,8,0,80,825,539,80,825,539,0,22,56.21,0,0.138,0.0,5.172,104.10000000000001,85.89,25,980.0
1999,11,25,8,30,86,864,647,86,864,647,0,22,49.54,0,0.138,0.0,5.179,104.10000000000001,85.89,26,980.0
1999,11,25,9,0,90,893,743,90,893,743,0,22,43.08,0,0.138,0.0,5.186,105.0,80.92,27,980.0
1999,11,25,9,30,93,914,825,93,914,825,0,22,36.95,0,0.138,0.0,5.189,105.0,80.9,27,980.0
1999,11,25,10,0,95,931,891,95,931,891,0,22,31.32,0,0.138,0.0,5.1930000000000005,112.80000000000001,76.25,27,980.0
1999,11,25,10,30,97,941,940,97,941,940,0,22,26.54,0,0.138,0.0,5.195,112.80000000000001,76.21000000000001,27,980.0
1999,11,25,11,0,279,14,292,98,948,970,3,22,23.13,0,0.138,0.0,5.197,125.4,71.7,28,980.0
1999,11,25,11,30,98,950,981,98,950,981,0,22,21.76,0,0.138,0.0,5.207,125.4,71.67,28,980.0
1999,11,25,12,0,415,41,453,98,948,973,3,22,22.8,0,0.138,0.0,5.218,135.8,71.77,28,980.0
1999,11,25,12,30,97,943,945,97,943,945,0,22,25.96,0,0.138,0.0,5.235,135.8,71.73,28,980.0
1999,11,25,13,0,96,932,898,96,932,898,0,22,30.580000000000002,0,0.138,0.0,5.253,143.8,72.35000000000001,28,980.0
1999,11,25,13,30,93,917,835,93,917,835,0,22,36.11,0,0.138,0.0,5.269,143.8,72.32000000000001,28,980.0
1999,11,25,14,0,90,897,755,90,897,755,0,22,42.19,0,0.138,0.0,5.285,147.70000000000002,73.52,28,980.0
1999,11,25,14,30,86,869,661,86,869,661,0,22,48.61,0,0.138,0.0,5.295,147.70000000000002,73.5,28,980.0
1999,11,25,15,0,80,833,555,80,833,555,0,23,55.25,0,0.138,0.0,5.306,146.5,74.63,28,980.0
1999,11,25,15,30,73,781,439,73,781,439,0,23,62.03,0,0.138,0.0,5.313,146.5,79.11,27,980.0
1999,11,25,16,0,63,710,319,63,710,319,1,23,68.9,0,0.138,0.0,5.32,132.4,81.33,27,980.0
1999,11,25,16,30,51,596,197,51,596,197,1,23,75.85000000000001,0,0.138,0.0,5.3260000000000005,132.4,86.26,26,980.0
1999,11,25,17,0,33,405,84,33,405,84,1,23,82.83,0,0.138,0.0,5.333,178.3,88.32000000000001,26,980.0
1999,11,25,17,30,0,0,0,0,0,0,3,23,89.82000000000001,0,0.138,0.0,5.33,178.3,93.73,25,980.0
1999,11,25,18,0,0,0,0,0,0,0,0,23,96.84,0,0.138,0.1,5.329,155.8,93.33,25,980.0
1999,11,25,18,30,0,0,0,0,0,0,0,23,103.84,0,0.138,0.1,5.3180000000000005,155.8,99.09,24,980.0
1999,11,25,19,0,0,0,0,0,0,0,0,23,110.81,1,0.138,0.1,5.308,93.10000000000001,98.76,24,980.0
1999,11,25,19,30,0,0,0,0,0,0,0,23,117.74000000000001,0,0.138,0.1,5.284,93.10000000000001,100.0,24,980.0
1999,11,25,20,0,0,0,0,0,0,0,2,23,124.59,0,0.138,0.1,5.26,80.5,100.0,24,980.0
1999,11,25,20,30,0,0,0,0,0,0,3,23,131.33,0,0.138,0.1,5.2250000000000005,80.5,100.0,23,980.0
1999,11,25,21,0,0,0,0,0,0,0,0,23,137.89000000000001,0,0.138,0.1,5.191,81.9,100.0,23,980.0
1999,11,25,21,30,0,0,0,0,0,0,0,23,144.17000000000002,0,0.138,0.1,5.157,81.9,100.0,23,980.0
1999,11,25,22,0,0,0,0,0,0,0,0,23,149.99,0,0.138,0.1,5.123,90.7,100.0,23,980.0
1999,11,25,22,30,0,0,0,0,0,0,8,22,155.0,0,0.138,0.1,5.101,90.7,100.0,23,980.0
1999,11,25,23,0,0,0,0,0,0,0,7,22,158.65,0,0.138,0.1,5.079,93.7,100.0,23,980.0
1999,11,25,23,30,0,0,0,0,0,0,7,22,160.15,0,0.138,0.1,5.0680000000000005,93.7,100.0,22,980.0
1999,11,26,0,0,0,0,0,0,0,0,7,22,159.03,0,0.138,0.1,5.057,92.9,100.0,22,980.0
1999,11,26,0,30,0,0,0,0,0,0,7,22,155.66,0,0.138,0.2,5.058,92.9,100.0,22,980.0
1999,11,26,1,0,0,0,0,0,0,0,7,22,150.81,0,0.138,0.30000000000000004,5.059,86.9,100.0,22,980.0
1999,11,26,1,30,0,0,0,0,0,0,7,22,145.09,0,0.138,0.30000000000000004,5.07,86.9,100.0,22,980.0
1999,11,26,2,0,0,0,0,0,0,0,7,22,138.87,0,0.138,0.4,5.082,74.4,100.0,22,980.0
1999,11,26,2,30,0,0,0,0,0,0,7,22,132.34,0,0.138,0.4,5.096,74.4,100.0,22,980.0
1999,11,26,3,0,0,0,0,0,0,0,7,22,125.63000000000001,0,0.138,0.4,5.111,56.900000000000006,100.0,22,980.0
1999,11,26,3,30,0,0,0,0,0,0,8,21,118.79,0,0.138,0.4,5.125,56.900000000000006,100.0,22,980.0
1999,11,26,4,0,0,0,0,0,0,0,7,21,111.88,0,0.138,0.4,5.14,44.6,100.0,22,980.0
1999,11,26,4,30,0,0,0,0,0,0,7,21,104.91,0,0.138,0.30000000000000004,5.146,44.6,100.0,21,980.0
1999,11,26,5,0,0,0,0,0,0,0,3,21,97.92,0,0.138,0.30000000000000004,5.152,41.2,100.0,21,980.0
1999,11,26,5,30,0,0,0,0,0,0,7,21,90.91,0,0.138,0.2,5.148,41.2,100.0,21,980.0
1999,11,26,6,0,34,277,63,31,345,67,7,22,83.91,0,0.138,0.1,5.144,41.5,100.0,22,980.0
1999,11,26,6,30,80,266,140,51,557,177,8,22,76.94,0,0.138,0.0,5.135,41.5,97.07000000000001,23,980.0
1999,11,26,7,0,95,533,277,63,689,299,8,22,70.0,0,0.138,0.0,5.127,46.800000000000004,92.97,24,980.0
1999,11,26,7,30,177,352,336,73,769,421,7,22,63.120000000000005,0,0.138,0.0,5.114,46.800000000000004,92.99,24,980.0
1999,11,26,8,0,79,828,538,79,828,538,0,22,56.33,0,0.138,0.0,5.101,41.800000000000004,88.37,25,980.0
1999,11,26,8,30,84,867,646,84,867,646,7,22,49.68,4,0.138,0.0,5.088,41.800000000000004,88.37,25,980.0
1999,11,26,9,0,362,137,462,86,901,743,3,23,43.230000000000004,0,0.138,0.0,5.0760000000000005,36.5,83.69,26,980.0
1999,11,26,9,30,351,43,386,89,922,825,4,23,37.11,0,0.138,0.0,5.0760000000000005,36.5,83.67,26,980.0
1999,11,26,10,0,375,40,410,88,942,892,4,22,31.5,0,0.138,0.0,5.0760000000000005,34.6,77.22,27,980.0
1999,11,26,10,30,470,148,603,90,952,941,4,22,26.73,0,0.138,0.0,5.079,34.6,77.2,27,980.0
1999,11,26,11,0,456,73,523,87,962,971,4,22,23.34,0,0.138,0.0,5.082,34.9,75.58,27,980.0
1999,11,26,11,30,495,162,646,87,965,982,3,22,21.96,0,0.138,0.0,5.09,34.9,75.55,27,980.0
1999,11,26,12,0,487,228,697,85,965,974,3,22,22.96,0,0.138,0.0,5.098,35.9,74.64,28,980.0
1999,11,26,12,30,84,960,947,84,960,947,1,22,26.07,0,0.138,0.0,5.11,35.9,74.62,28,980.0
1999,11,26,13,0,345,27,369,82,952,901,3,22,30.66,0,0.138,0.0,5.123,38.300000000000004,74.42,28,980.0
1999,11,26,13,30,407,113,499,80,939,838,8,22,36.160000000000004,0,0.138,0.0,5.1290000000000004,38.300000000000004,74.39,27,980.0
1999,11,26,14,0,351,75,406,77,920,759,8,22,42.21,0,0.138,0.0,5.135,41.400000000000006,74.86,27,980.0
1999,11,26,14,30,316,234,471,73,894,665,7,22,48.61,0,0.138,0.0,5.132,41.400000000000006,74.85000000000001,27,980.0
1999,11,26,15,0,253,288,418,69,858,559,7,22,55.230000000000004,0,0.138,0.0,5.1290000000000004,46.7,76.42,27,980.0
1999,11,26,15,30,189,304,332,63,810,444,7,22,62.0,1,0.138,0.0,5.112,46.7,81.04,26,980.0
1999,11,26,16,0,135,20,143,56,738,323,6,22,68.87,0,0.138,0.0,5.096,50.7,83.43,26,980.0
1999,11,26,16,30,70,0,70,46,630,201,6,22,75.8,0,0.138,0.0,5.0680000000000005,50.7,88.52,25,980.0
1999,11,26,17,0,30,0,30,31,439,86,6,23,82.77,4,0.138,0.0,5.04,46.6,90.98,25,980.0
1999,11,26,17,30,0,0,0,0,0,0,6,23,89.76,0,0.138,0.0,5.015,46.6,96.59,24,980.0
1999,11,26,18,0,0,0,0,0,0,0,6,23,96.76,0,0.138,0.1,4.9910000000000005,43.1,95.84,24,980.0
1999,11,26,18,30,0,0,0,0,0,0,7,23,103.75,0,0.138,0.1,4.974,43.1,100.0,23,980.0
1999,11,26,19,0,0,0,0,0,0,0,7,23,110.72,1,0.138,0.1,4.957,47.400000000000006,100.0,23,980.0
1999,11,26,19,30,0,0,0,0,0,0,7,22,117.63,0,0.138,0.0,4.945,47.400000000000006,100.0,23,980.0
1999,11,26,20,0,0,0,0,0,0,0,7,22,124.47,0,0.138,0.0,4.933,51.5,100.0,23,980.0
1999,11,26,20,30,0,0,0,0,0,0,7,22,131.2,0,0.138,0.0,4.925,51.5,100.0,22,980.0
1999,11,26,21,0,0,0,0,0,0,0,7,22,137.75,0,0.138,0.1,4.917,53.300000000000004,100.0,22,980.0
1999,11,26,21,30,0,0,0,0,0,0,7,22,144.01,0,0.138,0.1,4.914,53.300000000000004,100.0,22,980.0
1999,11,26,22,0,0,0,0,0,0,0,7,22,149.81,0,0.138,0.1,4.912,51.6,100.0,22,980.0
1999,11,26,22,30,0,0,0,0,0,0,7,22,154.81,0,0.138,0.1,4.914,51.6,100.0,22,980.0
1999,11,26,23,0,0,0,0,0,0,0,7,22,158.45000000000002,0,0.138,0.2,4.917,48.2,100.0,22,980.0
1999,11,26,23,30,0,0,0,0,0,0,7,21,159.96,0,0.138,0.2,4.923,48.2,100.0,21,980.0
1999,11,27,0,0,0,0,0,0,0,0,8,21,158.88,0,0.138,0.2,4.931,41.900000000000006,100.0,21,980.0
1999,11,27,0,30,0,0,0,0,0,0,7,21,155.56,0,0.138,0.2,4.938,41.900000000000006,100.0,21,980.0
1999,11,27,1,0,0,0,0,0,0,0,7,21,150.75,0,0.138,0.2,4.945,34.800000000000004,100.0,21,980.0
1999,11,27,1,30,0,0,0,0,0,0,3,21,145.06,0,0.138,0.2,4.95,34.800000000000004,100.0,21,980.0
1999,11,27,2,0,0,0,0,0,0,0,3,21,138.86,0,0.138,0.2,4.955,28.700000000000003,100.0,21,980.0
1999,11,27,2,30,0,0,0,0,0,0,0,21,132.35,0,0.138,0.2,4.958,28.700000000000003,100.0,21,980.0
1999,11,27,3,0,0,0,0,0,0,0,0,21,125.65,0,0.138,0.2,4.962,24.8,100.0,21,980.0
1999,11,27,3,30,0,0,0,0,0,0,0,20,118.83,0,0.138,0.2,4.965,24.8,100.0,21,980.0
1999,11,27,4,0,0,0,0,0,0,0,0,20,111.93,0,0.138,0.2,4.97,23.3,100.0,21,980.0
1999,11,27,4,30,0,0,0,0,0,0,1,20,104.97,0,0.138,0.1,4.977,23.3,100.0,20,980.0
1999,11,27,5,0,0,0,0,0,0,0,3,20,97.99000000000001,0,0.138,0.1,4.985,23.900000000000002,100.0,20,980.0
1999,11,27,5,30,0,0,0,0,0,0,0,20,90.99,0,0.138,0.0,5.006,23.900000000000002,100.0,20,980.0
1999,11,27,6,0,29,365,67,29,365,67,0,21,84.0,0,0.138,0.0,5.027,23.8,100.0,21,980.0
1999,11,27,6,30,48,575,177,48,575,177,1,21,77.03,0,0.138,0.0,5.059,23.8,97.14,22,980.0
1999,11,27,7,0,61,692,297,61,692,297,0,22,70.10000000000001,0,0.138,0.0,5.0920000000000005,28.3,94.3,23,980.0
1999,11,27,7,30,71,771,418,71,771,418,0,22,63.230000000000004,0,0.138,0.0,5.126,28.3,94.31,23,980.0
1999,11,27,8,0,79,821,533,79,821,533,0,22,56.45,0,0.138,0.0,5.1610000000000005,26.1,91.55,24,980.0
1999,11,27,8,30,85,861,641,85,861,641,0,22,49.81,0,0.138,0.0,5.188,26.1,86.25,25,980.0
1999,11,27,9,0,91,887,736,91,887,736,0,22,43.38,0,0.138,0.0,5.216,28.1,83.06,26,980.0
1999,11,27,9,30,95,908,818,95,908,818,0,22,37.27,0,0.138,0.0,5.232,28.1,83.03,26,980.0
1999,11,27,10,0,425,300,680,98,923,884,7,22,31.68,0,0.138,0.0,5.249,33.300000000000004,78.62,27,980.0
1999,11,27,10,30,460,266,697,100,934,933,4,22,26.93,0,0.138,0.0,5.256,33.300000000000004,78.59,27,980.0
1999,11,27,11,0,485,140,614,104,937,963,6,23,23.54,0,0.138,0.0,5.263,40.5,74.51,28,980.0
1999,11,27,11,30,491,224,699,104,939,975,7,23,22.150000000000002,0,0.138,0.0,5.266,40.5,74.48,28,980.0
1999,11,27,12,0,240,12,251,104,937,967,6,23,23.11,0,0.138,0.0,5.271,50.900000000000006,75.18,28,980.0
1999,11,27,12,30,341,22,362,103,932,940,6,23,26.18,0,0.138,0.0,5.276,50.900000000000006,75.14,28,980.0
1999,11,27,13,0,208,8,216,101,922,894,6,23,30.73,0,0.138,0.0,5.282,57.5,75.73,29,980.0
1999,11,27,13,30,214,8,221,98,908,831,6,23,36.2,0,0.138,0.0,5.285,57.5,75.71000000000001,28,980.0
1999,11,27,14,0,303,30,326,94,889,752,6,23,42.230000000000004,0,0.138,0.0,5.288,63.400000000000006,77.21000000000001,28,980.0
1999,11,27,14,30,309,279,494,89,861,659,7,23,48.61,0,0.138,0.0,5.285,63.400000000000006,77.2,28,980.0
1999,11,27,15,0,267,174,366,82,826,554,4,24,55.22,0,0.138,0.0,5.282,84.2,79.47,28,980.0
1999,11,27,15,30,208,193,299,75,774,439,8,24,61.97,0,0.138,0.0,5.281,84.2,84.24,27,980.0
1999,11,27,16,0,112,476,285,65,702,319,8,24,68.82000000000001,0,0.138,0.0,5.28,64.5,87.15,27,980.0
1999,11,27,16,30,72,424,176,53,587,197,7,24,75.74,3,0.138,0.0,5.271,64.5,92.44,26,980.0
1999,11,27,17,0,39,288,76,34,398,85,7,25,82.7,4,0.138,0.1,5.263,62.300000000000004,95.54,26,980.0
1999,11,27,17,30,0,0,0,0,0,0,7,25,89.68,0,0.138,0.1,5.248,62.300000000000004,100.0,25,980.0
1999,11,27,18,0,0,0,0,0,0,0,3,24,96.68,0,0.138,0.2,5.234,44.0,98.27,25,980.0
1999,11,27,18,30,0,0,0,0,0,0,3,24,103.66,0,0.138,0.2,5.219,44.0,98.31,25,980.0
1999,11,27,19,0,0,0,0,0,0,0,3,24,110.62,1,0.138,0.30000000000000004,5.205,34.1,96.19,25,980.0
1999,11,27,19,30,0,0,0,0,0,0,7,24,117.53,0,0.138,0.30000000000000004,5.194,34.1,100.0,24,980.0
1999,11,27,20,0,0,0,0,0,0,0,7,24,124.36,0,0.138,0.30000000000000004,5.184,25.400000000000002,100.0,24,980.0
1999,11,27,20,30,0,0,0,0,0,0,7,24,131.07,0,0.138,0.30000000000000004,5.175,25.400000000000002,100.0,24,980.0
1999,11,27,21,0,0,0,0,0,0,0,7,23,137.61,0,0.138,0.4,5.166,23.1,99.77,24,980.0
1999,11,27,21,30,0,0,0,0,0,0,7,23,143.86,0,0.138,0.4,5.152,23.1,100.0,24,980.0
1999,11,27,22,0,0,0,0,0,0,0,3,23,149.64000000000001,0,0.138,0.4,5.139,21.1,100.0,24,980.0
1999,11,27,22,30,0,0,0,0,0,0,4,23,154.62,0,0.138,0.4,5.118,21.1,100.0,23,980.0
1999,11,27,23,0,0,0,0,0,0,0,7,23,158.25,0,0.138,0.4,5.098,18.1,100.0,23,980.0
1999,11,27,23,30,0,0,0,0,0,0,1,23,159.77,0,0.138,0.4,5.074,18.1,100.0,23,980.0
1999,11,28,0,0,0,0,0,0,0,0,1,23,158.73,0,0.138,0.4,5.05,13.700000000000001,100.0,23,980.0
1999,11,28,0,30,0,0,0,0,0,0,7,22,155.46,0,0.138,0.4,5.038,13.700000000000001,100.0,22,980.0
1999,11,28,1,0,0,0,0,0,0,0,3,22,150.69,0,0.138,0.4,5.027,10.200000000000001,100.0,22,980.0
1999,11,28,1,30,0,0,0,0,0,0,7,22,145.03,0,0.138,0.4,5.027,10.200000000000001,100.0,22,980.0
1999,11,28,2,0,0,0,0,0,0,0,7,22,138.85,0,0.138,0.4,5.027,9.1,100.0,22,980.0
1999,11,28,2,30,0,0,0,0,0,0,7,22,132.37,0,0.138,0.4,5.0360000000000005,9.1,100.0,22,980.0
1999,11,28,3,0,0,0,0,0,0,0,7,22,125.68,0,0.138,0.4,5.046,8.1,100.0,22,980.0
1999,11,28,3,30,0,0,0,0,0,0,7,22,118.87,0,0.138,0.4,5.05,8.1,100.0,22,980.0
1999,11,28,4,0,0,0,0,0,0,0,7,22,111.98,0,0.138,0.4,5.055,9.5,100.0,22,980.0
1999,11,28,4,30,0,0,0,0,0,0,7,21,105.03,0,0.138,0.4,5.0520000000000005,9.5,100.0,22,980.0
1999,11,28,5,0,0,0,0,0,0,0,7,21,98.06,0,0.138,0.4,5.05,13.200000000000001,100.0,22,980.0
1999,11,28,5,30,0,0,0,0,0,0,7,21,91.07000000000001,0,0.138,0.30000000000000004,5.047,13.200000000000001,100.0,22,980.0
1999,11,28,6,0,34,251,59,28,373,66,7,22,84.09,0,0.138,0.2,5.0440000000000005,19.0,100.0,22,980.0
1999,11,28,6,30,62,432,158,46,586,176,8,22,77.13,4,0.138,0.1,5.0440000000000005,19.0,100.0,22,980.0
1999,11,28,7,0,137,59,157,59,702,297,8,23,70.2,0,0.138,0.0,5.045,45.800000000000004,100.0,23,980.0
1999,11,28,7,30,194,86,233,68,781,418,7,23,63.34,0,0.138,0.0,5.048,45.800000000000004,100.0,24,980.0
1999,11,28,8,0,246,77,288,76,830,533,7,24,56.57,0,0.138,0.0,5.051,90.7,100.0,25,980.0
1999,11,28,8,30,304,100,368,82,869,641,7,24,49.95,0,0.138,0.0,5.062,90.7,100.0,25,980.0
1999,11,28,9,0,350,271,547,90,890,736,7,24,43.53,0,0.138,0.0,5.073,48.7,95.9,26,980.0
1999,11,28,9,30,401,234,587,94,911,818,7,24,37.43,0,0.138,0.0,5.104,48.7,95.87,26,980.0
1999,11,28,10,0,441,147,566,99,922,883,6,24,31.86,0,0.138,0.0,5.136,42.7,89.11,27,980.0
1999,11,28,10,30,469,154,607,101,932,932,6,24,27.12,0,0.138,0.0,5.182,42.7,89.07000000000001,27,980.0
1999,11,28,11,0,483,232,696,104,936,962,7,24,23.73,0,0.138,0.0,5.228,59.7,83.74,27,980.0
1999,11,28,11,30,410,462,837,105,938,973,7,24,22.330000000000002,0,0.138,0.0,5.279,59.7,83.7,27,980.0
1999,11,28,12,0,470,301,747,107,933,964,3,24,23.26,0,0.138,0.0,5.33,109.7,84.19,27,980.0
1999,11,28,12,30,288,15,302,106,927,937,8,24,26.29,0,0.138,0.0,5.375,109.7,84.16,27,980.0
1999,11,28,13,0,105,915,891,105,915,891,1,24,30.8,0,0.138,0.0,5.42,144.8,85.44,27,980.0
1999,11,28,13,30,102,900,828,102,900,828,8,24,36.230000000000004,4,0.138,0.0,5.454,144.8,85.42,27,980.0
1999,11,28,14,0,208,7,213,98,880,749,3,24,42.24,0,0.138,0.0,5.489,159.3,88.19,27,980.0
1999,11,28,14,30,212,592,603,93,851,656,8,24,48.6,0,0.138,0.0,5.5040000000000004,159.3,88.17,27,980.0
1999,11,28,15,0,218,447,474,84,819,552,8,25,55.19,0,0.138,0.0,5.5200000000000005,20.6,89.81,27,980.0
1999,11,28,15,30,150,523,397,77,766,437,8,25,61.93,0,0.138,0.0,5.519,20.6,95.25,26,980.0
1999,11,28,16,0,90,604,308,65,699,318,8,25,68.78,0,0.138,0.1,5.518,20.700000000000003,95.29,26,980.0
1999,11,28,16,30,64,511,191,53,585,197,8,25,75.69,0,0.138,0.0,5.501,20.700000000000003,100.0,25,980.0
1999,11,28,17,0,35,369,83,34,403,85,7,25,82.64,4,0.138,0.0,5.485,251.60000000000002,100.0,25,980.0
1999,11,28,17,30,0,0,0,0,0,0,7,25,89.61,0,0.138,0.0,5.461,251.60000000000002,100.0,25,980.0
1999,11,28,18,0,0,0,0,0,0,0,7,24,96.60000000000001,0,0.138,0.1,5.438,331.0,98.06,25,980.0
1999,11,28,18,30,0,0,0,0,0,0,7,24,103.57000000000001,0,0.138,0.1,5.412,331.0,100.0,25,980.0
1999,11,28,19,0,0,0,0,0,0,0,7,24,110.52,1,0.138,0.2,5.3870000000000005,9.200000000000001,100.0,25,980.0
1999,11,28,19,30,0,0,0,0,0,0,6,24,117.42,0,0.138,0.2,5.3580000000000005,9.200000000000001,100.0,24,980.0
1999,11,28,20,0,0,0,0,0,0,0,6,23,124.24000000000001,0,0.138,0.2,5.33,22.6,99.56,24,980.0
1999,11,28,20,30,0,0,0,0,0,0,6,23,130.94,0,0.138,0.2,5.293,22.6,99.58,24,980.0
1999,11,28,21,0,0,0,0,0,0,0,6,23,137.47,0,0.138,0.30000000000000004,5.256,36.7,98.13,24,980.0
1999,11,28,21,30,0,0,0,0,0,0,7,23,143.70000000000002,0,0.138,0.30000000000000004,5.2250000000000005,36.7,98.12,24,980.0
1999,11,28,22,0,0,0,0,0,0,0,7,23,149.47,0,0.138,0.30000000000000004,5.194,49.300000000000004,96.98,24,980.0
1999,11,28,22,30,0,0,0,0,0,0,7,23,154.44,0,0.138,0.30000000000000004,5.163,49.300000000000004,96.96000000000001,24,980.0
1999,11,28,23,0,0,0,0,0,0,0,7,23,158.06,0,0.138,0.30000000000000004,5.133,62.5,96.09,24,980.0
1999,11,28,23,30,0,0,0,0,0,0,7,23,159.59,0,0.138,0.30000000000000004,5.1080000000000005,62.5,100.0,24,980.0
1999,11,29,0,0,0,0,0,0,0,0,7,23,158.59,0,0.138,0.4,5.083,62.900000000000006,100.0,24,980.0
1999,11,29,0,30,0,0,0,0,0,0,7,23,155.36,0,0.138,0.4,5.062,62.900000000000006,100.0,23,980.0
1999,11,29,1,0,0,0,0,0,0,0,7,23,150.63,0,0.138,0.5,5.041,59.400000000000006,100.0,23,980.0
1999,11,29,1,30,0,0,0,0,0,0,7,23,145.0,0,0.138,0.5,5.024,59.400000000000006,100.0,23,980.0
1999,11,29,2,0,0,0,0,0,0,0,7,22,138.85,0,0.138,0.5,5.008,59.7,99.22,23,980.0
1999,11,29,2,30,0,0,0,0,0,0,8,22,132.38,0,0.138,0.5,4.998,59.7,100.0,22,980.0
1999,11,29,3,0,0,0,0,0,0,0,8,22,125.71000000000001,0,0.138,0.6000000000000001,4.988,62.900000000000006,100.0,22,980.0
1999,11,29,3,30,0,0,0,0,0,0,6,22,118.91,0,0.138,0.5,4.9830000000000005,62.900000000000006,100.0,22,980.0
1999,11,29,4,0,0,0,0,0,0,0,6,22,112.03,0,0.138,0.5,4.978,67.10000000000001,100.0,22,980.0
1999,11,29,4,30,0,0,0,0,0,0,8,21,105.10000000000001,0,0.138,0.4,4.976,67.10000000000001,100.0,21,980.0
1999,11,29,5,0,0,0,0,0,0,0,7,21,98.13,0,0.138,0.4,4.974,73.8,100.0,21,980.0
1999,11,29,5,30,0,0,0,0,0,0,7,21,91.15,0,0.138,0.30000000000000004,4.973,73.8,100.0,21,980.0
1999,11,29,6,0,3,0,3,28,359,65,6,22,84.18,0,0.138,0.2,4.972,81.7,100.0,22,980.0
1999,11,29,6,30,3,0,3,47,574,174,6,22,77.22,0,0.138,0.1,4.968,81.7,100.0,22,980.0
1999,11,29,7,0,5,0,5,60,696,295,6,23,70.31,0,0.138,0.0,4.965,92.2,100.0,23,980.0
1999,11,29,7,30,86,0,86,69,776,416,6,24,63.46,0,0.138,0.0,4.9430000000000005,92.2,100.0,24,980.0
1999,11,29,8,0,246,82,291,75,834,533,7,25,56.7,0,0.138,0.0,4.921,69.7,100.0,25,980.0
1999,11,29,8,30,309,144,401,80,873,641,8,25,50.08,0,0.138,0.0,4.876,69.7,100.0,25,980.0
1999,11,29,9,0,333,341,580,84,904,738,8,25,43.68,0,0.138,0.0,4.832,56.400000000000006,95.36,26,980.0
1999,11,29,9,30,397,255,599,87,925,820,8,25,37.6,0,0.138,0.0,4.7860000000000005,56.400000000000006,95.33,27,980.0
1999,11,29,10,0,436,123,540,89,941,888,8,24,32.03,0,0.138,0.0,4.741,53.900000000000006,86.15,28,980.0
1999,11,29,10,30,455,279,704,91,952,937,8,24,27.3,0,0.138,0.0,4.703,53.900000000000006,86.11,28,980.0
1999,11,29,11,0,413,426,804,92,959,969,8,24,23.92,0,0.138,0.0,4.666,52.7,79.14,29,980.0
1999,11,29,11,30,418,430,816,92,961,981,7,24,22.5,0,0.138,0.0,4.641,52.7,79.10000000000001,29,980.0
1999,11,29,12,0,404,468,834,92,960,974,8,23,23.400000000000002,0,0.138,0.0,4.617,57.2,73.85000000000001,29,980.0
1999,11,29,12,30,301,569,811,91,955,947,7,23,26.39,4,0.138,0.0,4.606,57.2,73.81,29,980.0
1999,11,29,13,0,352,516,796,89,947,902,8,23,30.86,0,0.138,0.0,4.595,64.8,73.73,29,980.0
1999,11,29,13,30,388,333,657,87,933,839,3,23,36.27,0,0.138,0.0,4.589,64.8,73.7,29,980.0
1999,11,29,14,0,258,579,687,83,915,761,7,23,42.25,0,0.138,0.0,4.5840000000000005,71.9,74.32000000000001,29,980.0
1999,11,29,14,30,249,491,574,79,889,667,6,23,48.59,0,0.138,0.0,4.577,71.9,74.31,29,980.0
1999,11,29,15,0,196,521,493,74,854,562,8,24,55.17,0,0.138,0.0,4.571,76.9,76.41,29,980.0
1999,11,29,15,30,192,324,345,68,804,447,8,24,61.89,0,0.138,0.0,4.555,76.9,80.95,28,980.0
1999,11,29,16,0,142,280,244,60,733,326,8,24,68.73,0,0.138,0.0,4.54,76.0,83.27,28,980.0
1999,11,29,16,30,96,174,139,49,624,204,6,24,75.63,0,0.138,0.0,4.5200000000000005,76.0,88.29,27,980.0
1999,11,29,17,0,45,121,61,33,436,89,6,25,82.57000000000001,4,0.138,0.1,4.5,55.2,90.71000000000001,27,980.0
1999,11,29,17,30,0,0,0,0,0,0,7,25,89.53,0,0.138,0.1,4.481,55.2,96.23,26,980.0
1999,11,29,18,0,0,0,0,0,0,0,7,25,96.51,0,0.138,0.2,4.463,42.5,94.36,26,980.0
1999,11,29,18,30,0,0,0,0,0,0,7,25,103.48,0,0.138,0.2,4.449,42.5,100.0,25,980.0
1999,11,29,19,0,0,0,0,0,0,0,7,24,110.42,1,0.138,0.30000000000000004,4.436,36.6,97.39,25,980.0
1999,11,29,19,30,0,0,0,0,0,0,7,24,117.31,0,0.138,0.30000000000000004,4.423,36.6,97.42,25,980.0
1999,11,29,20,0,0,0,0,0,0,0,7,24,124.12,0,0.138,0.4,4.412,31.900000000000002,95.78,25,980.0
1999,11,29,20,30,0,0,0,0,0,0,7,24,130.81,0,0.138,0.4,4.402,31.900000000000002,100.0,24,980.0
1999,11,29,21,0,0,0,0,0,0,0,7,24,137.32,0,0.138,0.4,4.393,30.200000000000003,100.0,24,980.0
1999,11,29,21,30,0,0,0,0,0,0,7,24,143.55,0,0.138,0.4,4.377,30.200000000000003,100.0,24,980.0
1999,11,29,22,0,0,0,0,0,0,0,7,24,149.3,0,0.138,0.5,4.362,29.8,100.0,24,980.0
1999,11,29,22,30,0,0,0,0,0,0,7,23,154.25,0,0.138,0.5,4.346,29.8,100.0,23,980.0
1999,11,29,23,0,0,0,0,0,0,0,7,23,157.87,0,0.138,0.5,4.33,31.0,100.0,23,980.0
1999,11,29,23,30,0,0,0,0,0,0,7,23,159.42000000000002,0,0.138,0.5,4.314,31.0,100.0,23,980.0
1999,11,30,0,0,0,0,0,0,0,0,7,23,158.46,0,0.138,0.5,4.3,32.9,100.0,23,980.0
1999,11,30,0,30,0,0,0,0,0,0,7,23,155.27,0,0.138,0.5,4.285,32.9,100.0,23,980.0
1999,11,30,1,0,0,0,0,0,0,0,7,23,150.58,0,0.138,0.6000000000000001,4.2700000000000005,34.1,100.0,23,980.0
1999,11,30,1,30,0,0,0,0,0,0,7,23,144.98,0,0.138,0.6000000000000001,4.258,34.1,100.0,23,980.0
1999,11,30,2,0,0,0,0,0,0,0,7,23,138.86,0,0.138,0.6000000000000001,4.247,34.4,100.0,23,980.0
1999,11,30,2,30,0,0,0,0,0,0,1,22,132.4,0,0.138,0.6000000000000001,4.241,34.4,100.0,23,980.0
1999,11,30,3,0,0,0,0,0,0,0,7,22,125.75,0,0.138,0.6000000000000001,4.235,32.300000000000004,100.0,23,980.0
1999,11,30,3,30,0,0,0,0,0,0,7,22,118.96000000000001,0,0.138,0.6000000000000001,4.238,32.300000000000004,100.0,22,980.0
1999,11,30,4,0,0,0,0,0,0,0,7,22,112.09,0,0.138,0.6000000000000001,4.241,31.8,100.0,22,980.0
1999,11,30,4,30,0,0,0,0,0,0,7,22,105.16,0,0.138,0.6000000000000001,4.255,31.8,100.0,22,980.0
1999,11,30,5,0,0,0,0,0,0,0,7,22,98.21000000000001,0,0.138,0.6000000000000001,4.269,30.400000000000002,100.0,22,980.0
1999,11,30,5,30,0,0,0,0,0,0,7,22,91.24,0,0.138,0.5,4.288,30.400000000000002,100.0,22,980.0
1999,11,30,6,0,32,270,59,29,339,63,7,22,84.27,0,0.138,0.5,4.307,29.3,100.0,22,980.0
1999,11,30,6,30,85,90,105,50,557,172,8,22,77.32000000000001,0,0.138,0.2,4.328,29.3,99.63,23,980.0
1999,11,30,7,0,139,99,172,64,683,293,7,23,70.42,0,0.138,0.0,4.3500000000000005,39.800000000000004,98.29,24,980.0
1999,11,30,7,30,182,44,201,74,765,414,7,23,63.57,0,0.138,0.0,4.375,39.800000000000004,92.64,25,980.0
1999,11,30,8,0,231,47,257,83,818,531,7,23,56.83,0,0.138,0.0,4.402,43.1,86.45,26,980.0
1999,11,30,8,30,232,16,243,89,859,639,6,23,50.22,0,0.138,0.0,4.429,43.1,86.45,26,980.0
1999,11,30,9,0,176,3,178,96,884,735,6,23,43.82,0,0.138,0.0,4.456,34.2,81.39,27,980.0
1999,11,30,9,30,333,34,360,100,907,817,8,23,37.75,0,0.138,0.0,4.484,34.2,81.36,27,980.0
1999,11,30,10,0,206,8,213,104,921,884,6,23,32.2,0,0.138,0.0,4.513,33.0,77.09,28,980.0
1999,11,30,10,30,187,7,194,106,932,933,6,23,27.490000000000002,0,0.138,0.0,4.549,33.0,77.05,28,980.0
1999,11,30,11,0,196,8,204,108,937,964,6,23,24.11,0,0.138,0.0,4.586,37.300000000000004,73.11,29,980.0
1999,11,30,11,30,208,9,217,109,939,976,6,23,22.67,0,0.138,0.0,4.623,37.300000000000004,73.06,29,980.0
1999,11,30,12,0,246,12,257,109,936,968,6,23,23.54,0,0.138,0.0,4.66,55.400000000000006,73.39,29,980.0
1999,11,30,12,30,429,60,483,108,931,941,6,23,26.48,0,0.138,0.0,4.696,55.400000000000006,73.36,29,980.0
1999,11,30,13,0,408,60,460,106,921,896,6,24,30.92,0,0.138,0.0,4.7330000000000005,48.2,74.65,30,980.0
1999,11,30,13,30,382,65,435,103,906,833,6,24,36.29,0,0.138,0.0,4.776,48.2,74.62,29,980.0
1999,11,30,14,0,371,148,481,97,888,755,6,24,42.25,0,0.138,0.0,4.819,32.5,76.04,29,980.0
1999,11,30,14,30,321,135,411,92,860,661,6,24,48.58,0,0.138,0.0,4.845,32.5,80.55,28,980.0
1999,11,30,15,0,264,105,324,84,827,557,6,24,55.14,0,0.138,0.0,4.872,67.2,82.31,28,980.0
1999,11,30,15,30,210,173,292,77,775,442,7,24,61.85,0,0.138,0.0,4.883,67.2,82.31,28,980.0
1999,11,30,16,0,140,305,251,65,707,323,8,24,68.67,0,0.138,0.0,4.894,258.1,83.41,28,980.0
1999,11,30,16,30,53,594,201,53,594,201,1,24,75.56,0,0.138,0.0,4.907,258.1,88.43,27,980.0
1999,11,30,17,0,35,411,88,35,411,88,7,24,82.5,4,0.138,0.1,4.922,248.0,88.68,27,980.0
1999,11,30,17,30,0,0,0,0,0,0,7,24,89.45,0,0.138,0.2,4.932,248.0,94.07000000000001,26,980.0
1999,11,30,18,0,0,0,0,0,0,0,7,24,96.42,0,0.138,0.30000000000000004,4.942,244.9,89.46000000000001,26,980.0
1999,11,30,18,30,0,0,0,0,0,0,7,24,103.38,0,0.138,0.30000000000000004,4.939,244.9,94.94,25,980.0
1999,11,30,19,0,0,0,0,0,0,0,7,23,110.31,1,0.138,0.30000000000000004,4.936,230.20000000000002,93.48,25,980.0
1999,11,30,19,30,0,0,0,0,0,0,7,23,117.19,0,0.138,0.30000000000000004,4.934,230.20000000000002,93.51,25,980.0
1999,11,30,20,0,0,0,0,0,0,0,7,23,124.0,0,0.138,0.4,4.933,194.9,92.67,25,980.0
1999,11,30,20,30,0,0,0,0,0,0,7,23,130.68,0,0.138,0.4,4.929,194.9,98.36,25,980.0
1999,11,30,21,0,0,0,0,0,0,0,7,23,137.18,0,0.138,0.5,4.926,171.20000000000002,97.86,25,980.0
1999,11,30,21,30,0,0,0,0,0,0,7,23,143.39000000000001,0,0.138,0.5,4.925,171.20000000000002,97.85000000000001,24,980.0
1999,11,30,22,0,0,0,0,0,0,0,7,23,149.13,0,0.138,0.5,4.925,162.3,97.96000000000001,24,980.0
1999,11,30,22,30,0,0,0,0,0,0,7,23,154.07,0,0.138,0.5,4.929,162.3,100.0,23,980.0
1999,11,30,23,0,0,0,0,0,0,0,7,23,157.69,0,0.138,0.5,4.933,160.3,100.0,23,980.0
1999,11,30,23,30,0,0,0,0,0,0,7,23,159.25,0,0.138,0.5,4.938,160.3,100.0,23,980.0
1999,12,1,0,0,0,0,0,0,0,0,7,23,158.33,0,0.138,0.5,4.944,162.20000000000002,100.0,23,980.0
1999,12,1,0,30,0,0,0,0,0,0,7,23,155.19,0,0.138,0.5,4.955,162.20000000000002,100.0,23,980.0
1999,12,1,1,0,0,0,0,0,0,0,7,23,150.54,0,0.138,0.5,4.9670000000000005,166.5,100.0,23,980.0
1999,12,1,1,30,0,0,0,0,0,0,7,22,144.97,0,0.138,0.5,4.9830000000000005,166.5,100.0,23,980.0
1999,12,1,2,0,0,0,0,0,0,0,7,22,138.86,0,0.138,0.5,5.0,174.3,100.0,23,980.0
1999,12,1,2,30,0,0,0,0,0,0,7,22,132.43,0,0.138,0.5,5.0200000000000005,174.3,100.0,23,980.0
1999,12,1,3,0,0,0,0,0,0,0,7,22,125.79,0,0.138,0.6000000000000001,5.041,185.5,100.0,23,980.0
1999,12,1,3,30,0,0,0,0,0,0,7,22,119.01,0,0.138,0.5,5.067,185.5,100.0,22,980.0
1999,12,1,4,0,0,0,0,0,0,0,7,22,112.15,0,0.138,0.5,5.093,198.10000000000002,100.0,22,980.0
1999,12,1,4,30,0,0,0,0,0,0,7,22,105.23,0,0.138,0.5,5.117,198.10000000000002,100.0,22,980.0
1999,12,1,5,0,0,0,0,0,0,0,1,22,98.28,0,0.138,0.5,5.142,206.10000000000002,100.0,22,980.0
1999,12,1,5,30,0,0,0,0,0,0,0,22,91.32000000000001,0,0.138,0.30000000000000004,5.164,206.10000000000002,100.0,22,980.0
1999,12,1,6,0,28,345,62,28,345,62,0,22,84.36,0,0.138,0.1,5.187,207.8,100.0,22,980.0
1999,12,1,6,30,48,564,170,48,564,170,0,22,77.43,0,0.138,0.0,5.21,207.8,100.0,22,980.0
1999,12,1,7,0,136,70,159,60,692,291,3,23,70.53,0,0.138,0.0,5.234,202.20000000000002,100.0,23,980.0
1999,12,1,7,30,69,773,412,69,773,412,0,23,63.690000000000005,0,0.138,0.0,5.252,202.20000000000002,100.0,23,980.0
1999,12,1,8,0,74,833,529,74,833,529,1,24,56.95,0,0.138,0.0,5.271,193.20000000000002,100.0,24,980.0
1999,12,1,8,30,80,872,636,80,872,636,0,24,50.35,0,0.138,0.0,5.289,193.20000000000002,100.0,24,980.0
1999,12,1,9,0,82,904,733,82,904,733,0,25,43.97,0,0.138,0.0,5.307,176.8,100.0,25,980.0
1999,12,1,9,30,85,925,815,85,925,815,0,25,37.910000000000004,0,0.138,0.0,5.323,176.8,100.0,25,980.0
1999,12,1,10,0,87,941,882,87,941,882,0,25,32.37,0,0.138,0.0,5.339,177.3,100.0,26,980.0
1999,12,1,10,30,89,951,931,89,951,931,1,25,27.67,0,0.138,0.0,5.352,177.3,100.0,26,980.0
1999,12,1,11,0,90,956,962,90,956,962,0,24,24.29,0,0.138,0.0,5.3660000000000005,175.4,93.97,26,980.0
1999,12,1,11,30,485,246,712,91,959,975,3,24,22.830000000000002,0,0.138,0.0,5.369,175.4,93.93,26,980.0
1999,12,1,12,0,487,150,624,91,956,968,3,24,23.67,0,0.138,0.0,5.373,175.3,91.52,27,980.0
1999,12,1,12,30,443,184,607,90,951,942,8,24,26.57,4,0.138,0.0,5.36,175.3,91.48,27,980.0
1999,12,1,13,0,359,483,773,89,942,897,7,24,30.970000000000002,0,0.138,0.0,5.348,172.60000000000002,90.77,27,980.0
1999,12,1,13,30,330,476,714,87,929,836,7,24,36.31,0,0.138,0.0,5.323,172.60000000000002,90.74,26,980.0
1999,12,1,14,0,353,308,581,84,910,758,7,24,42.25,0,0.138,0.0,5.299,170.20000000000002,91.46000000000001,26,980.0
1999,12,1,14,30,316,245,478,80,884,665,7,24,48.56,0,0.138,0.0,5.263,170.20000000000002,91.45,26,980.0
1999,12,1,15,0,251,309,428,74,850,561,8,24,55.1,0,0.138,0.0,5.227,170.0,92.14,26,980.0
1999,12,1,15,30,210,111,262,68,801,447,8,24,61.81,0,0.138,0.0,5.176,170.0,97.76,25,980.0
1999,12,1,16,0,123,421,277,60,731,327,8,24,68.62,0,0.138,0.0,5.125,199.3,97.88,25,980.0
1999,12,1,16,30,83,351,171,49,623,205,8,24,75.5,0,0.138,0.0,5.074,199.3,100.0,24,980.0
1999,12,1,17,0,42,260,76,33,440,91,7,24,82.42,4,0.138,0.0,5.023,209.0,100.0,24,980.0
1999,12,1,17,30,0,0,0,0,0,0,7,23,89.37,0,0.138,0.0,4.979,209.0,100.0,24,980.0
1999,12,1,18,0,0,0,0,0,0,0,6,23,96.33,0,0.138,0.1,4.936,208.5,100.0,24,980.0
1999,12,1,18,30,0,0,0,0,0,0,7,23,103.28,0,0.138,0.1,4.901,208.5,100.0,23,980.0
1999,12,1,19,0,0,0,0,0,0,0,7,23,110.21000000000001,1,0.138,0.2,4.866,210.0,100.0,23,980.0
1999,12,1,19,30,0,0,0,0,0,0,7,22,117.08,0,0.138,0.2,4.84,210.0,100.0,23,980.0
1999,12,1,20,0,0,0,0,0,0,0,7,22,123.88000000000001,0,0.138,0.2,4.815,204.3,100.0,23,980.0
1999,12,1,20,30,0,0,0,0,0,0,7,22,130.55,0,0.138,0.2,4.796,204.3,100.0,22,980.0
1999,12,1,21,0,0,0,0,0,0,0,7,22,137.04,0,0.138,0.2,4.7780000000000005,197.20000000000002,100.0,22,980.0
1999,12,1,21,30,0,0,0,0,0,0,7,22,143.24,0,0.138,0.1,4.765,197.20000000000002,100.0,22,980.0
1999,12,1,22,0,0,0,0,0,0,0,7,22,148.96,0,0.138,0.1,4.753,186.60000000000002,100.0,22,980.0
1999,12,1,22,30,0,0,0,0,0,0,6,22,153.9,0,0.138,0.1,4.742,186.60000000000002,100.0,22,980.0
1999,12,1,23,0,0,0,0,0,0,0,7,22,157.51,0,0.138,0.1,4.732,174.60000000000002,100.0,22,980.0
1999,12,1,23,30,0,0,0,0,0,0,6,21,159.1,0,0.138,0.1,4.721,174.60000000000002,100.0,22,980.0
1999,12,2,0,0,0,0,0,0,0,0,7,21,158.21,0,0.138,0.1,4.71,162.60000000000002,100.0,22,980.0
1999,12,2,0,30,0,0,0,0,0,0,7,21,155.11,0,0.138,0.1,4.7010000000000005,162.60000000000002,100.0,22,980.0
1999,12,2,1,0,0,0,0,0,0,0,7,21,150.5,0,0.138,0.1,4.692,153.20000000000002,100.0,22,980.0
1999,12,2,1,30,0,0,0,0,0,0,8,21,144.96,0,0.138,0.0,4.687,153.20000000000002,100.0,21,980.0
1999,12,2,2,0,0,0,0,0,0,0,7,21,138.88,0,0.138,0.0,4.683,149.70000000000002,100.0,21,980.0
1999,12,2,2,30,0,0,0,0,0,0,7,21,132.46,0,0.138,0.0,4.6850000000000005,149.70000000000002,100.0,21,980.0
1999,12,2,3,0,0,0,0,0,0,0,7,21,125.83,0,0.138,0.1,4.688,158.9,100.0,21,980.0
1999,12,2,3,30,0,0,0,0,0,0,7,21,119.07000000000001,0,0.138,0.2,4.698,158.9,100.0,21,980.0
1999,12,2,4,0,0,0,0,0,0,0,8,21,112.21000000000001,0,0.138,0.4,4.708,177.60000000000002,100.0,21,980.0
1999,12,2,4,30,0,0,0,0,0,0,8,21,105.31,0,0.138,0.4,4.721,177.60000000000002,100.0,21,980.0
1999,12,2,5,0,0,0,0,0,0,0,8,21,98.37,0,0.138,0.5,4.735,208.8,100.0,21,980.0
1999,12,2,5,30,0,0,0,0,0,0,7,21,91.41,0,0.138,0.30000000000000004,4.745,208.8,100.0,21,980.0
1999,12,2,6,0,33,187,51,27,373,63,7,21,84.46000000000001,0,0.138,0.2,4.756,234.5,100.0,21,980.0
1999,12,2,6,30,70,323,140,44,591,172,7,22,77.53,4,0.138,0.1,4.768,234.5,100.0,22,980.0
1999,12,2,7,0,135,148,184,56,715,293,7,23,70.64,4,0.138,0.0,4.781,254.9,100.0,23,980.0
1999,12,2,7,30,194,151,261,64,794,414,3,23,63.81,0,0.138,0.0,4.801,254.9,100.0,23,980.0
1999,12,2,8,0,240,274,390,70,848,531,8,23,57.08,0,0.138,0.0,4.821,255.4,98.53,24,980.0
1999,12,2,8,30,306,145,398,75,886,639,4,23,50.49,0,0.138,0.0,4.846,255.4,98.53,24,980.0
1999,12,2,9,0,343,286,549,78,915,735,7,23,44.12,0,0.138,0.0,4.872,245.70000000000002,89.61,25,980.0
1999,12,2,9,30,398,228,578,81,935,818,7,23,38.07,0,0.138,0.0,4.898,245.70000000000002,89.59,25,980.0
1999,12,2,10,0,439,183,593,82,952,884,7,22,32.54,0,0.138,0.0,4.925,344.40000000000003,80.76,26,980.0
1999,12,2,10,30,455,271,695,83,961,934,7,22,27.84,0,0.138,0.0,4.948,344.40000000000003,80.74,26,980.0
1999,12,2,11,0,445,363,777,82,970,965,8,21,24.46,0,0.138,0.0,4.972,32.2,73.98,27,980.0
1999,12,2,11,30,475,290,742,82,972,978,7,21,22.990000000000002,0,0.138,0.0,4.995,32.2,73.95,27,980.0
1999,12,2,12,0,299,16,314,81,972,971,6,21,23.79,0,0.138,0.0,5.018,99.30000000000001,68.84,28,980.0
1999,12,2,12,30,348,24,370,80,967,945,6,21,26.650000000000002,0,0.138,0.0,5.041,99.30000000000001,68.81,28,980.0
1999,12,2,13,0,408,61,461,78,959,900,6,21,31.01,0,0.138,0.0,5.065,145.6,69.26,28,980.0
1999,12,2,13,30,196,6,201,76,946,839,6,21,36.33,0,0.138,0.0,5.0920000000000005,145.6,69.23,28,980.0
1999,12,2,14,0,244,12,253,73,929,761,6,21,42.24,0,0.138,0.0,5.119,174.9,69.73,28,980.0
1999,12,2,14,30,151,0,151,70,904,668,6,21,48.53,0,0.138,0.0,5.143,174.9,69.72,28,980.0
1999,12,2,15,0,178,3,181,65,870,564,6,22,55.06,0,0.138,0.0,5.167,161.60000000000002,70.27,28,980.0
1999,12,2,15,30,196,46,218,60,824,450,6,22,61.76,0,0.138,0.0,5.18,161.60000000000002,74.49,27,980.0
1999,12,2,16,0,146,42,161,53,758,330,6,22,68.56,0,0.138,0.0,5.1930000000000005,71.0,76.32000000000001,27,980.0
1999,12,2,16,30,99,90,122,44,655,209,6,22,75.43,0,0.138,0.0,5.194,71.0,80.94,26,980.0
1999,12,2,17,0,47,61,55,30,481,94,6,23,82.35000000000001,4,0.138,0.0,5.196,89.60000000000001,85.54,26,980.0
1999,12,2,17,30,0,0,0,0,0,0,7,23,89.29,0,0.138,0.0,5.2010000000000005,89.60000000000001,90.77,25,980.0
1999,12,2,18,0,0,0,0,0,0,0,7,23,96.24000000000001,0,0.138,0.1,5.207,223.70000000000002,92.53,25,980.0
1999,12,2,18,30,0,0,0,0,0,0,7,23,103.18,0,0.138,0.1,5.207,223.70000000000002,98.24000000000001,25,980.0
1999,12,2,19,0,0,0,0,0,0,0,7,23,110.10000000000001,1,0.138,0.1,5.207,203.8,96.0,25,980.0
1999,12,2,19,30,0,0,0,0,0,0,7,23,116.97,0,0.138,0.1,5.204,203.8,96.03,24,980.0
1999,12,2,20,0,0,0,0,0,0,0,7,23,123.75,0,0.138,0.1,5.2010000000000005,97.30000000000001,95.49,24,980.0
1999,12,2,20,30,0,0,0,0,0,0,7,23,130.42000000000002,0,0.138,0.1,5.192,97.30000000000001,100.0,23,980.0
1999,12,2,21,0,0,0,0,0,0,0,7,23,136.9,0,0.138,0.2,5.184,57.6,100.0,23,980.0
1999,12,2,21,30,0,0,0,0,0,0,7,23,143.09,0,0.138,0.2,5.173,57.6,100.0,23,980.0
1999,12,2,22,0,0,0,0,0,0,0,7,23,148.8,0,0.138,0.30000000000000004,5.163,36.1,100.0,23,980.0
1999,12,2,22,30,0,0,0,0,0,0,7,22,153.73,0,0.138,0.30000000000000004,5.151,36.1,100.0,23,980.0
1999,12,2,23,0,0,0,0,0,0,0,7,22,157.34,0,0.138,0.30000000000000004,5.139,19.3,100.0,23,980.0
1999,12,2,23,30,0,0,0,0,0,0,7,22,158.94,0,0.138,0.30000000000000004,5.134,19.3,100.0,22,980.0
1999,12,3,0,0,0,0,0,0,0,0,7,22,158.09,0,0.138,0.4,5.1290000000000004,4.3,100.0,22,980.0
1999,12,3,0,30,0,0,0,0,0,0,8,22,155.04,0,0.138,0.30000000000000004,5.132,4.3,100.0,22,980.0
1999,12,3,1,0,0,0,0,0,0,0,8,22,150.46,0,0.138,0.30000000000000004,5.135,351.3,100.0,22,980.0
1999,12,3,1,30,0,0,0,0,0,0,8,21,144.95000000000002,0,0.138,0.2,5.141,351.3,100.0,21,980.0
1999,12,3,2,0,0,0,0,0,0,0,8,21,138.89000000000001,0,0.138,0.2,5.148,340.5,100.0,21,980.0
1999,12,3,2,30,0,0,0,0,0,0,8,21,132.49,0,0.138,0.2,5.155,340.5,100.0,21,980.0
1999,12,3,3,0,0,0,0,0,0,0,7,21,125.88000000000001,0,0.138,0.2,5.163,331.5,100.0,21,980.0
1999,12,3,3,30,0,0,0,0,0,0,3,21,119.12,0,0.138,0.2,5.173,331.5,100.0,21,980.0
1999,12,3,4,0,0,0,0,0,0,0,0,21,112.28,0,0.138,0.2,5.184,325.0,100.0,21,980.0
1999,12,3,4,30,0,0,0,0,0,0,0,21,105.38,0,0.138,0.30000000000000004,5.203,325.0,100.0,21,980.0
1999,12,3,5,0,0,0,0,0,0,0,7,21,98.45,0,0.138,0.4,5.223,321.0,100.0,21,980.0
1999,12,3,5,30,0,0,0,0,0,0,7,21,91.5,0,0.138,0.30000000000000004,5.246,321.0,100.0,21,980.0
1999,12,3,6,0,25,381,61,25,381,61,7,21,84.56,4,0.138,0.30000000000000004,5.2700000000000005,320.5,100.0,22,980.0
1999,12,3,6,30,42,597,170,42,597,170,8,22,77.63,4,0.138,0.1,5.298,320.5,100.0,22,980.0
1999,12,3,7,0,54,716,290,54,716,290,8,23,70.75,4,0.138,0.0,5.327,324.40000000000003,100.0,23,980.0
1999,12,3,7,30,62,794,411,62,794,411,0,23,63.93,0,0.138,0.0,5.361,324.40000000000003,100.0,23,980.0
1999,12,3,8,0,68,846,527,68,846,527,0,23,57.21,0,0.138,0.0,5.3950000000000005,9.5,97.95,24,980.0
1999,12,3,8,30,73,884,634,73,884,634,0,23,50.63,0,0.138,0.0,5.43,9.5,97.95,24,980.0
1999,12,3,9,0,78,910,730,78,910,730,0,23,44.26,0,0.138,0.0,5.4670000000000005,24.5,91.63,25,980.0
1999,12,3,9,30,81,930,812,81,930,812,0,23,38.22,0,0.138,0.0,5.4990000000000006,24.5,91.62,25,980.0
1999,12,3,10,0,437,153,566,84,944,878,2,23,32.7,0,0.138,0.0,5.531,34.2,83.85000000000001,26,980.0
1999,12,3,10,30,461,235,669,86,954,928,8,23,28.01,0,0.138,0.0,5.555,34.2,83.82000000000001,26,980.0
1999,12,3,11,0,210,9,219,88,958,959,6,22,24.63,0,0.138,0.0,5.579,33.0,82.33,27,980.0
1999,12,3,11,30,484,121,596,88,961,972,7,22,23.14,0,0.138,0.0,5.59,33.0,82.29,27,980.0
1999,12,3,12,0,458,333,764,89,958,965,7,22,23.900000000000002,0,0.138,0.0,5.602,27.5,83.23,27,980.0
1999,12,3,12,30,455,295,719,88,954,940,7,22,26.73,0,0.138,0.0,5.602,27.5,83.19,27,980.0
1999,12,3,13,0,448,181,604,87,944,896,6,23,31.05,0,0.138,0.0,5.603,22.700000000000003,84.88,27,980.0
1999,12,3,13,30,328,29,352,84,931,835,6,23,36.34,0,0.138,0.0,5.596,22.700000000000003,84.84,27,980.0
1999,12,3,14,0,352,76,409,81,913,758,6,23,42.230000000000004,0,0.138,0.0,5.59,20.1,80.18,27,980.0
1999,12,3,14,30,316,101,383,78,888,666,6,23,48.5,0,0.138,0.0,5.589,20.1,85.01,27,980.0
1999,12,3,15,0,249,322,434,72,854,562,7,23,55.02,0,0.138,0.0,5.589,24.6,86.4,27,980.0
1999,12,3,15,30,186,366,360,66,805,448,8,23,61.7,0,0.138,0.0,5.591,24.6,86.41,26,980.0
1999,12,3,16,0,133,365,267,58,739,329,8,23,68.49,0,0.138,0.0,5.593,45.7,87.91,26,980.0
1999,12,3,16,30,48,634,208,48,634,208,0,23,75.36,0,0.138,0.0,5.598,45.7,93.28,25,980.0
1999,12,3,17,0,32,459,94,32,459,94,7,24,82.27,4,0.138,0.1,5.604,25.900000000000002,96.09,25,980.0
1999,12,3,17,30,0,0,0,0,0,0,6,24,89.2,0,0.138,0.1,5.605,25.900000000000002,96.12,25,980.0
1999,12,3,18,0,0,0,0,0,0,0,6,23,96.15,0,0.138,0.2,5.607,14.3,93.04,25,980.0
1999,12,3,18,30,0,0,0,0,0,0,6,23,103.08,0,0.138,0.30000000000000004,5.61,14.3,98.78,24,980.0
1999,12,3,19,0,0,0,0,0,0,0,6,23,109.99000000000001,1,0.138,0.4,5.613,15.9,96.13,24,980.0
1999,12,3,19,30,0,0,0,0,0,0,6,23,116.85000000000001,0,0.138,0.4,5.621,15.9,96.15,24,980.0
1999,12,3,20,0,0,0,0,0,0,0,6,23,123.63000000000001,0,0.138,0.4,5.6290000000000004,19.400000000000002,95.86,24,980.0
1999,12,3,20,30,0,0,0,0,0,0,6,23,130.29,0,0.138,0.4,5.63,19.400000000000002,100.0,24,980.0
1999,12,3,21,0,0,0,0,0,0,0,6,23,136.76,0,0.138,0.4,5.632,25.6,100.0,24,980.0
1999,12,3,21,30,0,0,0,0,0,0,6,23,142.94,0,0.138,0.4,5.6240000000000006,25.6,100.0,23,980.0
1999,12,3,22,0,0,0,0,0,0,0,6,23,148.64000000000001,0,0.138,0.4,5.617,34.0,100.0,23,980.0
1999,12,3,22,30,0,0,0,0,0,0,6,23,153.56,0,0.138,0.4,5.593,34.0,100.0,23,980.0
1999,12,3,23,0,0,0,0,0,0,0,8,22,157.17000000000002,0,0.138,0.5,5.57,39.400000000000006,99.74000000000001,23,980.0
1999,12,3,23,30,0,0,0,0,0,0,7,22,158.8,0,0.138,0.4,5.533,39.400000000000006,99.71000000000001,23,980.0
1999,12,4,0,0,0,0,0,0,0,0,7,22,157.98,0,0.138,0.4,5.497,33.4,98.25,23,980.0
1999,12,4,0,30,0,0,0,0,0,0,7,22,154.98,0,0.138,0.30000000000000004,5.48,33.4,98.22,23,980.0
1999,12,4,1,0,0,0,0,0,0,0,7,22,150.43,0,0.138,0.30000000000000004,5.463,22.0,97.62,23,980.0
1999,12,4,1,30,0,0,0,0,0,0,7,22,144.95000000000002,0,0.138,0.30000000000000004,5.468,22.0,100.0,23,980.0
1999,12,4,2,0,0,0,0,0,0,0,7,22,138.91,0,0.138,0.4,5.474,6.5,100.0,23,980.0
1999,12,4,2,30,0,0,0,0,0,0,7,22,132.53,0,0.138,0.4,5.479,6.5,100.0,22,980.0
1999,12,4,3,0,0,0,0,0,0,0,7,22,125.93,0,0.138,0.4,5.484,350.6,100.0,22,980.0
1999,12,4,3,30,0,0,0,0,0,0,7,22,119.18,0,0.138,0.4,5.4750000000000005,350.6,100.0,22,980.0
1999,12,4,4,0,0,0,0,0,0,0,7,22,112.35000000000001,0,0.138,0.4,5.4670000000000005,331.5,100.0,22,980.0
1999,12,4,4,30,0,0,0,0,0,0,7,22,105.46000000000001,0,0.138,0.4,5.455,331.5,100.0,22,980.0
1999,12,4,5,0,0,0,0,0,0,0,7,22,98.53,0,0.138,0.4,5.444,314.3,100.0,22,980.0
1999,12,4,5,30,0,0,0,0,0,0,7,22,91.59,0,0.138,0.4,5.431,314.3,100.0,22,980.0
1999,12,4,6,0,9,0,9,26,356,59,8,22,84.66,4,0.138,0.4,5.4190000000000005,304.5,100.0,22,980.0
1999,12,4,6,30,26,0,26,44,577,167,8,22,77.74,0,0.138,0.2,5.41,304.5,100.0,22,980.0
1999,12,4,7,0,44,0,44,55,709,287,8,23,70.86,4,0.138,0.0,5.401,301.8,100.0,23,980.0
1999,12,4,7,30,189,150,254,63,788,408,7,23,64.05,4,0.138,0.0,5.4,301.8,100.0,23,980.0
1999,12,4,8,0,249,145,327,66,848,524,8,24,57.33,0,0.138,0.0,5.4,333.8,100.0,24,990.0
1999,12,4,8,30,261,413,523,71,886,632,7,24,50.76,0,0.138,0.0,5.409,333.8,100.0,24,990.0
1999,12,4,9,0,72,917,728,72,917,728,1,24,44.4,0,0.138,0.0,5.418,359.8,94.38,25,990.0
1999,12,4,9,30,350,46,387,75,937,810,2,24,38.38,0,0.138,0.0,5.425,359.8,88.93,26,980.0
1999,12,4,10,0,350,31,377,77,952,877,3,22,32.86,0,0.138,0.0,5.433,75.8,75.77,27,980.0
1999,12,4,10,30,377,473,795,79,962,927,7,22,28.18,0,0.138,0.0,5.441,75.8,75.73,27,980.0
1999,12,4,11,0,315,18,332,80,967,959,3,22,24.79,0,0.138,0.0,5.45,127.60000000000001,70.79,28,980.0
1999,12,4,11,30,469,308,752,80,970,972,7,22,23.28,0,0.138,0.0,5.462,127.60000000000001,70.74,28,980.0
1999,12,4,12,0,476,109,576,81,968,965,8,22,24.01,0,0.138,0.0,5.4750000000000005,130.0,71.85000000000001,29,980.0
1999,12,4,12,30,381,504,831,80,963,940,7,22,26.79,0,0.138,0.0,5.495,130.0,71.8,28,980.0
1999,12,4,13,0,443,237,646,80,953,897,7,23,31.080000000000002,0,0.138,0.0,5.516,103.60000000000001,74.99,28,980.0
1999,12,4,13,30,357,43,392,78,940,836,7,23,36.35,0,0.138,0.0,5.537,103.60000000000001,74.95,28,980.0
1999,12,4,14,0,346,66,396,75,922,759,6,23,42.22,0,0.138,0.0,5.558,114.5,74.95,28,980.0
1999,12,4,14,30,164,0,165,72,897,667,6,23,48.47,0,0.138,0.0,5.574,114.5,74.93,28,980.0
1999,12,4,15,0,270,157,360,67,865,563,7,23,54.980000000000004,0,0.138,0.0,5.59,119.9,76.27,28,980.0
1999,12,4,15,30,210,212,311,61,819,450,6,23,61.65,0,0.138,0.0,5.61,119.9,80.85000000000001,27,980.0
1999,12,4,16,0,109,0,109,54,752,331,6,23,68.43,0,0.138,0.0,5.631,91.2,82.10000000000001,27,980.0
1999,12,4,16,30,60,0,60,45,649,210,6,23,75.28,0,0.138,0.0,5.651,91.2,87.08,26,980.0
1999,12,4,17,0,27,0,27,31,475,96,6,24,82.18,4,0.138,0.1,5.672,90.2,90.59,26,980.0
1999,12,4,17,30,0,0,0,0,0,0,6,24,89.11,0,0.138,0.1,5.681,90.2,96.14,25,980.0
1999,12,4,18,0,0,0,0,0,0,0,6,24,96.05,0,0.138,0.2,5.691,62.7,95.09,25,980.0
1999,12,4,18,30,0,0,0,0,0,0,6,24,102.98,0,0.138,0.2,5.699,62.7,95.12,25,980.0
1999,12,4,19,0,0,0,0,0,0,0,6,23,109.88,1,0.138,0.30000000000000004,5.707,73.4,92.39,25,980.0
1999,12,4,19,30,0,0,0,0,0,0,6,23,116.73,0,0.138,0.30000000000000004,5.718,73.4,98.09,25,980.0
1999,12,4,20,0,0,0,0,0,0,0,8,23,123.51,0,0.138,0.4,5.729,98.9,95.37,25,980.0
1999,12,4,20,30,0,0,0,0,0,0,8,23,130.16,0,0.138,0.4,5.736,98.9,95.38,24,980.0
1999,12,4,21,0,0,0,0,0,0,0,7,23,136.62,0,0.138,0.5,5.743,115.80000000000001,94.98,24,980.0
1999,12,4,21,30,0,0,0,0,0,0,7,23,142.79,0,0.138,0.5,5.734,115.80000000000001,94.97,24,980.0
1999,12,4,22,0,0,0,0,0,0,0,7,23,148.48,0,0.138,0.5,5.726,125.9,94.83,24,980.0
1999,12,4,22,30,0,0,0,0,0,0,7,23,153.4,0,0.138,0.5,5.707,125.9,100.0,23,980.0
1999,12,4,23,0,0,0,0,0,0,0,7,23,157.01,0,0.138,0.5,5.688,134.6,100.0,23,980.0
1999,12,4,23,30,0,0,0,0,0,0,7,23,158.66,0,0.138,0.4,5.663,134.6,100.0,23,980.0
1999,12,5,0,0,0,0,0,0,0,0,7,23,157.88,0,0.138,0.4,5.638,141.6,100.0,23,980.0
1999,12,5,0,30,0,0,0,0,0,0,7,23,154.92000000000002,0,0.138,0.4,5.612,141.6,100.0,23,980.0
1999,12,5,1,0,0,0,0,0,0,0,3,22,150.41,0,0.138,0.4,5.587,151.8,99.99000000000001,23,980.0
1999,12,5,1,30,0,0,0,0,0,0,1,22,144.96,0,0.138,0.30000000000000004,5.574,151.8,99.97,23,980.0
1999,12,5,2,0,0,0,0,0,0,0,0,22,138.94,0,0.138,0.30000000000000004,5.562,164.20000000000002,99.54,23,980.0
1999,12,5,2,30,0,0,0,0,0,0,0,22,132.57,0,0.138,0.2,5.558,164.20000000000002,99.54,23,980.0
1999,12,5,3,0,0,0,0,0,0,0,1,22,125.98,0,0.138,0.1,5.554,174.60000000000002,99.79,23,980.0
1999,12,5,3,30,0,0,0,0,0,0,3,22,119.25,0,0.138,0.1,5.555,174.60000000000002,99.81,23,980.0
1999,12,5,4,0,0,0,0,0,0,0,3,22,112.42,0,0.138,0.1,5.556,352.70000000000005,98.73,23,980.0
1999,12,5,4,30,0,0,0,0,0,0,0,22,105.54,0,0.138,0.2,5.555,352.70000000000005,98.76,23,980.0
1999,12,5,5,0,0,0,0,0,0,0,0,22,98.62,0,0.138,0.30000000000000004,5.554,356.40000000000003,98.16,23,980.0
1999,12,5,5,30,0,0,0,0,0,0,3,22,91.69,0,0.138,0.30000000000000004,5.547,356.40000000000003,98.19,23,980.0
1999,12,5,6,0,27,0,27,25,352,58,3,22,84.76,0,0.138,0.30000000000000004,5.541,358.6,98.59,23,980.0
1999,12,5,6,30,44,575,165,44,575,165,0,22,77.85000000000001,0,0.138,0.2,5.537,358.6,98.63,23,980.0
1999,12,5,7,0,110,0,110,56,701,284,3,23,70.98,0,0.138,0.1,5.533,11.200000000000001,100.0,23,980.0
1999,12,5,7,30,64,782,405,64,782,405,0,23,64.17,0,0.138,0.1,5.53,11.200000000000001,100.0,23,980.0
1999,12,5,8,0,71,836,521,71,836,521,0,24,57.46,0,0.138,0.1,5.527,359.6,100.0,24,980.0
1999,12,5,8,30,76,875,628,76,875,628,0,24,50.9,0,0.138,0.0,5.5200000000000005,359.6,98.44,25,980.0
1999,12,5,9,0,80,904,725,80,904,725,0,23,44.550000000000004,0,0.138,0.0,5.514,347.3,87.36,26,980.0
1999,12,5,9,30,352,49,391,83,925,807,2,23,38.53,0,0.138,0.0,5.518,347.3,87.34,26,980.0
1999,12,5,10,0,86,941,874,86,941,874,0,23,33.02,0,0.138,0.0,5.523,353.90000000000003,79.88,27,980.0
1999,12,5,10,30,87,951,925,87,951,925,0,23,28.34,0,0.138,0.0,5.534,353.90000000000003,79.85000000000001,27,980.0
1999,12,5,11,0,88,957,957,88,957,957,0,23,24.94,0,0.138,0.0,5.545,2.3000000000000003,79.68,27,980.0
1999,12,5,11,30,89,960,970,89,960,970,0,23,23.42,0,0.138,0.0,5.561,2.3000000000000003,79.65,27,980.0
1999,12,5,12,0,88,959,964,88,959,964,1,23,24.11,0,0.138,0.0,5.577,23.700000000000003,75.46000000000001,28,980.0
1999,12,5,12,30,87,954,939,87,954,939,1,23,26.86,0,0.138,0.0,5.595,23.700000000000003,75.43,28,980.0
1999,12,5,13,0,86,945,896,86,945,896,0,23,31.11,0,0.138,0.0,5.613,55.900000000000006,75.63,28,980.0
1999,12,5,13,30,84,931,835,84,931,835,0,23,36.35,0,0.138,0.0,5.635,55.900000000000006,75.60000000000001,28,980.0
1999,12,5,14,0,82,912,758,82,912,758,0,23,42.2,0,0.138,0.0,5.658,40.5,76.91,28,980.0
1999,12,5,14,30,78,886,666,78,886,666,0,23,48.44,0,0.138,0.0,5.69,40.5,81.52,27,980.0
1999,12,5,15,0,74,850,563,74,850,563,0,23,54.93,0,0.138,0.0,5.723,201.10000000000002,83.66,27,980.0
1999,12,5,15,30,68,801,449,68,801,449,0,23,61.59,0,0.138,0.0,5.756,201.10000000000002,83.66,27,980.0
1999,12,5,16,0,61,729,330,61,729,330,0,24,68.36,0,0.138,0.0,5.79,232.5,85.75,27,980.0
1999,12,5,16,30,50,622,209,50,622,209,0,24,75.2,0,0.138,0.0,5.808,232.5,90.95,26,980.0
1999,12,5,17,0,35,440,95,35,440,95,8,24,82.10000000000001,4,0.138,0.0,5.8260000000000005,292.5,91.83,26,980.0
1999,12,5,17,30,0,0,0,0,0,0,3,24,89.02,0,0.138,0.0,5.825,292.5,97.45,25,980.0
1999,12,5,18,0,0,0,0,0,0,0,7,24,95.95,0,0.138,0.1,5.825,274.40000000000003,96.02,25,980.0
1999,12,5,18,30,0,0,0,0,0,0,7,24,102.88,0,0.138,0.1,5.814,274.40000000000003,100.0,24,980.0
1999,12,5,19,0,0,0,0,0,0,0,7,24,109.77,1,0.138,0.2,5.804,290.8,100.0,24,980.0
1999,12,5,19,30,0,0,0,0,0,0,7,24,116.62,0,0.138,0.2,5.785,290.8,100.0,24,980.0
1999,12,5,20,0,0,0,0,0,0,0,7,24,123.38000000000001,0,0.138,0.2,5.767,306.40000000000003,100.0,24,980.0
1999,12,5,20,30,0,0,0,0,0,0,7,23,130.02,0,0.138,0.2,5.742,306.40000000000003,100.0,24,980.0
1999,12,5,21,0,0,0,0,0,0,0,7,23,136.48,0,0.138,0.2,5.7170000000000005,318.8,100.0,24,980.0
1999,12,5,21,30,0,0,0,0,0,0,7,23,142.64000000000001,0,0.138,0.1,5.687,318.8,100.0,23,980.0
1999,12,5,22,0,0,0,0,0,0,0,7,23,148.33,0,0.138,0.1,5.658,328.1,100.0,23,980.0
1999,12,5,22,30,0,0,0,0,0,0,7,23,153.24,0,0.138,0.1,5.631,328.1,100.0,23,980.0
1999,12,5,23,0,0,0,0,0,0,0,7,23,156.86,0,0.138,0.1,5.604,332.90000000000003,100.0,23,980.0
1999,12,5,23,30,0,0,0,0,0,0,7,23,158.52,0,0.138,0.1,5.5760000000000005,332.90000000000003,100.0,23,980.0
1999,12,6,0,0,0,0,0,0,0,0,7,23,157.79,0,0.138,0.1,5.548,333.3,100.0,23,980.0
1999,12,6,0,30,0,0,0,0,0,0,7,22,154.86,0,0.138,0.0,5.519,333.3,100.0,23,980.0
1999,12,6,1,0,0,0,0,0,0,0,7,22,150.39000000000001,0,0.138,0.0,5.4910000000000005,335.5,100.0,23,980.0
1999,12,6,1,30,0,0,0,0,0,0,7,22,144.97,0,0.138,0.0,5.46,335.5,100.0,22,980.0
1999,12,6,2,0,0,0,0,0,0,0,7,22,138.97,0,0.138,0.0,5.43,338.40000000000003,100.0,22,980.0
1999,12,6,2,30,0,0,0,0,0,0,7,22,132.61,0,0.138,0.0,5.401,338.40000000000003,100.0,22,980.0
1999,12,6,3,0,0,0,0,0,0,0,7,22,126.04,0,0.138,0.0,5.373,342.5,100.0,22,980.0
1999,12,6,3,30,0,0,0,0,0,0,7,22,119.32000000000001,0,0.138,0.0,5.348,342.5,100.0,22,980.0
1999,12,6,4,0,0,0,0,0,0,0,3,22,112.5,0,0.138,0.0,5.323,345.40000000000003,100.0,22,980.0
1999,12,6,4,30,0,0,0,0,0,0,3,22,105.62,0,0.138,0.0,5.297,345.40000000000003,100.0,22,980.0
1999,12,6,5,0,0,0,0,0,0,0,3,22,98.71000000000001,0,0.138,0.0,5.271,348.40000000000003,100.0,22,980.0
1999,12,6,5,30,0,0,0,0,0,0,3,22,91.79,0,0.138,0.0,5.252,348.40000000000003,100.0,22,980.0
1999,12,6,6,0,27,0,27,26,321,55,3,22,84.86,4,0.138,0.0,5.2330000000000005,353.8,100.0,23,980.0
1999,12,6,6,30,76,21,81,46,549,161,3,22,77.96000000000001,0,0.138,0.0,5.229,353.8,100.0,23,980.0
1999,12,6,7,0,132,77,157,61,672,279,3,23,71.09,0,0.138,0.0,5.226,8.6,100.0,24,980.0
1999,12,6,7,30,190,112,238,71,757,400,3,23,64.29,0,0.138,0.0,5.2330000000000005,8.6,96.35000000000001,24,980.0
1999,12,6,8,0,244,220,362,82,807,514,3,23,57.59,0,0.138,0.0,5.2410000000000005,15.3,92.06,25,980.0
1999,12,6,8,30,88,849,622,88,849,622,0,23,51.03,0,0.138,0.0,5.258,15.3,92.06,25,980.0
1999,12,6,9,0,97,872,717,97,872,717,0,23,44.69,0,0.138,0.0,5.275,21.400000000000002,86.99,26,980.0
1999,12,6,9,30,369,347,640,101,895,800,3,23,38.67,0,0.138,0.0,5.305,21.400000000000002,86.97,26,980.0
1999,12,6,10,0,109,903,865,109,903,865,0,23,33.17,0,0.138,0.0,5.335,26.3,81.86,27,980.0
1999,12,6,10,30,112,915,916,112,915,916,1,23,28.490000000000002,0,0.138,0.0,5.369,26.3,81.83,27,980.0
1999,12,6,11,0,115,919,947,115,919,947,1,23,25.1,0,0.138,0.0,5.4030000000000005,28.0,76.98,28,980.0
1999,12,6,11,30,490,174,650,115,922,961,3,23,23.55,0,0.138,0.0,5.429,28.0,76.94,28,980.0
1999,12,6,12,0,344,22,364,113,924,956,3,23,24.21,0,0.138,0.0,5.456,28.1,77.17,28,980.0
1999,12,6,12,30,112,919,931,112,919,931,0,23,26.91,0,0.138,0.0,5.47,28.1,77.13,28,980.0
1999,12,6,13,0,106,914,889,106,914,889,0,23,31.13,0,0.138,0.0,5.484,29.1,77.53,29,980.0
1999,12,6,13,30,104,899,828,104,899,828,1,23,36.34,0,0.138,0.0,5.484,29.1,77.5,28,980.0
1999,12,6,14,0,96,887,753,96,887,753,0,23,42.17,0,0.138,0.0,5.486,30.700000000000003,78.41,28,980.0
1999,12,6,14,30,324,184,446,91,859,662,3,23,48.4,0,0.138,0.0,5.477,30.700000000000003,78.39,28,980.0
1999,12,6,15,0,82,832,561,82,832,561,0,24,54.870000000000005,0,0.138,0.0,5.469,33.2,80.09,28,980.0
1999,12,6,15,30,209,234,321,75,782,448,3,24,61.52,0,0.138,0.0,5.444,33.2,84.89,27,980.0
1999,12,6,16,0,155,191,226,63,720,330,3,24,68.29,0,0.138,0.0,5.4190000000000005,39.900000000000006,87.10000000000001,27,980.0
1999,12,6,16,30,101,75,121,52,612,209,3,24,75.12,0,0.138,0.0,5.39,39.900000000000006,92.38,26,980.0
1999,12,6,17,0,49,45,55,35,444,96,7,25,82.01,4,0.138,0.0,5.362,38.7,94.46000000000001,26,980.0
1999,12,6,17,30,6,0,6,9,118,12,7,25,88.93,4,0.138,0.0,5.341,38.7,100.0,25,980.0
1999,12,6,18,0,0,0,0,0,0,0,7,24,95.85000000000001,0,0.138,0.1,5.32,35.9,98.03,25,980.0
1999,12,6,18,30,0,0,0,0,0,0,6,24,102.77,0,0.138,0.1,5.308,35.9,100.0,24,980.0
1999,12,6,19,0,0,0,0,0,0,0,6,24,109.66,1,0.138,0.1,5.297,35.300000000000004,100.0,24,980.0
1999,12,6,19,30,0,0,0,0,0,0,7,24,116.5,0,0.138,0.1,5.298,35.300000000000004,100.0,24,980.0
1999,12,6,20,0,0,0,0,0,0,0,7,24,123.26,0,0.138,0.1,5.3,32.0,100.0,24,980.0
1999,12,6,20,30,0,0,0,0,0,0,7,23,129.89000000000001,0,0.138,0.0,5.305,32.0,100.0,23,980.0
1999,12,6,21,0,0,0,0,0,0,0,7,23,136.34,0,0.138,0.0,5.3100000000000005,27.0,100.0,23,980.0
1999,12,6,21,30,0,0,0,0,0,0,7,23,142.5,0,0.138,0.0,5.321,27.0,100.0,23,980.0
1999,12,6,22,0,0,0,0,0,0,0,7,23,148.18,0,0.138,0.0,5.3340000000000005,20.0,100.0,23,980.0
1999,12,6,22,30,0,0,0,0,0,0,7,23,153.08,0,0.138,0.0,5.3500000000000005,20.0,100.0,23,980.0
1999,12,6,23,0,0,0,0,0,0,0,7,23,156.71,0,0.138,0.0,5.3660000000000005,11.700000000000001,100.0,23,980.0
1999,12,6,23,30,0,0,0,0,0,0,7,23,158.4,0,0.138,0.0,5.369,11.700000000000001,100.0,23,980.0
1999,12,7,0,0,0,0,0,0,0,0,7,23,157.70000000000002,0,0.138,0.0,5.373,8.1,100.0,23,980.0
1999,12,7,0,30,0,0,0,0,0,0,7,22,154.82,0,0.138,0.0,5.37,8.1,100.0,23,980.0
1999,12,7,1,0,0,0,0,0,0,0,0,22,150.38,0,0.138,0.0,5.368,8.1,100.0,23,980.0
1999,12,7,1,30,0,0,0,0,0,0,3,22,144.98,0,0.138,0.0,5.367,8.1,100.0,22,980.0
1999,12,7,2,0,0,0,0,0,0,0,4,22,139.0,0,0.138,0.0,5.367,10.600000000000001,100.0,22,980.0
1999,12,7,2,30,0,0,0,0,0,0,4,22,132.66,0,0.138,0.0,5.37,10.600000000000001,100.0,22,980.0
1999,12,7,3,0,0,0,0,0,0,0,4,22,126.10000000000001,0,0.138,0.0,5.373,12.3,100.0,22,980.0
1999,12,7,3,30,0,0,0,0,0,0,4,22,119.39,0,0.138,0.0,5.3660000000000005,12.3,100.0,22,980.0
1999,12,7,4,0,0,0,0,0,0,0,4,22,112.58,0,0.138,0.0,5.359,17.2,100.0,22,980.0
1999,12,7,4,30,0,0,0,0,0,0,3,22,105.71000000000001,0,0.138,0.0,5.346,17.2,100.0,22,980.0
1999,12,7,5,0,0,0,0,0,0,0,3,22,98.8,0,0.138,0.0,5.335,23.5,100.0,22,980.0
1999,12,7,5,30,0,0,0,0,0,0,0,22,91.88,0,0.138,0.0,5.3260000000000005,23.5,100.0,22,980.0
1999,12,7,6,0,27,301,53,27,301,53,0,22,84.96000000000001,0,0.138,0.0,5.3180000000000005,24.400000000000002,100.0,23,980.0
1999,12,7,6,30,48,532,158,48,532,158,0,22,78.07000000000001,0,0.138,0.0,5.32,24.400000000000002,100.0,23,980.0
1999,12,7,7,0,63,660,276,63,660,276,0,23,71.21000000000001,0,0.138,0.0,5.323,21.6,100.0,24,980.0
1999,12,7,7,30,74,747,396,74,747,396,0,23,64.41,0,0.138,0.0,5.33,21.6,98.19,24,980.0
1999,12,7,8,0,84,799,511,84,799,511,0,24,57.72,0,0.138,0.0,5.337,23.5,95.07000000000001,25,980.0
1999,12,7,8,30,91,842,619,91,842,619,0,24,51.160000000000004,0,0.138,0.0,5.34,23.5,95.07000000000001,25,980.0
1999,12,7,9,0,99,867,714,99,867,714,0,24,44.83,0,0.138,0.0,5.344,24.3,89.03,26,980.0
1999,12,7,9,30,103,891,798,103,891,798,0,24,38.82,0,0.138,0.0,5.3340000000000005,24.3,89.01,26,980.0
1999,12,7,10,0,104,912,866,104,912,866,0,23,33.33,0,0.138,0.0,5.324,28.6,82.54,27,980.0
1999,12,7,10,30,106,924,917,106,924,917,0,23,28.64,0,0.138,0.0,5.303,28.6,82.5,27,980.0
1999,12,7,11,0,103,938,952,103,938,952,0,23,25.240000000000002,0,0.138,0.0,5.283,35.800000000000004,77.51,28,980.0
1999,12,7,11,30,104,941,966,104,941,966,0,23,23.67,0,0.138,0.0,5.268,35.800000000000004,77.47,28,980.0
1999,12,7,12,0,101,943,961,101,943,961,0,23,24.29,0,0.138,0.0,5.2540000000000004,43.400000000000006,77.63,28,980.0
1999,12,7,12,30,471,205,654,100,938,937,3,23,26.96,0,0.138,0.0,5.247,43.400000000000006,77.59,28,980.0
1999,12,7,13,0,424,325,702,98,930,894,7,23,31.150000000000002,0,0.138,0.0,5.242,51.7,78.09,28,980.0
1999,12,7,13,30,95,916,834,95,916,834,0,23,36.33,0,0.138,0.0,5.242,51.7,78.07000000000001,28,980.0
1999,12,7,14,0,92,897,758,92,897,758,0,24,42.14,0,0.138,0.0,5.243,68.3,79.83,28,980.0
1999,12,7,14,30,87,871,666,87,871,666,0,24,48.35,0,0.138,0.0,5.239,68.3,84.60000000000001,28,980.0
1999,12,7,15,0,81,836,563,81,836,563,0,24,54.82,0,0.138,0.0,5.236,85.10000000000001,86.87,28,980.0
1999,12,7,15,30,74,786,450,74,786,450,0,24,61.46,0,0.138,0.0,5.228,85.10000000000001,86.87,27,980.0
1999,12,7,16,0,65,717,332,65,717,332,0,25,68.21000000000001,0,0.138,0.0,5.22,72.3,89.37,27,980.0
1999,12,7,16,30,54,609,211,54,609,211,0,25,75.04,0,0.138,0.0,5.2170000000000005,72.3,94.78,26,980.0
1999,12,7,17,0,37,429,97,37,429,97,1,25,81.92,0,0.138,0.1,5.214,75.9,96.18,26,980.0
1999,12,7,17,30,12,0,12,10,108,12,3,25,88.83,4,0.138,0.2,5.218,75.9,100.0,25,980.0
1999,12,7,18,0,0,0,0,0,0,0,1,25,95.75,0,0.138,0.30000000000000004,5.222,72.0,100.0,25,980.0
1999,12,7,18,30,0,0,0,0,0,0,7,25,102.66,0,0.138,0.30000000000000004,5.237,72.0,100.0,25,980.0
1999,12,7,19,0,0,0,0,0,0,0,7,24,109.55,1,0.138,0.30000000000000004,5.252,73.7,99.44,25,980.0
1999,12,7,19,30,0,0,0,0,0,0,7,24,116.38,0,0.138,0.30000000000000004,5.271,73.7,100.0,25,980.0
1999,12,7,20,0,0,0,0,0,0,0,7,24,123.13000000000001,0,0.138,0.4,5.291,74.7,100.0,25,980.0
1999,12,7,20,30,0,0,0,0,0,0,6,24,129.76,0,0.138,0.4,5.3,74.7,100.0,24,980.0
1999,12,7,21,0,0,0,0,0,0,0,6,24,136.21,0,0.138,0.4,5.3100000000000005,77.4,100.0,24,980.0
1999,12,7,21,30,0,0,0,0,0,0,6,24,142.35,0,0.138,0.4,5.312,77.4,100.0,24,980.0
1999,12,7,22,0,0,0,0,0,0,0,6,24,148.03,0,0.138,0.4,5.315,80.80000000000001,100.0,24,980.0
1999,12,7,22,30,0,0,0,0,0,0,6,23,152.93,0,0.138,0.4,5.307,80.80000000000001,100.0,24,980.0
1999,12,7,23,0,0,0,0,0,0,0,6,23,156.57,0,0.138,0.4,5.299,85.9,100.0,24,980.0
1999,12,7,23,30,0,0,0,0,0,0,6,23,158.28,0,0.138,0.4,5.287,85.9,100.0,23,980.0
1999,12,8,0,0,0,0,0,0,0,0,6,23,157.62,0,0.138,0.4,5.275,91.10000000000001,100.0,23,980.0
1999,12,8,0,30,0,0,0,0,0,0,6,23,154.78,0,0.138,0.4,5.257,91.10000000000001,100.0,23,980.0
1999,12,8,1,0,0,0,0,0,0,0,6,23,150.38,0,0.138,0.4,5.24,93.80000000000001,100.0,23,980.0
1999,12,8,1,30,0,0,0,0,0,0,6,23,145.0,0,0.138,0.4,5.221,93.80000000000001,100.0,23,980.0
1999,12,8,2,0,0,0,0,0,0,0,6,23,139.04,0,0.138,0.4,5.203,95.4,100.0,23,980.0
1999,12,8,2,30,0,0,0,0,0,0,6,22,132.72,0,0.138,0.30000000000000004,5.184,95.4,100.0,22,980.0
1999,12,8,3,0,0,0,0,0,0,0,6,22,126.16,0,0.138,0.30000000000000004,5.165,97.5,100.0,22,980.0
1999,12,8,3,30,0,0,0,0,0,0,6,22,119.46000000000001,0,0.138,0.2,5.1530000000000005,97.5,100.0,22,980.0
1999,12,8,4,0,0,0,0,0,0,0,6,22,112.66,0,0.138,0.2,5.142,98.60000000000001,100.0,22,980.0
1999,12,8,4,30,0,0,0,0,0,0,8,22,105.8,0,0.138,0.2,5.141,98.60000000000001,100.0,22,980.0
1999,12,8,5,0,0,0,0,0,0,0,8,22,98.9,0,0.138,0.2,5.14,95.80000000000001,100.0,22,980.0
1999,12,8,5,30,0,0,0,0,0,0,8,22,91.98,0,0.138,0.2,5.155,95.80000000000001,100.0,22,980.0
1999,12,8,6,0,26,0,26,27,295,52,7,22,85.07000000000001,0,0.138,0.2,5.171,92.30000000000001,100.0,22,980.0
1999,12,8,6,30,59,432,147,48,528,157,8,23,78.18,0,0.138,0.1,5.199,92.30000000000001,100.0,23,980.0
1999,12,8,7,0,88,530,258,63,664,275,7,24,71.32000000000001,0,0.138,0.0,5.227,95.0,100.0,24,980.0
1999,12,8,7,30,176,47,196,73,750,396,3,24,64.53,0,0.138,0.0,5.257,95.0,100.0,24,980.0
1999,12,8,8,0,80,813,512,80,813,512,0,24,57.84,0,0.138,0.0,5.287,89.60000000000001,97.7,25,980.0
1999,12,8,8,30,299,137,385,86,855,620,3,24,51.300000000000004,0,0.138,0.0,5.314,89.60000000000001,97.69,25,980.0
1999,12,8,9,0,348,219,504,89,888,718,3,24,44.97,0,0.138,0.0,5.341,88.5,93.39,26,980.0
1999,12,8,9,30,360,371,649,93,910,801,7,24,38.96,0,0.138,0.0,5.37,88.5,93.36,26,980.0
1999,12,8,10,0,429,234,624,94,928,869,8,24,33.47,0,0.138,0.0,5.4,89.60000000000001,94.0,26,980.0
1999,12,8,10,30,462,157,599,96,939,920,3,24,28.79,0,0.138,0.0,5.438,89.60000000000001,93.96000000000001,26,980.0
1999,12,8,11,0,480,191,654,96,947,953,7,25,25.38,0,0.138,0.0,5.476,92.7,94.49,27,980.0
1999,12,8,11,30,488,192,665,97,950,966,7,25,23.79,0,0.138,0.0,5.516,92.7,94.45,27,980.0
1999,12,8,12,0,485,156,627,94,952,962,8,25,24.37,0,0.138,0.0,5.557,97.60000000000001,89.17,27,980.0
1999,12,8,12,30,457,285,712,93,947,937,7,25,27.0,0,0.138,0.0,5.607,97.60000000000001,89.13,27,980.0
1999,12,8,13,0,433,289,680,91,938,895,7,25,31.16,0,0.138,0.0,5.657,106.5,89.39,27,980.0
1999,12,8,13,30,402,282,629,89,925,835,7,25,36.32,0,0.138,0.0,5.705,106.5,89.38,27,980.0
1999,12,8,14,0,336,54,376,86,906,758,6,25,42.11,0,0.138,0.0,5.755,117.10000000000001,90.57000000000001,27,980.0
1999,12,8,14,30,318,103,387,82,880,668,6,25,48.300000000000004,0,0.138,0.0,5.788,117.10000000000001,96.05,27,980.0
1999,12,8,15,0,206,13,214,76,847,565,6,25,54.76,0,0.138,0.0,5.821,126.0,97.94,27,980.0
1999,12,8,15,30,178,420,380,70,799,453,8,25,61.39,0,0.138,0.0,5.815,126.0,97.96000000000001,26,980.0
1999,12,8,16,0,85,645,326,61,732,334,7,26,68.13,0,0.138,0.0,5.8100000000000005,128.5,100.0,26,980.0
1999,12,8,16,30,51,628,214,51,628,214,0,25,74.96000000000001,0,0.138,0.0,5.7780000000000005,128.5,100.0,25,980.0
1999,12,8,17,0,35,458,100,35,458,100,1,25,81.83,0,0.138,0.1,5.746,117.7,100.0,25,980.0
1999,12,8,17,30,10,138,13,10,138,13,1,25,88.73,0,0.138,0.2,5.694,117.7,100.0,25,980.0
1999,12,8,18,0,0,0,0,0,0,0,7,25,95.65,0,0.138,0.30000000000000004,5.643,112.7,100.0,25,980.0
1999,12,8,18,30,0,0,0,0,0,0,7,24,102.56,0,0.138,0.30000000000000004,5.587,112.7,100.0,24,980.0
1999,12,8,19,0,0,0,0,0,0,0,7,24,109.43,1,0.138,0.30000000000000004,5.531,115.80000000000001,100.0,24,980.0
1999,12,8,19,30,0,0,0,0,0,0,7,24,116.26,0,0.138,0.30000000000000004,5.49,115.80000000000001,100.0,24,980.0
1999,12,8,20,0,0,0,0,0,0,0,7,24,123.01,0,0.138,0.30000000000000004,5.449,121.10000000000001,100.0,24,980.0
1999,12,8,20,30,0,0,0,0,0,0,3,24,129.63,0,0.138,0.30000000000000004,5.429,121.10000000000001,100.0,24,980.0
1999,12,8,21,0,0,0,0,0,0,0,7,24,136.07,0,0.138,0.30000000000000004,5.409,135.20000000000002,100.0,24,980.0
1999,12,8,21,30,0,0,0,0,0,0,7,23,142.21,0,0.138,0.30000000000000004,5.404,135.20000000000002,100.0,24,980.0
1999,12,8,22,0,0,0,0,0,0,0,7,23,147.89000000000001,0,0.138,0.30000000000000004,5.401,157.70000000000002,100.0,24,980.0
1999,12,8,22,30,0,0,0,0,0,0,7,23,152.79,0,0.138,0.30000000000000004,5.406,157.70000000000002,100.0,23,980.0
1999,12,8,23,0,0,0,0,0,0,0,8,23,156.43,0,0.138,0.30000000000000004,5.412,180.0,100.0,23,980.0
1999,12,8,23,30,0,0,0,0,0,0,7,23,158.16,0,0.138,0.30000000000000004,5.412,180.0,100.0,23,980.0
1999,12,9,0,0,0,0,0,0,0,0,8,23,157.54,0,0.138,0.30000000000000004,5.413,201.20000000000002,100.0,23,980.0
1999,12,9,0,30,0,0,0,0,0,0,7,23,154.74,0,0.138,0.30000000000000004,5.406,201.20000000000002,100.0,23,980.0
1999,12,9,1,0,0,0,0,0,0,0,7,23,150.37,0,0.138,0.4,5.4,214.70000000000002,100.0,23,980.0
1999,12,9,1,30,0,0,0,0,0,0,7,23,145.03,0,0.138,0.4,5.389,214.70000000000002,100.0,23,980.0
1999,12,9,2,0,0,0,0,0,0,0,7,23,139.08,0,0.138,0.4,5.3790000000000004,222.20000000000002,100.0,23,980.0
1999,12,9,2,30,0,0,0,0,0,0,7,23,132.77,0,0.138,0.4,5.364,222.20000000000002,100.0,23,980.0
1999,12,9,3,0,0,0,0,0,0,0,7,23,126.23,0,0.138,0.5,5.349,228.20000000000002,100.0,23,980.0
1999,12,9,3,30,0,0,0,0,0,0,3,23,119.54,0,0.138,0.5,5.332,228.20000000000002,100.0,23,980.0
1999,12,9,4,0,0,0,0,0,0,0,0,23,112.74000000000001,0,0.138,0.5,5.315,232.8,100.0,23,980.0
1999,12,9,4,30,0,0,0,0,0,0,0,22,105.89,0,0.138,0.5,5.296,232.8,100.0,23,980.0
1999,12,9,5,0,0,0,0,0,0,0,0,22,99.0,0,0.138,0.5,5.2780000000000005,227.4,100.0,23,980.0
1999,12,9,5,30,0,0,0,0,0,0,3,22,92.09,0,0.138,0.4,5.263,227.4,100.0,23,980.0
1999,12,9,6,0,24,343,53,24,343,53,3,23,85.18,4,0.138,0.4,5.248,216.0,100.0,23,980.0
1999,12,9,6,30,42,574,159,42,574,159,0,23,78.29,0,0.138,0.2,5.245,216.0,100.0,23,980.0
1999,12,9,7,0,54,703,278,54,703,278,0,23,71.44,0,0.138,0.0,5.242,208.70000000000002,100.0,23,980.0
1999,12,9,7,30,62,785,398,62,785,398,0,23,64.66,0,0.138,0.0,5.25,208.70000000000002,100.0,23,980.0
1999,12,9,8,0,243,123,309,67,844,515,3,24,57.97,0,0.138,0.0,5.26,174.3,100.0,24,990.0
1999,12,9,8,30,299,167,404,72,883,623,3,24,51.43,0,0.138,0.0,5.287,174.3,100.0,24,980.0
1999,12,9,9,0,332,75,385,74,915,720,3,25,45.1,0,0.138,0.0,5.314,159.8,100.0,25,980.0
1999,12,9,9,30,393,139,502,77,935,803,3,25,39.1,0,0.138,0.0,5.361,159.8,100.0,25,980.0
1999,12,9,10,0,433,187,589,78,951,870,3,24,33.62,0,0.138,0.0,5.409,162.10000000000002,98.13,26,980.0
1999,12,9,10,30,450,270,687,80,961,921,3,24,28.93,0,0.138,0.0,5.452,162.10000000000002,98.10000000000001,26,980.0
1999,12,9,11,0,479,202,661,81,967,954,3,24,25.51,0,0.138,0.0,5.497,165.9,88.76,26,980.0
1999,12,9,11,30,81,970,968,81,970,968,0,23,23.89,0,0.138,0.0,5.527,165.9,88.72,26,980.0
1999,12,9,12,0,81,969,963,81,969,963,0,23,24.45,0,0.138,0.0,5.557,167.8,86.36,27,980.0
1999,12,9,12,30,80,964,939,80,964,939,1,23,27.04,0,0.138,0.0,5.567,167.8,86.31,27,980.0
1999,12,9,13,0,363,470,766,78,956,897,7,23,31.16,0,0.138,0.0,5.578,170.4,84.95,27,980.0
1999,12,9,13,30,325,494,723,77,944,838,8,23,36.300000000000004,0,0.138,0.0,5.575,170.4,84.92,26,980.0
1999,12,9,14,0,298,28,319,74,926,762,6,23,42.07,0,0.138,0.0,5.572,173.60000000000002,84.45,26,980.0
1999,12,9,14,30,271,31,292,70,902,672,6,23,48.25,0,0.138,0.0,5.558,173.60000000000002,84.43,26,980.0
1999,12,9,15,0,230,28,247,66,870,569,6,23,54.69,0,0.138,0.0,5.545,176.20000000000002,85.33,26,980.0
1999,12,9,15,30,215,177,300,61,825,457,6,23,61.31,0,0.138,0.0,5.523,176.20000000000002,90.54,26,980.0
1999,12,9,16,0,109,530,307,54,762,339,8,23,68.05,0,0.138,0.0,5.501,181.9,92.17,26,980.0
1999,12,9,16,30,82,402,187,45,663,218,8,23,74.87,0,0.138,0.0,5.476,181.9,97.85000000000001,25,980.0
1999,12,9,17,0,42,326,89,32,498,103,7,23,81.74,4,0.138,0.0,5.452,177.70000000000002,99.55,25,980.0
1999,12,9,17,30,13,0,13,10,180,15,7,23,88.63,4,0.138,0.0,5.428,177.70000000000002,99.58,24,980.0
1999,12,9,18,0,0,0,0,0,0,0,7,23,95.55,0,0.138,0.1,5.404,176.5,98.86,24,980.0
1999,12,9,18,30,0,0,0,0,0,0,7,23,102.45,0,0.138,0.1,5.386,176.5,100.0,23,980.0
1999,12,9,19,0,0,0,0,0,0,0,7,23,109.32000000000001,1,0.138,0.2,5.368,180.20000000000002,100.0,23,980.0
1999,12,9,19,30,0,0,0,0,0,0,6,23,116.14,0,0.138,0.2,5.356,180.20000000000002,100.0,23,980.0
1999,12,9,20,0,0,0,0,0,0,0,6,23,122.89,0,0.138,0.2,5.345,184.0,100.0,23,980.0
1999,12,9,20,30,0,0,0,0,0,0,6,22,129.51,0,0.138,0.1,5.3420000000000005,184.0,100.0,23,980.0
1999,12,9,21,0,0,0,0,0,0,0,6,22,135.94,0,0.138,0.1,5.339,187.5,100.0,23,980.0
1999,12,9,21,30,0,0,0,0,0,0,6,22,142.08,0,0.138,0.1,5.337,187.5,100.0,22,980.0
1999,12,9,22,0,0,0,0,0,0,0,8,22,147.75,0,0.138,0.1,5.336,188.10000000000002,100.0,22,980.0
1999,12,9,22,30,0,0,0,0,0,0,8,22,152.65,0,0.138,0.1,5.34,188.10000000000002,100.0,22,980.0
1999,12,9,23,0,0,0,0,0,0,0,8,22,156.3,0,0.138,0.1,5.344,184.9,100.0,22,980.0
1999,12,9,23,30,0,0,0,0,0,0,8,22,158.06,0,0.138,0.1,5.3500000000000005,184.9,100.0,22,980.0
1999,12,10,0,0,0,0,0,0,0,0,7,22,157.48,0,0.138,0.1,5.357,182.3,100.0,22,980.0
1999,12,10,0,30,0,0,0,0,0,0,7,21,154.71,0,0.138,0.1,5.368,182.3,100.0,22,980.0
1999,12,10,1,0,0,0,0,0,0,0,4,21,150.38,0,0.138,0.1,5.38,181.60000000000002,100.0,22,980.0
1999,12,10,1,30,0,0,0,0,0,0,4,21,145.06,0,0.138,0.1,5.39,181.60000000000002,100.0,22,980.0
1999,12,10,2,0,0,0,0,0,0,0,4,21,139.13,0,0.138,0.1,5.401,186.10000000000002,100.0,22,980.0
1999,12,10,2,30,0,0,0,0,0,0,7,21,132.83,0,0.138,0.1,5.409,186.10000000000002,100.0,21,980.0
1999,12,10,3,0,0,0,0,0,0,0,7,21,126.3,0,0.138,0.1,5.417,192.60000000000002,100.0,21,980.0
1999,12,10,3,30,0,0,0,0,0,0,3,21,119.62,0,0.138,0.1,5.413,192.60000000000002,100.0,21,980.0
1999,12,10,4,0,0,0,0,0,0,0,3,21,112.83,0,0.138,0.1,5.409,198.9,100.0,21,980.0
1999,12,10,4,30,0,0,0,0,0,0,1,21,105.98,0,0.138,0.1,5.388,198.9,100.0,21,980.0
1999,12,10,5,0,0,0,0,0,0,0,0,21,99.09,0,0.138,0.2,5.367,206.9,100.0,21,980.0
1999,12,10,5,30,0,0,0,0,0,0,0,21,92.19,0,0.138,0.1,5.335,206.9,100.0,21,980.0
1999,12,10,6,0,23,355,52,23,355,52,0,22,85.28,0,0.138,0.1,5.304,212.70000000000002,100.0,22,980.0
1999,12,10,6,30,40,585,158,40,585,158,0,22,78.4,0,0.138,0.0,5.281,212.70000000000002,100.0,22,980.0
1999,12,10,7,0,50,716,277,50,716,277,0,23,71.56,0,0.138,0.0,5.259,218.4,100.0,23,980.0
1999,12,10,7,30,58,796,397,58,796,397,0,23,64.78,0,0.138,0.0,5.257,218.4,100.0,23,990.0
1999,12,10,8,0,62,853,513,62,853,513,0,22,58.1,0,0.138,0.0,5.255,200.8,93.47,24,990.0
1999,12,10,8,30,67,891,621,67,891,621,0,22,51.56,0,0.138,0.0,5.265,200.8,88.06,25,990.0
1999,12,10,9,0,70,919,718,70,919,718,0,22,45.24,0,0.138,0.0,5.276,163.8,81.61,26,990.0
1999,12,10,9,30,73,939,801,73,939,801,0,22,39.24,0,0.138,0.0,5.298,163.8,81.59,26,990.0
1999,12,10,10,0,413,303,666,76,953,869,3,22,33.76,0,0.138,0.0,5.322,134.0,76.32000000000001,27,990.0
1999,12,10,10,30,445,290,698,78,963,920,3,22,29.07,0,0.138,0.0,5.353,134.0,76.28,27,980.0
1999,12,10,11,0,80,969,953,80,969,953,0,22,25.64,0,0.138,0.0,5.385,124.60000000000001,72.3,28,980.0
1999,12,10,11,30,471,98,561,80,971,968,2,22,24.0,0,0.138,0.0,5.413,124.60000000000001,72.26,28,980.0
1999,12,10,12,0,82,969,963,82,969,963,0,22,24.52,0,0.138,0.0,5.441,130.20000000000002,72.65,28,980.0
1999,12,10,12,30,81,964,940,81,964,940,0,22,27.07,0,0.138,0.0,5.462,130.20000000000002,72.61,28,980.0
1999,12,10,13,0,81,954,898,81,954,898,0,22,31.16,1,0.138,0.0,5.484,142.0,73.79,28,980.0
1999,12,10,13,30,393,79,457,79,942,839,8,22,36.27,0,0.138,0.0,5.503,142.0,73.75,28,980.0
1999,12,10,14,0,326,44,359,78,922,763,6,23,42.02,0,0.138,0.0,5.522,150.9,75.52,28,980.0
1999,12,10,14,30,312,289,505,74,898,673,8,23,48.19,0,0.138,0.0,5.527,150.9,80.03,27,980.0
1999,12,10,15,0,246,356,452,71,862,570,8,23,54.620000000000005,0,0.138,0.0,5.533,150.8,81.89,27,980.0
1999,12,10,15,30,217,154,291,65,816,458,6,23,61.230000000000004,0,0.138,0.0,5.519,150.8,86.83,27,980.0
1999,12,10,16,0,138,359,273,59,746,339,7,24,67.97,0,0.138,0.0,5.505,141.3,89.46000000000001,27,980.0
1999,12,10,16,30,88,353,181,49,644,219,7,24,74.78,0,0.138,0.0,5.481,141.3,89.47,26,980.0
1999,12,10,17,0,46,274,86,35,473,104,7,24,81.64,4,0.138,0.0,5.458,167.20000000000002,90.8,26,980.0
1999,12,10,17,30,13,0,13,11,155,15,7,24,88.53,4,0.138,0.1,5.438,167.20000000000002,96.36,25,980.0
1999,12,10,18,0,0,0,0,0,0,0,7,24,95.44,0,0.138,0.2,5.418,179.8,95.62,25,980.0
1999,12,10,18,30,0,0,0,0,0,0,6,24,102.34,0,0.138,0.2,5.398,179.8,100.0,24,980.0
1999,12,10,19,0,0,0,0,0,0,0,6,24,109.21000000000001,1,0.137,0.30000000000000004,5.378,175.0,100.0,24,980.0
1999,12,10,19,30,0,0,0,0,0,0,6,24,116.02,0,0.137,0.30000000000000004,5.355,175.0,100.0,24,980.0
1999,12,10,20,0,0,0,0,0,0,0,6,24,122.76,0,0.137,0.4,5.333,171.9,100.0,24,980.0
1999,12,10,20,30,0,0,0,0,0,0,8,23,129.38,0,0.137,0.4,5.313,171.9,100.0,23,980.0
1999,12,10,21,0,0,0,0,0,0,0,7,23,135.8,0,0.137,0.4,5.2940000000000005,170.60000000000002,100.0,23,980.0
1999,12,10,21,30,0,0,0,0,0,0,7,23,141.94,0,0.137,0.4,5.279,170.60000000000002,100.0,23,980.0
1999,12,10,22,0,0,0,0,0,0,0,7,23,147.61,0,0.137,0.4,5.264,167.9,100.0,23,980.0
1999,12,10,22,30,0,0,0,0,0,0,7,23,152.51,0,0.137,0.4,5.256,167.9,100.0,23,980.0
1999,12,10,23,0,0,0,0,0,0,0,7,23,156.17000000000002,0,0.137,0.5,5.248,160.70000000000002,100.0,23,980.0
1999,12,10,23,30,0,0,0,0,0,0,3,23,157.96,0,0.137,0.4,5.247,160.70000000000002,100.0,23,980.0
1999,12,11,0,0,0,0,0,0,0,0,3,23,157.42000000000002,0,0.137,0.4,5.246,149.4,100.0,23,980.0
1999,12,11,0,30,0,0,0,0,0,0,1,23,154.69,0,0.137,0.30000000000000004,5.247,149.4,100.0,23,980.0
1999,12,11,1,0,0,0,0,0,0,0,1,23,150.39000000000001,0,0.137,0.30000000000000004,5.249,120.60000000000001,100.0,23,980.0
1999,12,11,1,30,0,0,0,0,0,0,4,23,145.09,0,0.137,0.2,5.243,120.60000000000001,100.0,23,980.0
1999,12,11,2,0,0,0,0,0,0,0,7,22,139.18,0,0.137,0.2,5.238,78.4,99.94,23,980.0
1999,12,11,2,30,0,0,0,0,0,0,7,22,132.9,0,0.137,0.2,5.224,78.4,100.0,23,980.0
1999,12,11,3,0,0,0,0,0,0,0,7,22,126.37,0,0.137,0.2,5.211,62.1,100.0,23,980.0
1999,12,11,3,30,0,0,0,0,0,0,7,22,119.7,0,0.137,0.2,5.196,62.1,100.0,23,980.0
1999,12,11,4,0,0,0,0,0,0,0,4,22,112.92,0,0.137,0.2,5.181,44.800000000000004,100.0,23,980.0
1999,12,11,4,30,0,0,0,0,0,0,7,22,106.08,0,0.137,0.2,5.168,44.800000000000004,100.0,22,980.0
1999,12,11,5,0,0,0,0,0,0,0,7,22,99.19,0,0.137,0.2,5.155,319.8,100.0,22,980.0
1999,12,11,5,30,0,0,0,0,0,0,3,22,92.29,0,0.137,0.2,5.1450000000000005,319.8,100.0,22,980.0
1999,12,11,6,0,22,347,50,22,347,50,0,22,85.39,0,0.137,0.30000000000000004,5.135,288.0,100.0,23,980.0
1999,12,11,6,30,72,14,75,40,581,156,3,22,78.51,0,0.137,0.1,5.133,288.0,98.34,23,980.0
1999,12,11,7,0,108,0,108,50,714,275,3,22,71.67,0,0.137,0.0,5.131,328.90000000000003,93.35000000000001,24,980.0
1999,12,11,7,30,179,66,207,58,795,396,3,22,64.9,0,0.137,0.0,5.141,328.90000000000003,87.98,25,980.0
1999,12,11,8,0,235,81,277,64,850,512,4,22,58.22,0,0.137,0.0,5.151,47.1,82.07000000000001,26,980.0
1999,12,11,8,30,281,70,324,69,889,620,4,22,51.69,0,0.137,0.0,5.17,47.1,82.07000000000001,27,980.0
1999,12,11,9,0,348,153,456,73,916,717,3,22,45.37,0,0.137,0.0,5.191,61.800000000000004,77.86,28,980.0
1999,12,11,9,30,369,327,623,76,936,801,3,22,39.38,0,0.137,0.0,5.223,61.800000000000004,77.84,28,980.0
1999,12,11,10,0,413,302,664,79,951,869,3,23,33.89,0,0.137,0.0,5.256,69.8,74.92,28,980.0
1999,12,11,10,30,81,961,920,81,961,920,0,23,29.2,0,0.137,0.0,5.295,69.8,74.88,28,980.0
1999,12,11,11,0,433,59,487,81,968,953,3,23,25.76,0,0.137,0.0,5.335,88.30000000000001,72.69,29,980.0
1999,12,11,11,30,480,119,589,82,970,968,3,23,24.09,0,0.137,0.0,5.372,88.30000000000001,72.65,29,980.0
1999,12,11,12,0,275,14,288,81,970,964,7,23,24.57,0,0.137,0.0,5.409,104.9,74.46000000000001,29,980.0
1999,12,11,12,30,447,81,519,80,966,940,8,23,27.09,0,0.137,0.0,5.444,104.9,74.42,29,980.0
1999,12,11,13,0,250,12,261,79,958,899,6,24,31.150000000000002,0,0.137,0.0,5.479,109.30000000000001,75.19,29,980.0
1999,12,11,13,30,266,14,277,77,945,840,6,24,36.24,0,0.137,0.0,5.5040000000000004,109.30000000000001,75.16,29,980.0
1999,12,11,14,0,369,115,456,73,929,764,6,24,41.980000000000004,0,0.137,0.0,5.529,129.70000000000002,76.43,29,980.0
1999,12,11,14,30,262,471,576,70,905,674,8,24,48.13,0,0.137,0.0,5.551,129.70000000000002,80.97,28,980.0
1999,12,11,15,0,226,441,482,66,873,572,8,25,54.550000000000004,0,0.137,0.0,5.574,154.20000000000002,84.51,28,980.0
1999,12,11,15,30,212,84,253,61,828,460,6,25,61.15,0,0.137,0.0,5.589,154.20000000000002,84.51,28,980.0
1999,12,11,16,0,158,80,188,53,766,342,6,24,67.88,0,0.137,0.1,5.604,130.70000000000002,83.26,28,980.0
1999,12,11,16,30,105,84,127,45,668,222,6,24,74.69,0,0.137,0.1,5.609,130.70000000000002,88.27,27,980.0
1999,12,11,17,0,52,59,61,32,504,107,6,24,81.54,4,0.137,0.1,5.615,119.0,88.54,27,980.0
1999,12,11,17,30,9,0,9,11,192,17,6,24,88.43,4,0.137,0.2,5.618,119.0,93.91,26,980.0
1999,12,11,18,0,0,0,0,0,0,0,6,24,95.33,0,0.137,0.30000000000000004,5.621,124.10000000000001,93.02,26,980.0
1999,12,11,18,30,0,0,0,0,0,0,6,24,102.23,0,0.137,0.30000000000000004,5.628,124.10000000000001,98.72,25,980.0
1999,12,11,19,0,0,0,0,0,0,0,6,24,109.09,1,0.137,0.30000000000000004,5.636,119.60000000000001,98.13,25,980.0
1999,12,11,19,30,0,0,0,0,0,0,6,24,115.91,0,0.137,0.30000000000000004,5.647,119.60000000000001,100.0,25,980.0
1999,12,11,20,0,0,0,0,0,0,0,7,24,122.64,0,0.137,0.4,5.659,117.0,100.0,25,980.0
1999,12,11,20,30,0,0,0,0,0,0,7,24,129.25,0,0.137,0.4,5.674,117.0,100.0,24,980.0
1999,12,11,21,0,0,0,0,0,0,0,7,24,135.67000000000002,0,0.137,0.4,5.69,111.9,100.0,24,980.0
1999,12,11,21,30,0,0,0,0,0,0,7,24,141.81,0,0.137,0.4,5.704,111.9,100.0,24,980.0
1999,12,11,22,0,0,0,0,0,0,0,8,24,147.47,0,0.137,0.5,5.719,105.4,100.0,24,980.0
1999,12,11,22,30,0,0,0,0,0,0,7,24,152.38,0,0.137,0.4,5.732,105.4,100.0,24,980.0
1999,12,11,23,0,0,0,0,0,0,0,7,24,156.06,0,0.137,0.4,5.746,104.60000000000001,100.0,24,980.0
1999,12,11,23,30,0,0,0,0,0,0,8,24,157.87,0,0.137,0.30000000000000004,5.758,104.60000000000001,100.0,24,980.0
1999,12,12,0,0,0,0,0,0,0,0,7,24,157.36,0,0.137,0.30000000000000004,5.771,126.4,100.0,24,980.0
1999,12,12,0,30,0,0,0,0,0,0,7,24,154.68,0,0.137,0.30000000000000004,5.791,126.4,100.0,24,980.0
1999,12,12,1,0,0,0,0,0,0,0,7,23,150.41,0,0.137,0.4,5.811,154.9,99.52,24,980.0
1999,12,12,1,30,0,0,0,0,0,0,7,23,145.13,0,0.137,0.4,5.845,154.9,100.0,24,980.0
1999,12,12,2,0,0,0,0,0,0,0,4,23,139.24,0,0.137,0.4,5.88,161.5,100.0,24,980.0
1999,12,12,2,30,0,0,0,0,0,0,3,23,132.97,0,0.137,0.30000000000000004,5.912,161.5,100.0,23,980.0
1999,12,12,3,0,0,0,0,0,0,0,0,23,126.45,0,0.137,0.30000000000000004,5.944,160.10000000000002,100.0,23,980.0
1999,12,12,3,30,0,0,0,0,0,0,0,23,119.78,0,0.137,0.30000000000000004,5.964,160.10000000000002,100.0,23,980.0
1999,12,12,4,0,0,0,0,0,0,0,0,23,113.01,0,0.137,0.30000000000000004,5.984,161.4,100.0,23,980.0
1999,12,12,4,30,0,0,0,0,0,0,0,23,106.17,0,0.137,0.30000000000000004,5.988,161.4,100.0,23,980.0
1999,12,12,5,0,0,0,0,0,0,0,0,23,99.3,0,0.137,0.4,5.992,159.8,100.0,23,980.0
1999,12,12,5,30,0,0,0,0,0,0,0,23,92.4,0,0.137,0.30000000000000004,5.98,159.8,100.0,23,980.0
1999,12,12,6,0,22,330,48,22,330,48,0,23,85.5,0,0.137,0.30000000000000004,5.968,156.10000000000002,100.0,23,980.0
1999,12,12,6,30,41,0,41,41,567,153,3,23,78.63,0,0.137,0.1,5.954,156.10000000000002,100.0,23,980.0
1999,12,12,7,0,99,0,99,53,698,271,3,24,71.79,0,0.137,0.0,5.94,147.3,100.0,24,980.0
1999,12,12,7,30,152,10,157,61,781,391,3,24,65.02,0,0.137,0.0,5.9270000000000005,147.3,100.0,24,980.0
1999,12,12,8,0,241,148,319,67,839,507,3,24,58.35,0,0.137,0.0,5.914,104.4,99.78,25,980.0
1999,12,12,8,30,296,185,411,72,879,615,3,24,51.82,0,0.137,0.0,5.897,104.4,99.78,25,980.0
1999,12,12,9,0,329,307,545,75,909,712,3,25,45.5,0,0.137,0.0,5.88,77.5,94.55,26,980.0
1999,12,12,9,30,78,930,796,78,930,796,0,25,39.51,0,0.137,0.0,5.862,77.5,94.53,26,980.0
1999,12,12,10,0,430,200,596,80,945,864,2,24,34.02,0,0.137,0.0,5.844,68.0,93.58,27,980.0
1999,12,12,10,30,364,31,392,82,956,916,3,24,29.330000000000002,0,0.137,0.0,5.827,68.0,93.54,27,980.0
1999,12,12,11,0,128,0,128,83,963,950,3,24,25.87,0,0.137,0.0,5.8100000000000005,58.400000000000006,87.44,27,980.0
1999,12,12,11,30,280,14,294,84,966,965,4,24,24.18,0,0.137,0.0,5.7860000000000005,58.400000000000006,87.4,27,980.0
1999,12,12,12,0,471,102,564,83,966,961,4,24,24.63,0,0.137,0.0,5.7620000000000005,51.6,86.77,28,980.0
1999,12,12,12,30,451,309,727,82,962,939,3,24,27.11,0,0.137,0.0,5.727,51.6,86.71000000000001,28,980.0
1999,12,12,13,0,354,505,787,80,955,898,7,24,31.14,0,0.137,0.0,5.6930000000000005,45.2,81.44,28,980.0
1999,12,12,13,30,299,20,315,78,943,840,3,24,36.2,0,0.137,0.0,5.649,45.2,81.41,28,980.0
1999,12,12,14,0,75,927,765,75,927,765,0,24,41.92,0,0.137,0.0,5.605,34.5,82.42,28,980.0
1999,12,12,14,30,258,480,580,71,904,676,8,24,48.06,0,0.137,0.0,5.557,34.5,82.4,28,980.0
1999,12,12,15,0,221,20,233,66,873,574,6,24,54.480000000000004,0,0.137,0.0,5.509,22.400000000000002,83.71000000000001,28,980.0
1999,12,12,15,30,9,0,9,61,829,462,6,24,61.07,0,0.137,0.0,5.4670000000000005,22.400000000000002,88.73,27,980.0
1999,12,12,16,0,18,0,18,55,765,344,6,25,67.79,0,0.137,0.0,5.425,16.3,89.88,27,980.0
1999,12,12,16,30,54,0,54,46,667,224,6,25,74.59,0,0.137,0.0,5.398,16.3,95.34,26,980.0
1999,12,12,17,0,26,0,26,33,502,108,7,25,81.44,4,0.137,0.1,5.372,4.7,95.4,26,980.0
1999,12,12,17,30,4,0,4,12,192,17,7,25,88.33,4,0.137,0.2,5.359,4.7,100.0,26,980.0
1999,12,12,18,0,0,0,0,0,0,0,7,24,95.23,0,0.137,0.4,5.346,9.700000000000001,99.4,26,980.0
1999,12,12,18,30,0,0,0,0,0,0,7,24,102.11,0,0.137,0.4,5.345,9.700000000000001,99.43,25,980.0
1999,12,12,19,0,0,0,0,0,0,0,7,24,108.98,1,0.137,0.5,5.344,15.200000000000001,97.32000000000001,25,980.0
1999,12,12,19,30,0,0,0,0,0,0,6,24,115.79,0,0.137,0.5,5.357,15.200000000000001,100.0,25,980.0
1999,12,12,20,0,0,0,0,0,0,0,8,24,122.52,0,0.137,0.5,5.37,17.2,100.0,25,980.0
1999,12,12,20,30,0,0,0,0,0,0,7,24,129.13,0,0.137,0.5,5.393,17.2,100.0,24,980.0
1999,12,12,21,0,0,0,0,0,0,0,7,23,135.55,0,0.137,0.5,5.417,12.200000000000001,99.96000000000001,24,980.0
1999,12,12,21,30,0,0,0,0,0,0,7,23,141.68,0,0.137,0.5,5.444,12.200000000000001,99.96000000000001,24,980.0
1999,12,12,22,0,0,0,0,0,0,0,7,23,147.34,0,0.137,0.5,5.472,0.1,98.59,24,980.0
1999,12,12,22,30,0,0,0,0,0,0,7,23,152.26,0,0.137,0.5,5.5,0.1,100.0,23,980.0
1999,12,12,23,0,0,0,0,0,0,0,7,23,155.94,0,0.137,0.5,5.529,344.90000000000003,100.0,23,980.0
1999,12,12,23,30,0,0,0,0,0,0,7,23,157.78,0,0.137,0.4,5.543,344.90000000000003,100.0,23,980.0
1999,12,13,0,0,0,0,0,0,0,0,7,23,157.31,0,0.137,0.4,5.558,333.1,100.0,23,980.0
1999,12,13,0,30,0,0,0,0,0,0,8,22,154.67000000000002,0,0.137,0.30000000000000004,5.561,333.1,100.0,23,980.0
1999,12,13,1,0,0,0,0,0,0,0,7,22,150.43,0,0.137,0.30000000000000004,5.565,328.20000000000005,100.0,23,980.0
1999,12,13,1,30,0,0,0,0,0,0,8,22,145.17000000000002,0,0.137,0.30000000000000004,5.561,328.20000000000005,100.0,23,980.0
1999,12,13,2,0,0,0,0,0,0,0,8,22,139.3,0,0.137,0.30000000000000004,5.558,322.8,100.0,23,980.0
1999,12,13,2,30,0,0,0,0,0,0,7,22,133.04,0,0.137,0.30000000000000004,5.554,322.8,100.0,22,980.0
1999,12,13,3,0,0,0,0,0,0,0,7,22,126.53,0,0.137,0.30000000000000004,5.551,320.1,100.0,22,980.0
1999,12,13,3,30,0,0,0,0,0,0,7,22,119.87,0,0.137,0.30000000000000004,5.534,320.1,100.0,22,980.0
1999,12,13,4,0,0,0,0,0,0,0,4,22,113.11,0,0.137,0.4,5.518,317.5,100.0,22,980.0
1999,12,13,4,30,0,0,0,0,0,0,7,22,106.27,0,0.137,0.4,5.4910000000000005,317.5,100.0,22,980.0
1999,12,13,5,0,0,0,0,0,0,0,7,22,99.4,0,0.137,0.4,5.464,319.20000000000005,100.0,22,980.0
1999,12,13,5,30,0,0,0,0,0,0,4,22,92.51,0,0.137,0.30000000000000004,5.431,319.20000000000005,100.0,22,980.0
1999,12,13,6,0,23,0,23,22,333,47,7,22,85.61,4,0.137,0.30000000000000004,5.399,326.70000000000005,100.0,22,980.0
1999,12,13,6,30,71,23,76,40,572,152,4,22,78.74,0,0.137,0.1,5.3740000000000006,326.70000000000005,100.0,22,980.0
1999,12,13,7,0,116,296,208,51,705,270,8,23,71.91,0,0.137,0.0,5.3500000000000005,347.20000000000005,100.0,23,980.0
1999,12,13,7,30,155,390,319,59,788,391,8,23,65.14,0,0.137,0.0,5.339,347.20000000000005,100.0,23,980.0
1999,12,13,8,0,221,327,392,66,843,507,8,24,58.47,0,0.137,0.0,5.329,356.8,100.0,24,980.0
1999,12,13,8,30,221,15,231,71,883,615,4,24,51.94,0,0.137,0.0,5.324,356.8,100.0,24,980.0
1999,12,13,9,0,345,132,437,74,914,713,7,25,45.63,0,0.137,0.0,5.32,3.7,100.0,25,980.0
1999,12,13,9,30,300,24,319,76,935,797,8,25,39.64,0,0.137,0.0,5.3260000000000005,3.7,100.0,25,980.0
1999,12,13,10,0,381,51,424,78,951,865,8,25,34.15,0,0.137,0.0,5.332,4.4,100.0,25,980.0
1999,12,13,10,30,427,71,489,79,962,917,8,25,29.45,0,0.137,0.0,5.3500000000000005,4.4,100.0,25,980.0
1999,12,13,11,0,471,121,580,80,969,951,7,24,25.98,0,0.137,0.0,5.369,0.6000000000000001,94.13,26,980.0
1999,12,13,11,30,472,286,733,80,972,966,7,24,24.26,0,0.137,0.0,5.382,0.6000000000000001,94.09,26,980.0
1999,12,13,12,0,463,309,745,80,971,963,7,24,24.67,0,0.137,0.0,5.3950000000000005,358.0,90.41,26,980.0
1999,12,13,12,30,402,425,781,79,967,940,7,24,27.12,0,0.137,0.0,5.4,358.0,90.37,26,980.0
1999,12,13,13,0,422,333,707,77,960,899,7,23,31.12,0,0.137,0.0,5.406,354.40000000000003,88.18,27,980.0
1999,12,13,13,30,325,27,347,75,948,841,4,23,36.160000000000004,0,0.137,0.0,5.413,354.40000000000003,88.15,27,980.0
1999,12,13,14,0,366,264,563,72,931,766,8,23,41.87,0,0.137,0.0,5.421,352.70000000000005,82.83,27,980.0
1999,12,13,14,30,210,615,622,69,908,677,8,23,47.99,0,0.137,0.0,5.442,352.70000000000005,87.82000000000001,27,980.0
1999,12,13,15,0,169,617,528,65,876,575,8,23,54.4,0,0.137,0.0,5.463,357.8,88.39,27,980.0
1999,12,13,15,30,198,341,363,60,832,463,8,23,60.99,0,0.137,0.0,5.479,357.8,88.4,26,980.0
1999,12,13,16,0,151,281,258,53,769,345,8,24,67.7,0,0.137,0.0,5.496,6.5,89.43,26,980.0
1999,12,13,16,30,58,620,223,45,673,225,8,24,74.49,0,0.137,0.0,5.502,6.5,94.9,25,980.0
1999,12,13,17,0,33,505,109,32,513,110,7,24,81.34,4,0.137,0.0,5.508,4.0,96.15,25,980.0
1999,12,13,17,30,18,0,18,12,209,18,7,24,88.22,4,0.137,0.0,5.5120000000000005,4.0,100.0,24,980.0
1999,12,13,18,0,0,0,0,0,0,0,6,24,95.12,0,0.137,0.1,5.516,357.0,100.0,24,980.0
1999,12,13,18,30,0,0,0,0,0,0,6,23,102.0,0,0.137,0.0,5.513,357.0,100.0,24,980.0
1999,12,13,19,0,0,0,0,0,0,0,6,23,108.86,1,0.137,0.0,5.511,352.40000000000003,100.0,24,980.0
1999,12,13,19,30,0,0,0,0,0,0,6,23,115.67,0,0.137,0.0,5.505,352.40000000000003,100.0,23,980.0
1999,12,13,20,0,0,0,0,0,0,0,6,23,122.4,0,0.137,0.0,5.4990000000000006,349.6,100.0,23,980.0
1999,12,13,20,30,0,0,0,0,0,0,6,23,129.0,0,0.137,0.0,5.497,349.6,100.0,23,980.0
1999,12,13,21,0,0,0,0,0,0,0,6,23,135.42000000000002,0,0.137,0.0,5.495,351.40000000000003,100.0,23,980.0
1999,12,13,21,30,0,0,0,0,0,0,6,22,141.55,0,0.137,0.0,5.494,351.40000000000003,100.0,23,980.0
1999,12,13,22,0,0,0,0,0,0,0,6,22,147.22,0,0.137,0.0,5.494,354.90000000000003,100.0,23,980.0
1999,12,13,22,30,0,0,0,0,0,0,6,22,152.14000000000001,0,0.137,0.0,5.492,354.90000000000003,100.0,22,980.0
1999,12,13,23,0,0,0,0,0,0,0,6,22,155.84,0,0.137,0.0,5.49,353.5,100.0,22,980.0
1999,12,13,23,30,0,0,0,0,0,0,8,22,157.70000000000002,0,0.137,0.0,5.478,353.5,100.0,22,980.0
1999,12,14,0,0,0,0,0,0,0,0,7,22,157.27,0,0.137,0.0,5.4670000000000005,350.8,100.0,22,980.0
1999,12,14,0,30,0,0,0,0,0,0,7,22,154.67000000000002,0,0.137,0.0,5.445,350.8,100.0,22,980.0
1999,12,14,1,0,0,0,0,0,0,0,7,22,150.46,0,0.137,0.1,5.423,350.90000000000003,100.0,22,980.0
1999,12,14,1,30,0,0,0,0,0,0,7,21,145.22,0,0.137,0.1,5.398,350.90000000000003,100.0,21,980.0
1999,12,14,2,0,0,0,0,0,0,0,7,21,139.36,0,0.137,0.1,5.3740000000000006,353.1,100.0,21,980.0
1999,12,14,2,30,0,0,0,0,0,0,7,21,133.11,0,0.137,0.1,5.354,353.1,100.0,21,980.0
1999,12,14,3,0,0,0,0,0,0,0,7,21,126.62,0,0.137,0.1,5.335,354.3,100.0,21,980.0
1999,12,14,3,30,0,0,0,0,0,0,7,21,119.96000000000001,0,0.137,0.1,5.317,354.3,100.0,21,980.0
1999,12,14,4,0,0,0,0,0,0,0,7,21,113.2,0,0.137,0.1,5.299,355.20000000000005,100.0,21,980.0
1999,12,14,4,30,0,0,0,0,0,0,7,21,106.37,0,0.137,0.0,5.277,355.20000000000005,100.0,21,980.0
1999,12,14,5,0,0,0,0,0,0,0,7,21,99.5,0,0.137,0.0,5.255,354.5,100.0,21,980.0
1999,12,14,5,30,0,0,0,0,0,0,7,21,92.62,0,0.137,0.0,5.236,354.5,100.0,21,980.0
1999,12,14,6,0,15,0,15,22,321,46,7,21,85.73,4,0.137,0.0,5.218,355.70000000000005,100.0,21,980.0
1999,12,14,6,30,50,0,50,41,564,150,8,21,78.86,4,0.137,0.0,5.216,355.70000000000005,100.0,21,980.0
1999,12,14,7,0,90,0,90,52,700,268,4,22,72.03,0,0.137,0.0,5.214,358.6,100.0,22,980.0
1999,12,14,7,30,145,4,147,60,784,389,4,22,65.26,0,0.137,0.0,5.222,358.6,95.81,23,980.0
1999,12,14,8,0,208,31,225,66,843,505,7,23,58.59,0,0.137,0.0,5.231,3.0,95.53,24,980.0
1999,12,14,8,30,211,11,218,71,883,614,4,23,52.07,0,0.137,0.0,5.228,3.0,95.52,24,980.0
1999,12,14,9,0,342,119,425,74,914,712,8,23,45.75,0,0.137,0.0,5.2250000000000005,6.6000000000000005,91.38,25,980.0
1999,12,14,9,30,378,282,595,77,935,796,8,23,39.77,0,0.137,0.0,5.213,6.6000000000000005,91.34,26,980.0
1999,12,14,10,0,413,91,488,79,951,865,8,23,34.28,0,0.137,0.0,5.202,15.100000000000001,84.95,27,980.0
1999,12,14,10,30,439,305,704,81,961,917,3,23,29.57,0,0.137,0.0,5.207,15.100000000000001,84.9,27,980.0
1999,12,14,11,0,442,355,762,83,967,952,3,23,26.080000000000002,0,0.137,0.0,5.212,20.900000000000002,80.22,27,980.0
1999,12,14,11,30,473,280,728,83,970,967,3,23,24.330000000000002,0,0.137,0.0,5.236,20.900000000000002,80.18,27,980.0
1999,12,14,12,0,402,456,816,84,968,964,7,23,24.71,0,0.137,0.0,5.26,22.0,76.32000000000001,28,980.0
1999,12,14,12,30,84,963,941,84,963,941,0,23,27.12,0,0.137,0.0,5.295,22.0,76.28,28,980.0
1999,12,14,13,0,83,954,900,83,954,900,0,23,31.09,0,0.137,0.0,5.331,23.6,77.51,28,980.0
1999,12,14,13,30,81,942,842,81,942,842,0,23,36.11,0,0.137,0.0,5.3660000000000005,23.6,82.13,28,980.0
1999,12,14,14,0,331,403,632,78,923,767,8,24,41.800000000000004,0,0.137,0.0,5.402,25.5,84.60000000000001,28,980.0
1999,12,14,14,30,158,0,158,75,899,678,6,24,47.92,0,0.137,0.0,5.424,25.5,84.59,27,980.0
1999,12,14,15,0,259,64,297,70,867,576,6,24,54.32,0,0.137,0.0,5.447,24.6,87.37,27,980.0
1999,12,14,15,30,217,99,265,65,821,465,6,24,60.9,0,0.137,0.0,5.458,24.6,92.66,27,980.0
1999,12,14,16,0,137,8,140,57,759,347,6,25,67.6,0,0.137,0.0,5.469,20.8,94.8,27,980.0
1999,12,14,16,30,108,119,140,48,661,226,6,25,74.39,0,0.137,0.0,5.468,20.8,94.81,26,980.0
1999,12,14,17,0,55,89,68,34,500,111,7,25,81.24,4,0.137,0.1,5.4670000000000005,5.1000000000000005,95.39,26,980.0
1999,12,14,17,30,12,0,12,13,197,19,6,25,88.11,4,0.137,0.2,5.458,5.1000000000000005,100.0,25,980.0
1999,12,14,18,0,0,0,0,0,0,0,6,24,95.01,0,0.137,0.30000000000000004,5.45,344.8,97.89,25,980.0
1999,12,14,18,30,0,0,0,0,0,0,6,24,101.89,0,0.137,0.30000000000000004,5.442,344.8,100.0,24,980.0
1999,12,14,19,0,0,0,0,0,0,0,6,24,108.74000000000001,1,0.137,0.30000000000000004,5.434,326.6,100.0,24,980.0
1999,12,14,19,30,0,0,0,0,0,0,6,24,115.55,0,0.137,0.30000000000000004,5.429,326.6,100.0,24,980.0
1999,12,14,20,0,0,0,0,0,0,0,6,24,122.28,0,0.137,0.30000000000000004,5.424,315.8,100.0,24,980.0
1999,12,14,20,30,0,0,0,0,0,0,6,23,128.88,0,0.137,0.30000000000000004,5.426,315.8,100.0,23,980.0
1999,12,14,21,0,0,0,0,0,0,0,6,23,135.3,0,0.137,0.30000000000000004,5.428,313.70000000000005,100.0,23,980.0
1999,12,14,21,30,0,0,0,0,0,0,6,23,141.42000000000002,0,0.137,0.30000000000000004,5.432,313.70000000000005,100.0,23,980.0
1999,12,14,22,0,0,0,0,0,0,0,6,23,147.09,0,0.137,0.30000000000000004,5.437,318.40000000000003,100.0,23,980.0
1999,12,14,22,30,0,0,0,0,0,0,6,22,152.02,0,0.137,0.30000000000000004,5.439,318.40000000000003,100.0,23,980.0
1999,12,14,23,0,0,0,0,0,0,0,8,22,155.74,0,0.137,0.30000000000000004,5.4430000000000005,328.0,100.0,23,980.0
1999,12,14,23,30,0,0,0,0,0,0,7,22,157.63,0,0.137,0.30000000000000004,5.441,328.0,100.0,22,980.0
1999,12,15,0,0,0,0,0,0,0,0,8,22,157.24,0,0.137,0.30000000000000004,5.439,336.20000000000005,100.0,22,980.0
1999,12,15,0,30,0,0,0,0,0,0,7,22,154.67000000000002,0,0.137,0.30000000000000004,5.429,336.20000000000005,100.0,22,980.0
1999,12,15,1,0,0,0,0,0,0,0,8,22,150.49,0,0.137,0.4,5.42,342.90000000000003,100.0,22,980.0
1999,12,15,1,30,0,0,0,0,0,0,8,22,145.28,0,0.137,0.4,5.408,342.90000000000003,100.0,22,980.0
1999,12,15,2,0,0,0,0,0,0,0,8,22,139.43,0,0.137,0.4,5.397,349.0,100.0,22,980.0
1999,12,15,2,30,0,0,0,0,0,0,8,21,133.19,0,0.137,0.4,5.3870000000000005,349.0,100.0,22,980.0
1999,12,15,3,0,0,0,0,0,0,0,8,21,126.71000000000001,0,0.137,0.4,5.378,356.5,100.0,22,980.0
1999,12,15,3,30,0,0,0,0,0,0,8,21,120.06,0,0.137,0.4,5.375,356.5,100.0,21,980.0
1999,12,15,4,0,0,0,0,0,0,0,8,21,113.3,0,0.137,0.4,5.372,4.1000000000000005,100.0,21,980.0
1999,12,15,4,30,0,0,0,0,0,0,7,21,106.48,0,0.137,0.4,5.372,4.1000000000000005,100.0,21,980.0
1999,12,15,5,0,0,0,0,0,0,0,4,21,99.61,0,0.137,0.5,5.373,9.4,100.0,21,980.0
1999,12,15,5,30,0,0,0,0,0,0,4,21,92.73,0,0.137,0.30000000000000004,5.38,9.4,100.0,21,980.0
1999,12,15,6,0,9,0,9,21,314,44,4,22,85.84,4,0.137,0.2,5.3870000000000005,12.5,100.0,22,980.0
1999,12,15,6,30,31,0,31,40,558,147,4,22,78.97,0,0.137,0.1,5.404,12.5,100.0,22,980.0
1999,12,15,7,0,108,0,108,53,693,265,8,23,72.14,0,0.137,0.0,5.421,26.1,100.0,23,980.0
1999,12,15,7,30,55,0,55,61,778,385,4,23,65.38,0,0.137,0.0,5.445,26.1,100.0,24,980.0
1999,12,15,8,0,195,18,205,66,838,502,4,24,58.71,0,0.137,0.0,5.469,30.6,100.0,25,980.0
1999,12,15,8,30,249,31,268,71,878,610,7,24,52.19,0,0.137,0.0,5.511,30.6,100.0,25,980.0
1999,12,15,9,0,343,134,436,76,905,707,8,25,45.88,0,0.137,0.0,5.553,34.2,100.0,26,980.0
1999,12,15,9,30,375,88,443,80,927,791,8,25,39.89,0,0.137,0.0,5.6000000000000005,34.2,100.0,26,980.0
1999,12,15,10,0,335,501,748,84,939,860,8,24,34.39,0,0.137,0.0,5.648,40.7,90.39,27,980.0
1999,12,15,10,30,399,407,753,86,950,912,8,24,29.68,0,0.137,0.0,5.688,40.7,90.35000000000001,27,980.0
1999,12,15,11,0,460,294,725,91,952,946,8,23,26.17,0,0.137,0.0,5.729,43.300000000000004,81.61,28,980.0
1999,12,15,11,30,473,279,727,91,955,961,4,23,24.400000000000002,0,0.137,0.0,5.76,43.300000000000004,81.56,28,980.0
1999,12,15,12,0,94,950,957,94,950,957,1,23,24.740000000000002,0,0.137,0.0,5.792,66.10000000000001,76.62,28,980.0
1999,12,15,12,30,93,946,935,93,946,935,0,23,27.12,0,0.137,0.0,5.8260000000000005,66.10000000000001,76.57000000000001,28,980.0
1999,12,15,13,0,274,14,287,93,935,894,7,23,31.060000000000002,0,0.137,0.0,5.861,139.8,77.86,28,980.0
1999,12,15,13,30,394,325,657,91,922,836,7,23,36.06,0,0.137,0.0,5.9030000000000005,139.8,82.5,28,980.0
1999,12,15,14,0,273,551,684,89,900,762,8,24,41.74,0,0.137,0.0,5.946,162.9,84.05,28,980.0
1999,12,15,14,30,261,478,582,85,875,673,8,24,47.84,0,0.137,0.0,5.996,162.9,84.03,27,980.0
1999,12,15,15,0,247,369,463,82,836,571,8,24,54.230000000000004,0,0.137,0.0,6.046,168.0,85.05,27,980.0
1999,12,15,15,30,220,182,309,75,788,460,8,24,60.800000000000004,0,0.137,0.0,6.107,168.0,90.19,26,980.0
1999,12,15,16,0,163,163,226,68,714,341,7,24,67.51,0,0.137,0.0,6.168,168.3,91.82000000000001,26,980.0
1999,12,15,16,30,108,128,143,56,610,222,6,24,74.29,0,0.137,0.0,6.23,168.3,97.42,25,980.0
1999,12,15,17,0,56,85,69,40,433,107,6,24,81.13,4,0.137,0.0,6.293,217.0,99.9,25,980.0
1999,12,15,17,30,12,0,12,13,141,18,7,24,88.01,4,0.137,0.0,6.352,217.0,100.0,25,980.0
1999,12,15,18,0,0,0,0,0,0,0,7,24,94.89,0,0.137,0.1,6.4110000000000005,269.40000000000003,100.0,25,980.0
1999,12,15,18,30,0,0,0,0,0,0,7,24,101.77,0,0.137,0.0,6.449,269.40000000000003,100.0,24,980.0
1999,12,15,19,0,0,0,0,0,0,0,7,24,108.63,1,0.137,0.0,6.487,287.90000000000003,100.0,24,980.0
1999,12,15,19,30,0,0,0,0,0,0,7,24,115.43,0,0.137,0.0,6.494,287.90000000000003,100.0,24,980.0
1999,12,15,20,0,0,0,0,0,0,0,6,24,122.16,0,0.137,0.0,6.501,162.10000000000002,100.0,24,980.0
1999,12,15,20,30,0,0,0,0,0,0,6,24,128.76,1,0.137,0.0,6.485,162.10000000000002,100.0,24,980.0
1999,12,15,21,0,0,0,0,0,0,0,7,24,135.17000000000002,0,0.137,0.1,6.469,150.0,100.0,24,980.0
1999,12,15,21,30,0,0,0,0,0,0,8,24,141.3,0,0.137,0.1,6.439,150.0,100.0,24,980.0
1999,12,15,22,0,0,0,0,0,0,0,7,24,146.98,0,0.137,0.1,6.409,153.5,100.0,24,980.0
1999,12,15,22,30,0,0,0,0,0,0,7,24,151.91,0,0.137,0.1,6.3740000000000006,153.5,100.0,24,980.0
1999,12,15,23,0,0,0,0,0,0,0,7,24,155.64000000000001,0,0.137,0.2,6.339,155.60000000000002,100.0,24,980.0
1999,12,15,23,30,0,0,0,0,0,0,7,23,157.57,0,0.137,0.2,6.297,155.60000000000002,100.0,24,980.0
1999,12,16,0,0,0,0,0,0,0,0,7,23,157.22,0,0.137,0.2,6.255,158.70000000000002,100.0,24,980.0
1999,12,16,0,30,0,0,0,0,0,0,7,23,154.68,0,0.137,0.1,6.205,158.70000000000002,100.0,23,980.0
1999,12,16,1,0,0,0,0,0,0,0,7,23,150.53,0,0.137,0.1,6.156,160.60000000000002,100.0,23,980.0
1999,12,16,1,30,0,0,0,0,0,0,7,23,145.34,0,0.137,0.1,6.1000000000000005,160.60000000000002,100.0,23,980.0
1999,12,16,2,0,0,0,0,0,0,0,7,23,139.5,0,0.137,0.1,6.045,153.4,100.0,23,980.0
1999,12,16,2,30,0,0,0,0,0,0,7,23,133.28,0,0.137,0.1,5.982,153.4,100.0,23,980.0
1999,12,16,3,0,0,0,0,0,0,0,3,23,126.8,0,0.137,0.1,5.92,79.80000000000001,100.0,23,980.0
1999,12,16,3,30,0,0,0,0,0,0,3,22,120.15,0,0.137,0.1,5.848,79.80000000000001,100.0,23,980.0
1999,12,16,4,0,0,0,0,0,0,0,3,22,113.4,0,0.137,0.1,5.777,74.8,100.0,23,980.0
1999,12,16,4,30,0,0,0,0,0,0,3,22,106.58,0,0.137,0.1,5.7010000000000005,74.8,100.0,22,980.0
1999,12,16,5,0,0,0,0,0,0,0,3,22,99.72,0,0.137,0.1,5.625,92.60000000000001,100.0,22,980.0
1999,12,16,5,30,0,0,0,0,0,0,7,22,92.84,0,0.137,0.0,5.554,92.60000000000001,100.0,22,980.0
1999,12,16,6,0,20,314,43,20,314,43,1,22,85.95,0,0.137,0.0,5.4830000000000005,51.1,100.0,22,980.0
1999,12,16,6,30,68,14,71,39,562,145,3,22,79.09,0,0.137,0.0,5.429,51.1,100.0,22,980.0
1999,12,16,7,0,123,182,178,51,699,264,4,22,72.26,0,0.137,0.0,5.376,29.5,100.0,23,980.0
1999,12,16,7,30,167,39,183,59,784,384,4,22,65.5,0,0.137,0.0,5.356,29.5,100.0,23,980.0
1999,12,16,8,0,232,92,280,65,842,501,4,23,58.83,0,0.137,0.0,5.336,13.200000000000001,100.0,23,980.0
1999,12,16,8,30,286,246,436,70,882,609,3,23,52.31,0,0.137,0.0,5.339,13.200000000000001,100.0,23,980.0
1999,12,16,9,0,332,90,395,74,912,707,3,23,46.0,0,0.137,0.0,5.343,5.2,100.0,23,980.0
1999,12,16,9,30,358,356,631,77,933,792,3,23,40.01,0,0.137,0.0,5.36,5.2,100.0,23,980.0
1999,12,16,10,0,428,178,574,79,948,861,3,23,34.51,0,0.137,0.0,5.378,4.6000000000000005,100.0,23,980.0
1999,12,16,10,30,373,35,403,81,959,914,3,23,29.79,0,0.137,0.0,5.394,4.6000000000000005,100.0,23,980.0
1999,12,16,11,0,476,194,651,84,964,949,3,23,26.26,0,0.137,0.0,5.41,8.4,100.0,23,980.0
1999,12,16,11,30,84,967,965,84,967,965,1,23,24.46,0,0.137,0.0,5.418,8.4,100.0,23,980.0
1999,12,16,12,0,85,966,962,85,966,962,8,22,24.77,4,0.137,0.0,5.4270000000000005,7.1000000000000005,99.77,23,980.0
1999,12,16,12,30,84,962,941,84,962,941,0,22,27.11,0,0.137,0.0,5.429,7.1000000000000005,99.71000000000001,23,980.0
1999,12,16,13,0,83,953,901,83,953,901,0,22,31.03,0,0.137,0.0,5.432,3.1,93.52,24,980.0
1999,12,16,13,30,81,941,843,81,941,843,0,22,36.0,0,0.137,0.0,5.426,3.1,93.47,24,980.0
1999,12,16,14,0,79,924,769,79,924,769,1,22,41.67,0,0.137,0.0,5.42,1.3,92.89,24,980.0
1999,12,16,14,30,211,617,626,75,900,681,7,22,47.76,0,0.137,0.0,5.4030000000000005,1.3,92.87,24,980.0
1999,12,16,15,0,137,722,560,71,868,579,7,22,54.14,0,0.137,0.0,5.386,355.8,92.91,24,980.0
1999,12,16,15,30,132,618,435,65,824,468,8,22,60.71,0,0.137,0.0,5.362,355.8,98.64,24,980.0
1999,12,16,16,0,144,351,279,58,761,350,8,23,67.41,0,0.137,0.0,5.338,7.5,100.0,24,980.0
1999,12,16,16,30,68,556,219,49,664,230,7,23,74.19,0,0.137,0.0,5.315,7.5,100.0,23,980.0
1999,12,16,17,0,39,449,109,35,507,114,7,23,81.03,4,0.137,0.1,5.293,26.3,100.0,23,980.0
1999,12,16,17,30,20,0,20,13,209,21,7,22,87.9,4,0.137,0.2,5.283,26.3,100.0,23,980.0
1999,12,16,18,0,0,0,0,0,0,0,7,22,94.78,0,0.137,0.30000000000000004,5.274,25.200000000000003,100.0,23,980.0
1999,12,16,18,30,0,0,0,0,0,0,7,22,101.66,0,0.137,0.30000000000000004,5.28,25.200000000000003,100.0,22,980.0
1999,12,16,19,0,0,0,0,0,0,0,7,22,108.51,1,0.137,0.4,5.287,31.200000000000003,100.0,22,980.0
1999,12,16,19,30,0,0,0,0,0,0,8,21,115.31,0,0.137,0.30000000000000004,5.3020000000000005,31.200000000000003,100.0,22,980.0
1999,12,16,20,0,0,0,0,0,0,0,7,21,122.04,0,0.137,0.30000000000000004,5.3180000000000005,33.2,100.0,22,980.0
1999,12,16,20,30,0,0,0,0,0,0,7,21,128.64000000000001,0,0.137,0.2,5.34,33.2,100.0,21,980.0
1999,12,16,21,0,0,0,0,0,0,0,7,21,135.05,0,0.137,0.2,5.363,32.1,100.0,21,980.0
1999,12,16,21,30,0,0,0,0,0,0,7,21,141.18,0,0.137,0.1,5.3870000000000005,32.1,100.0,21,980.0
1999,12,16,22,0,0,0,0,0,0,0,7,21,146.86,1,0.137,0.1,5.4110000000000005,30.3,100.0,21,980.0
1999,12,16,22,30,0,0,0,0,0,0,7,21,151.8,1,0.137,0.1,5.429,30.3,100.0,21,980.0
1999,12,16,23,0,0,0,0,0,0,0,7,21,155.56,1,0.137,0.1,5.447,26.700000000000003,100.0,21,980.0
1999,12,16,23,30,0,0,0,0,0,0,7,21,157.51,1,0.137,0.1,5.452,26.700000000000003,100.0,21,980.0
1999,12,17,0,0,0,0,0,0,0,0,7,21,157.20000000000002,1,0.137,0.1,5.457,17.2,100.0,21,980.0
1999,12,17,0,30,0,0,0,0,0,0,7,21,154.70000000000002,0,0.137,0.0,5.444,17.2,100.0,21,980.0
1999,12,17,1,0,0,0,0,0,0,0,7,21,150.58,1,0.137,0.0,5.432,6.0,100.0,21,980.0
1999,12,17,1,30,0,0,0,0,0,0,7,21,145.4,1,0.137,0.0,5.399,6.0,100.0,21,980.0
1999,12,17,2,0,0,0,0,0,0,0,7,21,139.58,1,0.137,0.0,5.367,1.0,100.0,21,980.0
1999,12,17,2,30,0,0,0,0,0,0,6,20,133.36,1,0.137,0.0,5.332,1.0,100.0,21,980.0
1999,12,17,3,0,0,0,0,0,0,0,6,20,126.89,1,0.137,0.0,5.297,4.7,100.0,21,980.0
1999,12,17,3,30,0,0,0,0,0,0,6,20,120.25,0,0.137,0.0,5.272,4.7,100.0,21,980.0
1999,12,17,4,0,0,0,0,0,0,0,6,20,113.5,1,0.137,0.0,5.247,8.1,100.0,21,980.0
1999,12,17,4,30,0,0,0,0,0,0,6,20,106.69,1,0.137,0.0,5.2330000000000005,8.1,100.0,20,980.0
1999,12,17,5,0,0,0,0,0,0,0,6,20,99.83,1,0.137,0.0,5.22,10.4,100.0,20,980.0
1999,12,17,5,30,0,0,0,0,0,0,6,20,92.95,0,0.137,0.0,5.211,10.4,100.0,20,980.0
1999,12,17,6,0,2,0,2,21,298,41,6,21,86.06,4,0.137,0.0,5.202,12.200000000000001,100.0,21,980.0
1999,12,17,6,30,7,0,7,40,549,143,6,21,79.2,0,0.137,0.0,5.202,12.200000000000001,100.0,22,980.0
1999,12,17,7,0,33,0,33,55,680,260,6,22,72.38,0,0.137,0.0,5.202,20.8,100.0,23,980.0
1999,12,17,7,30,48,0,48,64,768,381,6,23,65.62,1,0.137,0.0,5.218,20.8,100.0,23,980.0
1999,12,17,8,0,63,0,63,72,823,497,6,24,58.95,1,0.137,0.0,5.234,24.400000000000002,100.0,24,980.0
1999,12,17,8,30,266,63,305,78,866,606,4,24,52.43,1,0.137,0.0,5.266,24.400000000000002,100.0,24,980.0
1999,12,17,9,0,309,65,354,83,896,704,4,24,46.12,1,0.137,0.0,5.299,27.6,97.42,25,980.0
1999,12,17,9,30,353,57,397,86,918,789,4,24,40.12,0,0.137,0.0,5.336,27.6,97.4,25,980.0
1999,12,17,10,0,364,427,716,89,934,858,8,24,34.62,0,0.137,0.0,5.373,29.6,90.09,26,980.0
1999,12,17,10,30,311,517,760,91,945,911,8,24,29.89,4,0.137,0.0,5.416,29.6,90.05,26,980.0
1999,12,17,11,0,452,323,741,94,950,946,7,24,26.34,0,0.137,0.0,5.46,28.0,83.78,27,980.0
1999,12,17,11,30,483,138,609,94,953,962,8,24,24.51,0,0.137,0.0,5.495,28.0,83.73,27,980.0
1999,12,17,12,0,400,464,822,94,953,959,8,24,24.78,0,0.137,0.0,5.531,27.6,79.19,28,980.0
1999,12,17,12,30,443,339,745,93,948,938,7,24,27.09,0,0.137,0.0,5.5680000000000005,27.6,79.14,28,980.0
1999,12,17,13,0,361,410,713,92,940,898,8,24,30.98,4,0.137,0.0,5.606,32.4,80.23,28,980.0
1999,12,17,13,30,332,484,724,90,927,840,8,24,35.94,0,0.137,0.0,5.644,32.4,80.2,28,980.0
1999,12,17,14,0,350,346,609,88,906,766,7,24,41.59,0,0.137,0.0,5.683,35.5,81.94,28,980.0
1999,12,17,14,30,298,372,548,84,881,677,8,24,47.68,0,0.137,0.0,5.722,35.5,86.84,28,980.0
1999,12,17,15,0,276,213,401,79,846,576,8,25,54.050000000000004,0,0.137,0.0,5.7620000000000005,39.1,90.83,28,980.0
1999,12,17,15,30,216,242,335,73,799,465,8,25,60.61,0,0.137,0.0,5.792,39.1,90.83,27,980.0
1999,12,17,16,0,166,136,218,65,731,347,8,25,67.3,0,0.137,0.0,5.824,31.1,93.81,27,980.0
1999,12,17,16,30,97,316,184,54,631,227,8,25,74.08,0,0.137,0.0,5.8420000000000005,31.1,99.49000000000001,26,980.0
1999,12,17,17,0,52,246,91,39,466,113,7,26,80.92,4,0.137,0.1,5.861,7.6000000000000005,100.0,26,980.0
1999,12,17,17,30,17,0,17,14,175,21,7,25,87.79,1,0.137,0.2,5.869,7.6000000000000005,100.0,26,980.0
1999,12,17,18,0,0,0,0,0,0,0,9,25,94.67,1,0.137,0.4,5.8790000000000004,353.1,100.0,26,980.0
1999,12,17,18,30,0,0,0,0,0,0,9,25,101.55,0,0.137,0.4,5.888,353.1,100.0,25,980.0
1999,12,17,19,0,0,0,0,0,0,0,9,25,108.4,1,0.137,0.4,5.898,339.6,100.0,25,980.0
1999,12,17,19,30,0,0,0,0,0,0,9,25,115.2,1,0.137,0.4,5.913,339.6,100.0,25,980.0
1999,12,17,20,0,0,0,0,0,0,0,9,24,121.92,1,0.137,0.4,5.929,314.20000000000005,99.22,25,980.0
1999,12,17,20,30,0,0,0,0,0,0,6,24,128.52,1,0.137,0.4,5.957,314.20000000000005,99.23,25,980.0
1999,12,17,21,0,0,0,0,0,0,0,6,24,134.94,1,0.137,0.4,5.986,267.5,98.63,25,980.0
1999,12,17,21,30,0,0,0,0,0,0,6,24,141.07,0,0.137,0.4,6.026,267.5,100.0,24,980.0
1999,12,17,22,0,0,0,0,0,0,0,6,24,146.75,0,0.137,0.4,6.066,241.5,100.0,24,980.0
1999,12,17,22,30,0,0,0,0,0,0,6,24,151.70000000000002,0,0.137,0.30000000000000004,6.12,241.5,100.0,24,980.0
1999,12,17,23,0,0,0,0,0,0,0,6,24,155.47,0,0.137,0.30000000000000004,6.175,230.8,100.0,24,980.0
1999,12,17,23,30,0,0,0,0,0,0,6,23,157.46,0,0.137,0.2,6.2330000000000005,230.8,100.0,24,980.0
1999,12,18,0,0,0,0,0,0,0,0,7,23,157.19,0,0.137,0.2,6.291,214.3,100.0,24,980.0
1999,12,18,0,30,0,0,0,0,0,0,7,23,154.73,0,0.137,0.2,6.337,214.3,100.0,24,980.0
1999,12,18,1,0,0,0,0,0,0,0,7,23,150.63,0,0.137,0.2,6.384,206.9,100.0,24,980.0
1999,12,18,1,30,0,0,0,0,0,0,7,23,145.47,0,0.137,0.2,6.409,206.9,100.0,23,980.0
1999,12,18,2,0,0,0,0,0,0,0,7,23,139.66,0,0.137,0.2,6.4350000000000005,210.5,100.0,23,980.0
1999,12,18,2,30,0,0,0,0,0,0,7,23,133.45,0,0.137,0.2,6.423,210.5,100.0,23,980.0
1999,12,18,3,0,0,0,0,0,0,0,7,23,126.99000000000001,0,0.137,0.2,6.413,187.10000000000002,100.0,23,980.0
1999,12,18,3,30,0,0,0,0,0,0,7,23,120.35000000000001,0,0.137,0.1,6.314,187.10000000000002,100.0,23,980.0
1999,12,18,4,0,0,0,0,0,0,0,7,23,113.61,0,0.137,0.1,6.2170000000000005,122.9,100.0,23,980.0
1999,12,18,4,30,0,0,0,0,0,0,7,23,106.79,0,0.137,0.1,6.03,122.9,100.0,23,980.0
1999,12,18,5,0,0,0,0,0,0,0,7,23,99.94,0,0.137,0.1,5.844,98.0,100.0,23,980.0
1999,12,18,5,30,0,0,0,0,0,0,3,23,93.06,0,0.137,0.1,5.668,98.0,100.0,23,980.0
1999,12,18,6,0,20,291,39,20,291,39,0,23,86.18,0,0.137,0.1,5.492,66.2,100.0,23,980.0
1999,12,18,6,30,40,546,141,40,546,141,0,23,79.32000000000001,0,0.137,0.0,5.375,66.2,100.0,23,980.0
1999,12,18,7,0,52,690,259,52,690,259,8,23,72.49,4,0.137,0.0,5.258,46.0,100.0,23,980.0
1999,12,18,7,30,176,198,258,60,777,380,8,23,65.73,0,0.137,0.0,5.216,46.0,100.0,23,980.0
1999,12,18,8,0,227,256,359,66,839,497,8,24,59.07,0,0.137,0.0,5.175,33.300000000000004,100.0,24,980.0
1999,12,18,8,30,71,880,606,71,880,606,1,24,52.54,0,0.137,0.0,5.215,33.300000000000004,100.0,24,980.0
1999,12,18,9,0,74,911,704,74,911,704,8,25,46.230000000000004,4,0.137,0.0,5.257,26.6,100.0,25,980.0
1999,12,18,9,30,388,189,533,77,933,789,8,25,40.230000000000004,0,0.137,0.0,5.333,26.6,100.0,25,980.0
1999,12,18,10,0,413,284,647,79,948,859,7,24,34.730000000000004,0,0.137,0.0,5.41,23.6,99.14,26,980.0
1999,12,18,10,30,453,222,646,81,958,912,7,24,29.98,0,0.137,0.0,5.474,23.6,93.4,26,980.0
1999,12,18,11,0,387,487,823,83,963,947,8,24,26.42,0,0.137,0.0,5.538,27.3,85.52,27,980.0
1999,12,18,11,30,292,600,838,84,966,963,8,24,24.560000000000002,4,0.137,0.0,5.575,27.3,85.48,27,980.0
1999,12,18,12,0,85,965,961,85,965,961,0,24,24.79,0,0.137,0.0,5.612,31.700000000000003,85.27,27,980.0
1999,12,18,12,30,382,500,827,84,960,940,8,24,27.07,0,0.137,0.0,5.628,31.700000000000003,85.22,27,980.0
1999,12,18,13,0,437,283,680,83,952,900,7,24,30.93,0,0.137,0.0,5.644,38.800000000000004,86.51,28,980.0
1999,12,18,13,30,403,90,477,81,940,843,8,24,35.88,0,0.137,0.0,5.643,38.800000000000004,86.47,27,980.0
1999,12,18,14,0,367,278,575,78,924,770,7,25,41.51,0,0.137,0.0,5.643,59.5,89.57000000000001,27,980.0
1999,12,18,14,30,309,328,531,74,901,682,7,25,47.59,0,0.137,0.0,5.6240000000000006,59.5,89.55,27,980.0
1999,12,18,15,0,196,8,201,69,870,582,6,25,53.95,0,0.137,0.0,5.605,95.10000000000001,93.58,27,980.0
1999,12,18,15,30,48,0,48,64,826,471,6,25,60.51,0,0.137,0.0,5.575,95.10000000000001,99.23,26,980.0
1999,12,18,16,0,26,0,26,58,763,353,6,26,67.2,0,0.137,0.0,5.545,84.7,100.0,26,980.0
1999,12,18,16,30,87,0,87,49,668,233,6,25,73.98,0,0.137,0.0,5.518,84.7,100.0,25,980.0
1999,12,18,17,0,44,0,44,36,510,117,6,25,80.81,4,0.137,0.1,5.492,70.4,100.0,25,980.0
1999,12,18,17,30,8,0,8,14,219,23,6,24,87.68,4,0.137,0.1,5.477,70.4,100.0,25,980.0
1999,12,18,18,0,0,0,0,0,0,0,7,24,94.56,0,0.137,0.2,5.462,65.5,100.0,25,980.0
1999,12,18,18,30,0,0,0,0,0,0,7,24,101.43,0,0.137,0.2,5.468,65.5,100.0,24,980.0
1999,12,18,19,0,0,0,0,0,0,0,7,24,108.28,1,0.136,0.2,5.476,62.7,100.0,24,980.0
1999,12,18,19,30,0,0,0,0,0,0,7,24,115.08,0,0.136,0.2,5.493,62.7,100.0,24,980.0
1999,12,18,20,0,0,0,0,0,0,0,7,24,121.8,0,0.136,0.2,5.511,53.0,100.0,24,980.0
1999,12,18,20,30,0,0,0,0,0,0,7,23,128.4,0,0.136,0.2,5.509,53.0,100.0,24,980.0
1999,12,18,21,0,0,0,0,0,0,0,7,23,134.82,0,0.136,0.2,5.508,43.0,100.0,24,980.0
1999,12,18,21,30,0,0,0,0,0,0,7,23,140.96,0,0.136,0.1,5.502,43.0,100.0,23,980.0
1999,12,18,22,0,0,0,0,0,0,0,7,23,146.64000000000001,0,0.136,0.1,5.496,30.5,100.0,23,980.0
1999,12,18,22,30,0,0,0,0,0,0,7,23,151.61,0,0.136,0.1,5.49,30.5,100.0,23,980.0
1999,12,18,23,0,0,0,0,0,0,0,7,23,155.4,0,0.136,0.1,5.485,15.8,100.0,23,980.0
1999,12,18,23,30,0,0,0,0,0,0,7,23,157.42000000000002,0,0.136,0.0,5.471,15.8,100.0,23,980.0
1999,12,19,0,0,0,0,0,0,0,0,7,23,157.18,0,0.136,0.0,5.457,0.2,100.0,23,980.0
1999,12,19,0,30,0,0,0,0,0,0,7,23,154.76,0,0.136,0.0,5.441,0.2,100.0,23,980.0
1999,12,19,1,0,0,0,0,0,0,0,7,23,150.68,0,0.136,0.0,5.426,352.70000000000005,100.0,23,980.0
1999,12,19,1,30,0,0,0,0,0,0,7,23,145.54,0,0.136,0.0,5.413,352.70000000000005,100.0,23,980.0
1999,12,19,2,0,0,0,0,0,0,0,3,23,139.75,0,0.136,0.0,5.4,353.5,100.0,23,980.0
1999,12,19,2,30,0,0,0,0,0,0,4,22,133.55,0,0.136,0.0,5.396,353.5,100.0,23,980.0
1999,12,19,3,0,0,0,0,0,0,0,7,22,127.08,0,0.136,0.0,5.392,354.40000000000003,100.0,23,980.0
1999,12,19,3,30,0,0,0,0,0,0,7,22,120.46000000000001,0,0.136,0.0,5.392,354.40000000000003,100.0,23,980.0
1999,12,19,4,0,0,0,0,0,0,0,7,22,113.71000000000001,0,0.136,0.0,5.392,358.6,100.0,23,980.0
1999,12,19,4,30,0,0,0,0,0,0,4,22,106.9,0,0.136,0.0,5.389,358.6,100.0,22,980.0
1999,12,19,5,0,0,0,0,0,0,0,4,22,100.05,0,0.136,0.0,5.386,5.2,100.0,22,980.0
1999,12,19,5,30,0,0,0,0,0,0,7,22,93.17,0,0.136,0.0,5.384,5.2,100.0,22,980.0
1999,12,19,6,0,19,0,19,21,231,36,3,23,86.29,4,0.136,0.0,5.382,9.9,100.0,23,980.0
1999,12,19,6,30,67,24,71,45,490,135,3,23,79.43,0,0.136,0.0,5.3870000000000005,9.9,100.0,23,980.0
1999,12,19,7,0,60,643,252,60,643,252,1,24,72.61,0,0.136,0.0,5.392,17.3,100.0,24,980.0
1999,12,19,7,30,71,736,372,71,736,372,1,24,65.85,0,0.136,0.0,5.416,17.3,100.0,24,980.0
1999,12,19,8,0,80,797,488,80,797,488,1,24,59.18,0,0.136,0.0,5.44,15.8,96.65,25,980.0
1999,12,19,8,30,190,586,546,87,842,598,8,24,52.660000000000004,0,0.136,0.0,5.4670000000000005,15.8,91.10000000000001,26,980.0
1999,12,19,9,0,319,326,545,92,874,696,8,24,46.34,0,0.136,0.0,5.495,12.600000000000001,85.09,27,980.0
1999,12,19,9,30,357,351,625,96,898,781,7,24,40.34,0,0.136,0.0,5.524,12.600000000000001,85.07000000000001,27,980.0
1999,12,19,10,0,418,254,627,99,917,852,4,24,34.83,0,0.136,0.0,5.553,8.8,79.76,28,980.0
1999,12,19,10,30,433,317,708,101,929,906,7,24,30.07,0,0.136,0.0,5.589,8.8,79.73,28,980.0
1999,12,19,11,0,473,226,675,103,936,941,8,24,26.490000000000002,0,0.136,0.0,5.626,8.3,80.21000000000001,29,980.0
1999,12,19,11,30,486,189,658,103,940,958,3,24,24.6,0,0.136,0.0,5.666,8.3,80.17,29,980.0
1999,12,19,12,0,399,468,825,103,940,957,7,24,24.8,0,0.136,0.0,5.707,12.700000000000001,76.54,29,980.0
1999,12,19,12,30,467,243,684,102,935,936,7,24,27.04,0,0.136,0.0,5.758,12.700000000000001,76.51,29,980.0
1999,12,19,13,0,447,237,650,100,927,896,8,24,30.88,0,0.136,0.0,5.809,19.900000000000002,77.93,29,980.0
1999,12,19,13,30,368,408,699,98,914,839,7,24,35.800000000000004,0,0.136,0.0,5.855,19.900000000000002,77.9,29,980.0
1999,12,19,14,0,328,420,643,94,895,766,7,25,41.43,0,0.136,0.0,5.901,15.0,80.07000000000001,29,980.0
1999,12,19,14,30,256,496,592,90,870,678,7,25,47.49,0,0.136,0.0,5.936,15.0,84.82000000000001,28,980.0
1999,12,19,15,0,270,270,430,84,836,578,3,25,53.86,0,0.136,0.0,5.971,10.600000000000001,88.86,28,980.0
1999,12,19,15,30,160,532,423,78,788,467,7,25,60.410000000000004,0,0.136,0.0,5.992,10.600000000000001,94.19,27,980.0
1999,12,19,16,0,111,528,317,69,721,350,8,26,67.09,3,0.136,0.0,6.014,9.9,95.11,27,980.0
1999,12,19,16,30,112,109,143,58,620,230,3,26,73.87,0,0.136,0.0,6.026,9.9,100.0,26,980.0
1999,12,19,17,0,42,454,115,42,454,115,0,26,80.7,0,0.136,0.0,6.038,5.9,100.0,26,980.0
1999,12,19,17,30,23,0,23,16,163,23,0,25,87.56,1,0.136,0.0,6.039,5.9,100.0,26,980.0
1999,12,19,18,0,0,0,0,0,0,0,7,25,94.44,1,0.136,0.0,6.041,6.7,100.0,26,980.0
1999,12,19,18,30,0,0,0,0,0,0,7,25,101.32000000000001,0,0.136,0.0,6.024,6.7,100.0,25,980.0
1999,12,19,19,0,0,0,0,0,0,0,7,25,108.17,1,0.136,0.0,6.007000000000001,11.9,100.0,25,980.0
1999,12,19,19,30,0,0,0,0,0,0,7,24,114.97,1,0.136,0.0,5.977,11.9,100.0,25,980.0
1999,12,19,20,0,0,0,0,0,0,0,7,24,121.69,1,0.136,0.0,5.948,13.3,100.0,25,980.0
1999,12,19,20,30,0,0,0,0,0,0,3,24,128.29,1,0.136,0.0,5.912,13.3,100.0,24,980.0
1999,12,19,21,0,0,0,0,0,0,0,3,24,134.71,1,0.136,0.0,5.877,13.200000000000001,100.0,24,980.0
1999,12,19,21,30,0,0,0,0,0,0,3,24,140.85,0,0.136,0.0,5.8500000000000005,13.200000000000001,100.0,24,980.0
1999,12,19,22,0,0,0,0,0,0,0,3,24,146.54,0,0.136,0.0,5.824,11.600000000000001,100.0,24,980.0
1999,12,19,22,30,0,0,0,0,0,0,3,24,151.52,0,0.136,0.0,5.8,11.600000000000001,100.0,24,980.0
1999,12,19,23,0,0,0,0,0,0,0,3,24,155.33,0,0.136,0.0,5.776,12.5,100.0,24,980.0
1999,12,19,23,30,0,0,0,0,0,0,3,23,157.38,0,0.136,0.0,5.757000000000001,12.5,100.0,23,980.0
1999,12,20,0,0,0,0,0,0,0,0,7,23,157.18,0,0.136,0.0,5.739,7.9,100.0,23,980.0
1999,12,20,0,30,0,0,0,0,0,0,8,23,154.79,0,0.136,0.0,5.718,7.9,100.0,23,980.0
1999,12,20,1,0,0,0,0,0,0,0,7,23,150.75,0,0.136,0.0,5.699,7.7,100.0,23,980.0
1999,12,20,1,30,0,0,0,0,0,0,7,23,145.62,0,0.136,0.0,5.666,7.7,100.0,23,980.0
1999,12,20,2,0,0,0,0,0,0,0,7,23,139.84,0,0.136,0.0,5.634,5.0,100.0,23,980.0
1999,12,20,2,30,0,0,0,0,0,0,7,23,133.64000000000001,0,0.136,0.0,5.58,5.0,100.0,23,980.0
1999,12,20,3,0,0,0,0,0,0,0,7,23,127.19,0,0.136,0.0,5.5280000000000005,6.1000000000000005,100.0,23,980.0
1999,12,20,3,30,0,0,0,0,0,0,7,22,120.56,0,0.136,0.0,5.46,6.1000000000000005,100.0,23,980.0
1999,12,20,4,0,0,0,0,0,0,0,8,22,113.82000000000001,0,0.136,0.0,5.392,5.5,100.0,23,980.0
1999,12,20,4,30,0,0,0,0,0,0,7,22,107.01,0,0.136,0.0,5.337,5.5,100.0,22,980.0
1999,12,20,5,0,0,0,0,0,0,0,8,22,100.16,0,0.136,0.0,5.283,10.8,100.0,22,980.0
1999,12,20,5,30,0,0,0,0,0,0,4,22,93.28,0,0.136,0.0,5.26,10.8,100.0,22,980.0
1999,12,20,6,0,21,199,34,21,199,34,0,22,86.41,0,0.136,0.0,5.238,22.6,100.0,23,980.0
1999,12,20,6,30,48,458,131,48,458,131,1,22,79.55,0,0.136,0.0,5.245,22.6,100.0,23,980.0
1999,12,20,7,0,121,138,162,64,621,248,3,23,72.72,0,0.136,0.0,5.252,27.200000000000003,100.0,23,980.0
1999,12,20,7,30,175,183,250,76,717,368,4,23,65.96000000000001,0,0.136,0.0,5.273,27.200000000000003,100.0,23,980.0
1999,12,20,8,0,232,199,334,84,785,485,3,23,59.300000000000004,0,0.136,0.0,5.2940000000000005,25.700000000000003,99.52,24,980.0
1999,12,20,8,30,211,525,529,91,832,595,7,23,52.77,0,0.136,0.0,5.33,25.700000000000003,99.53,24,980.0
1999,12,20,9,0,338,211,484,96,867,694,8,23,46.45,0,0.136,0.0,5.367,21.700000000000003,93.67,25,980.0
1999,12,20,9,30,371,88,439,101,891,779,3,23,40.45,0,0.136,0.0,5.417,21.700000000000003,93.66,25,980.0
1999,12,20,10,0,395,102,479,102,912,851,3,23,34.92,1,0.136,0.0,5.468,23.700000000000003,87.58,26,980.0
1999,12,20,10,30,420,103,509,105,924,904,3,23,30.150000000000002,1,0.136,0.0,5.517,23.700000000000003,87.55,26,980.0
1999,12,20,11,0,436,104,530,104,935,941,3,23,26.55,1,0.136,0.0,5.567,27.900000000000002,83.14,27,980.0
1999,12,20,11,30,406,365,738,105,939,958,8,23,24.63,1,0.136,0.0,5.599,27.900000000000002,83.10000000000001,27,980.0
1999,12,20,12,0,405,366,738,103,941,958,8,24,24.79,1,0.136,0.0,5.632,32.300000000000004,84.09,27,980.0
1999,12,20,12,30,455,299,722,102,937,937,8,24,27.0,0,0.136,0.0,5.641,32.300000000000004,84.04,27,980.0
1999,12,20,13,0,381,362,692,98,932,899,8,24,30.82,1,0.136,0.0,5.651,35.5,85.10000000000001,27,980.0
1999,12,20,13,30,359,357,649,96,919,842,8,24,35.730000000000004,1,0.136,0.0,5.647,35.5,85.07000000000001,27,980.0
1999,12,20,14,0,328,353,593,90,906,770,8,24,41.34,1,0.136,0.0,5.643,41.900000000000006,87.23,27,980.0
1999,12,20,14,30,276,36,301,86,881,683,8,24,47.4,1,0.136,0.0,5.641,41.900000000000006,87.21000000000001,27,980.0
1999,12,20,15,0,237,33,257,78,855,583,8,25,53.75,1,0.136,0.0,5.641,60.300000000000004,90.48,27,980.0
1999,12,20,15,30,195,27,208,72,809,473,8,25,60.300000000000004,0,0.136,0.0,5.65,60.300000000000004,95.95,26,980.0
1999,12,20,16,0,148,21,157,63,747,355,8,25,66.99,1,0.136,0.0,5.66,57.5,99.2,26,980.0
1999,12,20,16,30,101,8,103,53,650,235,8,25,73.76,1,0.136,0.0,5.675,57.5,100.0,26,980.0
1999,12,20,17,0,52,0,52,39,492,119,6,25,80.59,1,0.136,0.1,5.69,84.7,100.0,26,980.0
1999,12,20,17,30,11,0,11,16,203,25,6,25,87.45,4,0.136,0.2,5.716,84.7,100.0,25,980.0
1999,12,20,18,0,0,0,0,0,0,0,7,25,94.33,0,0.136,0.30000000000000004,5.742,84.2,100.0,25,980.0
1999,12,20,18,30,0,0,0,0,0,0,7,24,101.2,0,0.136,0.30000000000000004,5.763,84.2,100.0,25,980.0
1999,12,20,19,0,0,0,0,0,0,0,7,24,108.05,1,0.136,0.4,5.7860000000000005,78.0,100.0,25,980.0
1999,12,20,19,30,0,0,0,0,0,0,7,24,114.85000000000001,0,0.136,0.4,5.795,78.0,100.0,24,980.0
1999,12,20,20,0,0,0,0,0,0,0,7,24,121.57000000000001,0,0.136,0.4,5.806,69.8,100.0,24,980.0
1999,12,20,20,30,0,0,0,0,0,0,7,24,128.18,0,0.136,0.4,5.821,69.8,100.0,24,980.0
1999,12,20,21,0,0,0,0,0,0,0,7,24,134.6,0,0.136,0.4,5.837,61.900000000000006,100.0,24,980.0
1999,12,20,21,30,0,0,0,0,0,0,7,24,140.74,0,0.136,0.4,5.846,61.900000000000006,100.0,24,980.0
1999,12,20,22,0,0,0,0,0,0,0,7,24,146.45000000000002,0,0.136,0.4,5.856,46.0,100.0,24,980.0
1999,12,20,22,30,0,0,0,0,0,0,7,24,151.43,0,0.136,0.4,5.836,46.0,100.0,24,980.0
1999,12,20,23,0,0,0,0,0,0,0,7,24,155.27,0,0.136,0.4,5.817,27.400000000000002,100.0,24,980.0
1999,12,20,23,30,0,0,0,0,0,0,8,23,157.35,0,0.136,0.4,5.766,27.400000000000002,100.0,23,980.0
1999,12,21,0,0,0,0,0,0,0,0,7,23,157.19,0,0.136,0.4,5.715,11.9,100.0,23,980.0
1999,12,21,0,30,0,0,0,0,0,0,7,23,154.84,0,0.136,0.30000000000000004,5.67,11.9,100.0,23,980.0
1999,12,21,1,0,0,0,0,0,0,0,7,23,150.81,0,0.136,0.30000000000000004,5.625,0.6000000000000001,100.0,23,980.0
1999,12,21,1,30,0,0,0,0,0,0,7,23,145.71,0,0.136,0.2,5.588,0.6000000000000001,100.0,23,980.0
1999,12,21,2,0,0,0,0,0,0,0,6,23,139.93,0,0.136,0.2,5.5520000000000005,353.0,100.0,23,980.0
1999,12,21,2,30,0,0,0,0,0,0,8,22,133.74,0,0.136,0.1,5.522,353.0,100.0,23,980.0
1999,12,21,3,0,0,0,0,0,0,0,7,22,127.29,0,0.136,0.1,5.493,353.1,100.0,23,980.0
1999,12,21,3,30,0,0,0,0,0,0,7,22,120.67,0,0.136,0.0,5.472,353.1,100.0,23,980.0
1999,12,21,4,0,0,0,0,0,0,0,8,22,113.93,0,0.136,0.0,5.452,353.70000000000005,100.0,23,980.0
1999,12,21,4,30,0,0,0,0,0,0,8,22,107.13,0,0.136,0.0,5.42,353.70000000000005,100.0,23,980.0
1999,12,21,5,0,0,0,0,0,0,0,7,22,100.27,0,0.136,0.0,5.39,355.40000000000003,100.0,23,980.0
1999,12,21,5,30,0,0,0,0,0,0,7,22,93.4,0,0.136,0.0,5.348,355.40000000000003,100.0,23,980.0
1999,12,21,6,0,20,207,33,20,207,33,0,23,86.52,0,0.136,0.0,5.307,358.0,100.0,23,980.0
1999,12,21,6,30,46,470,130,46,470,130,8,23,79.66,3,0.136,0.0,5.269,358.0,100.0,23,980.0
1999,12,21,7,0,65,0,65,59,643,249,8,23,72.84,0,0.136,0.0,5.231,356.5,100.0,24,980.0
1999,12,21,7,30,151,16,158,70,738,369,8,23,66.08,0,0.136,0.0,5.213,356.5,100.0,24,980.0
1999,12,21,8,0,202,384,398,74,814,488,8,24,59.410000000000004,0,0.136,0.0,5.195,352.1,100.0,25,980.0
1999,12,21,8,30,80,858,598,80,858,598,0,24,52.88,0,0.136,0.0,5.204,352.1,100.0,25,980.0
1999,12,21,9,0,85,891,697,85,891,697,0,24,46.56,0,0.136,0.0,5.214,0.4,98.51,26,980.0
1999,12,21,9,30,88,914,783,88,914,783,0,24,40.550000000000004,0,0.136,0.0,5.234,0.4,92.83,26,980.0
1999,12,21,10,0,322,537,762,92,931,854,7,24,35.02,0,0.136,0.0,5.255,8.0,84.08,27,980.0
1999,12,21,10,30,267,628,810,94,942,908,7,24,30.23,1,0.136,0.0,5.298,8.0,84.05,27,980.0
1999,12,21,11,0,282,626,843,95,950,945,7,23,26.6,1,0.136,0.0,5.343,13.9,78.81,28,980.0
1999,12,21,11,30,96,953,962,96,953,962,0,23,24.650000000000002,1,0.136,0.0,5.4030000000000005,13.9,78.77,28,980.0
1999,12,21,12,0,96,951,961,96,951,961,0,24,24.78,1,0.136,0.0,5.464,19.900000000000002,79.08,29,980.0
1999,12,21,12,30,96,947,940,96,947,940,0,24,26.96,0,0.136,0.0,5.532,19.900000000000002,79.04,29,980.0
1999,12,21,13,0,95,937,901,95,937,901,0,24,30.75,1,0.136,0.0,5.6000000000000005,24.8,80.14,29,980.0
1999,12,21,13,30,93,924,844,93,924,844,0,24,35.64,1,0.136,0.0,5.663,24.8,80.11,28,980.0
1999,12,21,14,0,90,906,771,90,906,771,0,24,41.24,1,0.136,0.0,5.727,33.5,82.24,28,980.0
1999,12,21,14,30,86,881,683,86,881,683,0,24,47.300000000000004,1,0.136,0.0,5.784,33.5,82.24,28,980.0
1999,12,21,15,0,81,847,583,81,847,583,0,25,53.65,1,0.136,0.0,5.8420000000000005,48.400000000000006,85.01,28,980.0
1999,12,21,15,30,75,800,473,75,800,473,0,25,60.2,0,0.136,0.0,5.881,48.400000000000006,90.12,27,980.0
1999,12,21,16,0,66,735,355,66,735,355,0,25,66.88,1,0.136,0.0,5.92,46.800000000000004,92.83,27,980.0
1999,12,21,16,30,56,637,235,56,637,235,0,25,73.65,0,0.136,0.0,5.93,46.800000000000004,98.46000000000001,26,980.0
1999,12,21,17,0,40,479,120,40,479,120,0,25,80.48,0,0.136,0.0,5.94,40.300000000000004,98.99000000000001,26,980.0
1999,12,21,17,30,26,0,26,17,195,26,3,25,87.34,4,0.136,0.0,5.923,40.300000000000004,100.0,25,980.0
1999,12,21,18,0,0,0,0,0,0,0,3,25,94.22,0,0.136,0.0,5.907,42.900000000000006,100.0,25,980.0
1999,12,21,18,30,0,0,0,0,0,0,7,25,101.09,0,0.136,0.0,5.865,42.900000000000006,100.0,25,980.0
1999,12,21,19,0,0,0,0,0,0,0,7,25,107.94,1,0.136,0.0,5.823,45.400000000000006,100.0,25,980.0
1999,12,21,19,30,0,0,0,0,0,0,3,24,114.74000000000001,0,0.136,0.0,5.771,45.400000000000006,100.0,25,980.0
1999,12,21,20,0,0,0,0,0,0,0,3,24,121.46000000000001,0,0.136,0.0,5.719,51.0,100.0,25,980.0
1999,12,21,20,30,0,0,0,0,0,0,3,24,128.07,0,0.136,0.0,5.657,51.0,100.0,24,980.0
1999,12,21,21,0,0,0,0,0,0,0,3,24,134.49,0,0.136,0.0,5.596,54.300000000000004,100.0,24,980.0
1999,12,21,21,30,0,0,0,0,0,0,3,24,140.64000000000001,0,0.136,0.0,5.49,54.300000000000004,100.0,24,980.0
1999,12,21,22,0,0,0,0,0,0,0,3,24,146.35,0,0.136,0.0,5.385,61.800000000000004,100.0,24,980.0
1999,12,21,22,30,0,0,0,0,0,0,3,24,151.36,0,0.136,0.0,5.234,61.800000000000004,100.0,24,980.0
1999,12,21,23,0,0,0,0,0,0,0,0,24,155.21,0,0.136,0.0,5.085,72.10000000000001,100.0,24,980.0
1999,12,21,23,30,0,0,0,0,0,0,0,23,157.33,0,0.136,0.0,4.929,72.10000000000001,100.0,23,980.0
1999,12,22,0,0,0,0,0,0,0,0,0,23,157.21,0,0.136,0.0,4.774,76.2,100.0,23,980.0
1999,12,22,0,30,0,0,0,0,0,0,0,23,154.89000000000001,0,0.136,0.0,4.673,76.2,100.0,23,980.0
1999,12,22,1,0,0,0,0,0,0,0,0,23,150.89000000000001,0,0.136,0.1,4.573,61.0,100.0,23,980.0
1999,12,22,1,30,0,0,0,0,0,0,1,22,145.79,0,0.136,0.1,4.524,61.0,100.0,23,980.0
1999,12,22,2,0,0,0,0,0,0,0,0,22,140.03,0,0.136,0.1,4.476,64.3,100.0,23,980.0
1999,12,22,2,30,0,0,0,0,0,0,0,22,133.85,0,0.136,0.1,4.449,64.3,100.0,22,980.0
1999,12,22,3,0,0,0,0,0,0,0,1,22,127.4,0,0.136,0.2,4.422,58.0,100.0,22,980.0
1999,12,22,3,30,0,0,0,0,0,0,0,22,120.78,0,0.136,0.2,4.4,58.0,100.0,22,980.0
1999,12,22,4,0,0,0,0,0,0,0,1,22,114.04,0,0.136,0.30000000000000004,4.378,49.6,100.0,22,980.0
1999,12,22,4,30,0,0,0,0,0,0,3,22,107.24000000000001,0,0.136,0.30000000000000004,4.357,49.6,100.0,22,980.0
1999,12,22,5,0,0,0,0,0,0,0,1,22,100.39,0,0.136,0.4,4.337,43.900000000000006,100.0,22,980.0
1999,12,22,5,30,0,0,0,0,0,0,0,22,93.51,0,0.136,0.30000000000000004,4.296,43.900000000000006,100.0,22,980.0
1999,12,22,6,0,19,228,33,19,228,33,0,23,86.63,0,0.136,0.2,4.256,49.1,100.0,23,980.0
1999,12,22,6,30,44,496,132,44,496,132,0,23,79.77,0,0.136,0.1,4.204,49.1,100.0,23,980.0
1999,12,22,7,0,58,653,250,58,653,250,0,23,72.95,0,0.136,0.0,4.152,41.400000000000006,99.8,24,980.0
1999,12,22,7,30,69,749,372,69,749,372,1,23,66.19,0,0.136,0.0,4.111,41.400000000000006,99.82000000000001,24,980.0
1999,12,22,8,0,75,821,492,75,821,492,1,24,59.52,0,0.136,0.0,4.07,30.700000000000003,95.2,25,980.0
1999,12,22,8,30,273,290,448,81,866,603,3,24,52.99,0,0.136,0.0,4.041,30.700000000000003,95.19,25,980.0
1999,12,22,9,0,84,903,704,84,903,704,0,24,46.660000000000004,0,0.136,0.0,4.013,35.2,88.83,26,980.0
1999,12,22,9,30,88,927,792,88,927,792,0,24,40.65,0,0.136,0.0,4.0,35.2,88.8,26,980.0
1999,12,22,10,0,90,946,864,90,946,864,0,23,35.1,0,0.136,0.0,3.988,34.1,83.15,27,980.0
1999,12,22,10,30,92,958,920,92,958,920,0,23,30.3,0,0.136,0.0,3.985,34.1,83.13,27,980.0
1999,12,22,11,0,93,967,957,93,967,957,1,24,26.650000000000002,0,0.136,0.0,3.982,27.200000000000003,78.96000000000001,28,980.0
1999,12,22,11,30,382,552,883,93,971,976,7,23,24.67,0,0.136,0.0,3.982,27.200000000000003,78.92,28,980.0
1999,12,22,12,0,394,510,857,91,973,976,7,24,24.76,0,0.136,0.0,3.982,20.3,79.55,28,980.0
1999,12,22,12,30,375,535,852,91,970,956,7,24,26.91,0,0.136,0.0,3.978,20.3,79.51,28,980.0
1999,12,22,13,0,389,419,750,87,966,918,3,24,30.68,0,0.136,0.0,3.975,15.200000000000001,80.11,29,980.0
1999,12,22,13,30,317,475,704,84,954,861,8,24,35.56,4,0.136,0.0,3.964,15.200000000000001,80.07000000000001,28,980.0
1999,12,22,14,0,382,157,500,79,942,788,8,24,41.15,0,0.136,0.0,3.954,9.700000000000001,80.76,28,980.0
1999,12,22,14,30,249,518,602,76,919,700,8,24,47.2,0,0.136,0.0,3.931,9.700000000000001,80.75,28,980.0
1999,12,22,15,0,233,446,498,71,889,599,8,24,53.54,0,0.136,0.0,3.908,8.6,82.12,28,980.0
1999,12,22,15,30,159,544,430,66,846,488,7,24,60.09,0,0.136,0.0,3.87,8.6,87.05,27,980.0
1999,12,22,16,0,59,785,369,59,785,369,1,25,66.77,0,0.136,0.0,3.8320000000000003,8.3,89.35000000000001,27,980.0
1999,12,22,16,30,87,441,212,50,693,247,8,25,73.53,0,0.136,0.0,3.7800000000000002,8.3,94.77,26,980.0
1999,12,22,17,0,50,359,110,37,543,128,7,25,80.36,4,0.136,0.1,3.729,12.0,97.73,26,980.0
1999,12,22,17,30,25,0,25,16,260,29,7,25,87.22,4,0.136,0.2,3.6790000000000003,12.0,100.0,26,980.0
1999,12,22,18,0,0,0,0,0,0,0,7,24,94.10000000000001,0,0.136,0.30000000000000004,3.629,14.200000000000001,99.92,26,980.0
1999,12,22,18,30,0,0,0,0,0,0,7,24,100.98,0,0.136,0.30000000000000004,3.586,14.200000000000001,99.95,25,980.0
1999,12,22,19,0,0,0,0,0,0,0,7,24,107.83,1,0.136,0.4,3.543,10.3,97.83,25,980.0
1999,12,22,19,30,0,0,0,0,0,0,7,24,114.63,0,0.136,0.4,3.5140000000000002,10.3,100.0,24,980.0
1999,12,22,20,0,0,0,0,0,0,0,7,24,121.35000000000001,0,0.136,0.4,3.485,9.9,100.0,24,980.0
1999,12,22,20,30,0,0,0,0,0,0,7,23,127.96000000000001,0,0.136,0.4,3.466,9.9,100.0,24,980.0
1999,12,22,21,0,0,0,0,0,0,0,7,23,134.39000000000001,0,0.136,0.4,3.4490000000000003,10.700000000000001,100.0,24,980.0
1999,12,22,21,30,0,0,0,0,0,0,7,23,140.54,0,0.136,0.4,3.43,10.700000000000001,100.0,23,980.0
1999,12,22,22,0,0,0,0,0,0,0,3,23,146.26,0,0.136,0.4,3.412,7.300000000000001,100.0,23,980.0
1999,12,22,22,30,0,0,0,0,0,0,1,23,151.28,0,0.136,0.4,3.392,7.300000000000001,100.0,23,980.0
1999,12,22,23,0,0,0,0,0,0,0,1,23,155.17000000000002,0,0.136,0.4,3.373,357.20000000000005,100.0,23,980.0
1999,12,22,23,30,0,0,0,0,0,0,0,22,157.31,0,0.136,0.4,3.345,357.20000000000005,100.0,22,980.0
1999,12,23,0,0,0,0,0,0,0,0,7,22,157.23,0,0.136,0.4,3.318,345.90000000000003,100.0,22,980.0
1999,12,23,0,30,0,0,0,0,0,0,7,21,154.94,0,0.136,0.30000000000000004,3.2800000000000002,345.90000000000003,100.0,22,980.0
1999,12,23,1,0,0,0,0,0,0,0,7,21,150.97,0,0.136,0.30000000000000004,3.242,337.70000000000005,100.0,22,980.0
1999,12,23,1,30,0,0,0,0,0,0,6,21,145.89000000000001,0,0.136,0.2,3.201,337.70000000000005,100.0,21,980.0
1999,12,23,2,0,0,0,0,0,0,0,7,21,140.13,0,0.136,0.2,3.161,335.40000000000003,100.0,21,980.0
1999,12,23,2,30,0,0,0,0,0,0,7,21,133.95,0,0.136,0.1,3.117,335.40000000000003,100.0,21,980.0
1999,12,23,3,0,0,0,0,0,0,0,6,21,127.51,0,0.136,0.1,3.074,332.1,100.0,21,980.0
1999,12,23,3,30,0,0,0,0,0,0,7,21,120.89,0,0.136,0.1,3.0300000000000002,332.1,100.0,21,980.0
1999,12,23,4,0,0,0,0,0,0,0,7,21,114.16,0,0.136,0.1,2.986,328.5,100.0,21,980.0
1999,12,23,4,30,0,0,0,0,0,0,6,21,107.35000000000001,0,0.136,0.1,2.981,328.5,100.0,21,980.0
1999,12,23,5,0,0,0,0,0,0,0,6,21,100.5,0,0.136,0.2,2.976,346.3,100.0,21,980.0
1999,12,23,5,30,0,0,0,0,0,0,6,21,93.63,0,0.136,0.1,2.99,346.3,100.0,21,980.0
1999,12,23,6,0,20,86,25,20,218,32,7,21,86.75,4,0.136,0.1,3.0060000000000002,13.4,100.0,21,980.0
1999,12,23,6,30,61,246,105,46,491,132,7,21,79.89,1,0.136,0.0,2.964,13.4,100.0,22,980.0
1999,12,23,7,0,104,333,201,60,664,254,7,22,73.06,1,0.136,0.0,2.923,27.5,100.0,23,980.0
1999,12,23,7,30,151,368,299,72,762,378,7,22,66.3,1,0.136,0.0,2.849,27.5,100.0,23,980.0
1999,12,23,8,0,196,399,398,75,845,502,7,23,59.63,1,0.136,0.0,2.7760000000000002,10.8,100.0,24,980.0
1999,12,23,8,30,242,410,488,81,891,616,7,23,53.09,1,0.136,0.0,2.716,10.8,100.0,24,980.0
1999,12,23,9,0,282,422,572,82,932,721,7,22,46.76,1,0.136,0.0,2.658,7.4,91.33,25,980.0
1999,12,23,9,30,319,427,643,86,956,811,7,22,40.74,1,0.136,0.0,2.6310000000000002,7.4,86.03,25,980.0
1999,12,23,10,0,344,437,702,86,979,886,7,21,35.19,1,0.136,0.0,2.604,5.5,74.65,26,980.0
1999,12,23,10,30,360,448,747,88,990,942,7,21,30.37,1,0.136,0.0,2.605,5.5,74.63,26,980.0
1999,12,23,11,0,415,406,778,87,1000,981,7,20,26.69,0,0.136,0.0,2.607,2.9000000000000004,73.29,27,980.0
1999,12,23,11,30,393,514,860,88,1003,1000,7,20,24.68,0,0.136,0.0,2.623,2.9000000000000004,73.26,27,980.0
1999,12,23,12,0,382,549,881,87,1004,999,7,20,24.740000000000002,0,0.136,0.0,2.6390000000000002,359.6,69.11,27,980.0
1999,12,23,12,30,375,536,853,87,1000,979,7,20,26.85,0,0.136,0.0,2.658,359.6,69.07000000000001,27,980.0
1999,12,23,13,0,362,488,782,86,991,939,7,20,30.6,0,0.136,0.0,2.678,354.90000000000003,69.71000000000001,27,980.0
1999,12,23,13,30,318,539,757,84,979,882,7,20,35.46,0,0.136,0.0,2.695,354.90000000000003,69.69,27,980.0
1999,12,23,14,0,259,606,717,82,961,807,8,21,41.050000000000004,0,0.136,0.0,2.712,349.0,70.64,27,980.0
1999,12,23,14,30,205,648,646,79,937,717,8,21,47.09,0,0.136,0.0,2.72,349.0,74.89,27,980.0
1999,12,23,15,0,161,661,555,75,904,614,7,21,53.43,0,0.136,0.0,2.729,343.40000000000003,77.29,27,980.0
1999,12,23,15,30,69,861,500,69,861,500,0,21,59.980000000000004,0,0.136,0.0,2.722,343.40000000000003,77.28,26,980.0
1999,12,23,16,0,62,799,379,62,799,379,0,22,66.65,0,0.136,0.0,2.716,338.8,80.01,26,980.0
1999,12,23,16,30,53,706,255,53,706,255,0,22,73.42,0,0.136,0.0,2.694,338.8,84.88,25,980.0
1999,12,23,17,0,39,556,134,39,556,134,0,22,80.25,0,0.136,0.0,2.673,346.5,92.44,24,980.0
1999,12,23,17,30,18,269,31,18,269,31,0,22,87.11,0,0.136,0.0,2.6430000000000002,346.5,98.18,23,980.0
1999,12,23,18,0,0,0,0,0,0,0,0,22,93.99,0,0.136,0.1,2.614,348.90000000000003,95.58,23,980.0
1999,12,23,18,30,0,0,0,0,0,0,0,22,100.86,0,0.136,0.0,2.582,348.90000000000003,100.0,22,980.0
1999,12,23,19,0,0,0,0,0,0,0,0,21,107.71000000000001,1,0.136,0.0,2.5500000000000003,353.20000000000005,98.24000000000001,22,980.0
1999,12,23,19,30,0,0,0,0,0,0,0,21,114.52,0,0.136,0.0,2.529,353.20000000000005,100.0,22,980.0
1999,12,23,20,0,0,0,0,0,0,0,0,21,121.24000000000001,0,0.136,0.0,2.509,358.5,100.0,22,980.0
1999,12,23,20,30,0,0,0,0,0,0,0,21,127.86,0,0.136,0.0,2.507,358.5,100.0,21,980.0
1999,12,23,21,0,0,0,0,0,0,0,0,21,134.29,0,0.136,0.0,2.5060000000000002,1.8,100.0,21,980.0
1999,12,23,21,30,0,0,0,0,0,0,0,20,140.45000000000002,0,0.136,0.0,2.529,1.8,100.0,20,980.0
1999,12,23,22,0,0,0,0,0,0,0,0,20,146.18,0,0.136,0.0,2.552,5.800000000000001,100.0,20,980.0
1999,12,23,22,30,0,0,0,0,0,0,0,20,151.22,0,0.136,0.0,2.597,5.800000000000001,100.0,20,980.0
1999,12,23,23,0,0,0,0,0,0,0,0,20,155.12,0,0.136,0.1,2.6430000000000002,9.9,100.0,20,980.0
1999,12,23,23,30,0,0,0,0,0,0,0,19,157.31,0,0.136,0.1,2.703,9.9,100.0,20,980.0
1999,12,24,0,0,0,0,0,0,0,0,0,19,157.27,0,0.136,0.1,2.765,9.8,100.0,20,980.0
1999,12,24,0,30,0,0,0,0,0,0,0,19,155.01,0,0.136,0.0,2.83,9.8,100.0,19,980.0
1999,12,24,1,0,0,0,0,0,0,0,0,19,151.05,0,0.136,0.0,2.896,8.6,100.0,19,980.0
1999,12,24,1,30,0,0,0,0,0,0,0,19,145.98,0,0.136,0.0,2.956,8.6,100.0,19,980.0
1999,12,24,2,0,0,0,0,0,0,0,0,19,140.23,0,0.136,0.0,3.017,5.2,100.0,19,980.0
1999,12,24,2,30,0,0,0,0,0,0,0,19,134.06,0,0.136,0.0,3.069,5.2,100.0,19,980.0
1999,12,24,3,0,0,0,0,0,0,0,0,19,127.62,0,0.136,0.0,3.122,11.0,100.0,19,980.0
1999,12,24,3,30,0,0,0,0,0,0,0,19,121.0,0,0.136,0.0,3.169,11.0,100.0,19,980.0
1999,12,24,4,0,0,0,0,0,0,0,0,19,114.27,0,0.136,0.0,3.217,16.3,100.0,19,980.0
1999,12,24,4,30,0,0,0,0,0,0,0,19,107.47,0,0.136,0.0,3.259,16.3,100.0,19,980.0
1999,12,24,5,0,0,0,0,0,0,0,0,19,100.61,0,0.136,0.0,3.301,17.3,100.0,19,980.0
1999,12,24,5,30,0,0,0,0,0,0,3,19,93.74,0,0.136,0.0,3.337,17.3,100.0,19,980.0
1999,12,24,6,0,19,206,30,19,206,30,1,19,86.86,0,0.136,0.0,3.374,12.3,100.0,20,980.0
1999,12,24,6,30,46,479,129,46,479,129,0,19,80.0,0,0.136,0.0,3.4170000000000003,12.3,99.35000000000001,21,980.0
1999,12,24,7,0,60,653,249,60,653,249,0,20,73.17,0,0.136,0.0,3.46,8.6,92.34,22,980.0
1999,12,24,7,30,71,749,371,71,749,371,0,20,66.41,0,0.136,0.0,3.511,8.6,86.93,23,980.0
1999,12,24,8,0,76,824,491,76,824,491,0,21,59.730000000000004,0,0.136,0.0,3.563,13.100000000000001,85.32000000000001,24,980.0
1999,12,24,8,30,82,868,603,82,868,603,0,21,53.19,0,0.136,0.0,3.623,13.100000000000001,80.38,25,980.0
1999,12,24,9,0,86,904,704,86,904,704,0,21,46.86,0,0.136,0.0,3.6830000000000003,14.3,76.85000000000001,26,980.0
1999,12,24,9,30,90,927,792,90,927,792,0,21,40.83,0,0.136,0.0,3.745,14.3,76.84,26,980.0
1999,12,24,10,0,92,944,864,92,944,864,0,21,35.26,0,0.136,0.0,3.8080000000000003,15.600000000000001,73.60000000000001,27,980.0
1999,12,24,10,30,95,956,919,95,956,919,0,21,30.43,0,0.136,0.0,3.875,15.600000000000001,73.58,27,980.0
1999,12,24,11,0,98,961,956,98,961,956,0,22,26.73,0,0.136,0.0,3.943,15.4,70.92,28,980.0
1999,12,24,11,30,98,964,974,98,964,974,0,22,24.68,0,0.136,0.0,4.011,15.4,70.88,28,980.0
1999,12,24,12,0,101,959,973,101,959,973,0,22,24.7,0,0.136,0.0,4.078,11.600000000000001,72.29,29,980.0
1999,12,24,12,30,100,954,953,100,954,953,0,22,26.79,0,0.136,0.0,4.138,11.600000000000001,72.25,29,980.0
1999,12,24,13,0,100,944,913,100,944,913,0,22,30.51,0,0.136,0.0,4.197,6.6000000000000005,69.48,29,980.0
1999,12,24,13,30,97,931,857,97,931,857,0,22,35.37,0,0.136,0.0,4.243,6.6000000000000005,73.59,29,980.0
1999,12,24,14,0,93,915,784,93,915,784,0,23,40.94,0,0.136,0.0,4.29,358.5,74.92,29,980.0
1999,12,24,14,30,89,889,696,89,889,696,0,23,46.980000000000004,0,0.136,0.0,4.3260000000000005,358.5,74.9,28,980.0
1999,12,24,15,0,83,857,595,83,857,595,0,23,53.32,0,0.136,0.0,4.363,347.40000000000003,76.81,28,980.0
1999,12,24,15,30,76,811,484,76,811,484,1,23,59.86,0,0.136,0.0,4.381,347.40000000000003,76.81,28,980.0
1999,12,24,16,0,67,750,366,67,750,366,0,24,66.54,0,0.136,0.0,4.399,327.6,79.05,28,980.0
1999,12,24,16,30,57,654,245,57,654,245,0,24,73.31,0,0.136,0.0,4.401,327.6,83.79,27,980.0
1999,12,24,17,0,42,501,128,42,501,128,0,24,80.13,0,0.136,0.0,4.4030000000000005,325.70000000000005,92.19,26,980.0
1999,12,24,17,30,18,224,30,18,224,30,0,24,87.0,0,0.136,0.0,4.404,325.70000000000005,97.83,25,980.0
1999,12,24,18,0,0,0,0,0,0,0,0,24,93.88,0,0.136,0.1,4.405,327.0,96.09,25,980.0
1999,12,24,18,30,0,0,0,0,0,0,0,24,100.75,0,0.136,0.1,4.417,327.0,100.0,24,980.0
1999,12,24,19,0,0,0,0,0,0,0,0,23,107.60000000000001,1,0.136,0.1,4.43,330.70000000000005,99.61,24,980.0
1999,12,24,19,30,0,0,0,0,0,0,0,23,114.41,0,0.136,0.1,4.45,330.70000000000005,100.0,23,980.0
1999,12,24,20,0,0,0,0,0,0,0,3,23,121.14,0,0.136,0.1,4.471,337.6,100.0,23,980.0
1999,12,24,20,30,0,0,0,0,0,0,0,23,127.75,0,0.136,0.0,4.495,337.6,100.0,23,980.0
1999,12,24,21,0,0,0,0,0,0,0,0,23,134.19,0,0.136,0.0,4.5200000000000005,344.20000000000005,100.0,23,980.0
1999,12,24,21,30,0,0,0,0,0,0,0,22,140.36,0,0.136,0.0,4.546,344.20000000000005,100.0,23,980.0
1999,12,24,22,0,0,0,0,0,0,0,0,22,146.1,0,0.136,0.0,4.573,348.20000000000005,100.0,23,980.0
1999,12,24,22,30,0,0,0,0,0,0,0,22,151.15,0,0.136,0.0,4.597,348.20000000000005,100.0,22,980.0
1999,12,24,23,0,0,0,0,0,0,0,0,22,155.09,0,0.136,0.0,4.621,346.70000000000005,100.0,22,980.0
1999,12,24,23,30,0,0,0,0,0,0,0,22,157.31,0,0.136,0.0,4.639,346.70000000000005,100.0,22,980.0
1999,12,25,0,0,0,0,0,0,0,0,0,22,157.3,0,0.136,0.0,4.657,346.40000000000003,100.0,22,980.0
1999,12,25,0,30,0,0,0,0,0,0,0,22,155.08,0,0.136,0.0,4.664,346.40000000000003,100.0,22,980.0
1999,12,25,1,0,0,0,0,0,0,0,0,22,151.14000000000001,0,0.136,0.0,4.672,350.70000000000005,100.0,22,980.0
1999,12,25,1,30,0,0,0,0,0,0,0,22,146.09,0,0.136,0.0,4.6690000000000005,350.70000000000005,100.0,22,980.0
1999,12,25,2,0,0,0,0,0,0,0,0,22,140.34,0,0.136,0.0,4.667,355.8,100.0,22,980.0
1999,12,25,2,30,0,0,0,0,0,0,0,22,134.17000000000002,0,0.136,0.0,4.6610000000000005,355.8,100.0,22,980.0
1999,12,25,3,0,0,0,0,0,0,0,0,22,127.73,0,0.136,0.0,4.656,0.8,100.0,22,980.0
1999,12,25,3,30,0,0,0,0,0,0,0,21,121.12,0,0.136,0.0,4.656,0.8,100.0,22,980.0
1999,12,25,4,0,0,0,0,0,0,0,0,21,114.39,0,0.136,0.0,4.656,5.0,100.0,22,980.0
1999,12,25,4,30,0,0,0,0,0,0,0,21,107.58,0,0.136,0.0,4.657,5.0,100.0,22,980.0
1999,12,25,5,0,0,0,0,0,0,0,0,21,100.73,0,0.136,0.0,4.66,10.0,100.0,22,980.0
1999,12,25,5,30,0,0,0,0,0,0,0,21,93.85000000000001,0,0.136,0.0,4.66,10.0,100.0,22,980.0
1999,12,25,6,0,20,126,26,20,126,26,0,22,86.97,0,0.136,0.0,4.66,15.200000000000001,100.0,22,980.0
1999,12,25,6,30,54,378,119,54,378,119,0,22,80.11,0,0.136,0.0,4.6610000000000005,15.200000000000001,96.58,23,980.0
1999,12,25,7,0,74,555,234,74,555,234,0,22,73.28,0,0.136,0.0,4.663,18.0,91.59,24,980.0
1999,12,25,7,30,90,661,353,90,661,353,0,22,66.51,0,0.136,0.0,4.673,18.0,86.31,25,980.0
1999,12,25,8,0,98,746,473,98,746,473,0,22,59.84,0,0.136,0.0,4.6850000000000005,19.8,80.91,26,980.0
1999,12,25,8,30,107,797,583,107,797,583,0,22,53.29,0,0.136,0.0,4.71,19.8,80.9,26,980.0
1999,12,25,9,0,111,839,684,111,839,684,0,22,46.95,0,0.136,0.0,4.736,19.5,76.09,27,980.0
1999,12,25,9,30,117,866,771,117,866,771,0,22,40.910000000000004,0,0.136,0.0,4.776,19.5,76.08,27,980.0
1999,12,25,10,0,120,887,844,120,887,844,0,22,35.34,0,0.136,0.0,4.8180000000000005,18.7,72.4,28,980.0
1999,12,25,10,30,123,901,899,123,901,899,0,22,30.48,0,0.136,0.0,4.866,18.7,72.38,28,980.0
1999,12,25,11,0,126,907,937,126,907,937,0,22,26.76,0,0.136,0.0,4.914,17.7,73.46000000000001,29,980.0
1999,12,25,11,30,412,431,804,127,911,955,3,22,24.68,0,0.136,0.0,4.96,17.7,73.43,29,980.0
1999,12,25,12,0,438,380,784,129,907,954,3,23,24.66,0,0.136,0.0,5.007,15.600000000000001,70.37,29,980.0
1999,12,25,12,30,442,358,762,128,903,935,3,23,26.72,0,0.136,0.0,5.043,15.600000000000001,70.33,29,980.0
1999,12,25,13,0,128,891,896,128,891,896,1,23,30.42,0,0.136,0.0,5.08,13.0,71.27,29,980.0
1999,12,25,13,30,125,876,841,125,876,841,0,23,35.26,0,0.136,0.0,5.106,13.0,71.24,29,980.0
1999,12,25,14,0,120,857,769,120,857,769,1,23,40.83,0,0.136,0.0,5.132,9.3,72.38,29,980.0
1999,12,25,14,30,115,829,682,115,829,682,0,23,46.87,0,0.136,0.0,5.146,9.3,76.67,29,980.0
1999,12,25,15,0,108,792,582,108,792,582,0,23,53.21,0,0.136,0.0,5.1610000000000005,8.6,78.73,29,980.0
1999,12,25,15,30,99,741,472,99,741,472,0,23,59.75,0,0.136,0.0,5.156,8.6,78.73,28,980.0
1999,12,25,16,0,87,671,356,87,671,356,0,24,66.42,0,0.136,0.0,5.151,10.9,81.89,28,980.0
1999,12,25,16,30,72,567,236,72,567,236,0,24,73.19,0,0.136,0.0,5.135,10.9,86.83,27,980.0
1999,12,25,17,0,52,403,122,52,403,122,3,24,80.02,4,0.136,0.0,5.119,12.4,92.91,27,980.0
1999,12,25,17,30,21,143,28,21,143,28,3,24,86.88,4,0.136,0.1,5.098,12.4,98.61,26,980.0
1999,12,25,18,0,0,0,0,0,0,0,0,24,93.76,0,0.136,0.2,5.078,13.8,97.03,25,980.0
1999,12,25,18,30,0,0,0,0,0,0,0,24,100.64,0,0.136,0.2,5.059,13.8,100.0,25,980.0
1999,12,25,19,0,0,0,0,0,0,0,0,24,107.49000000000001,1,0.136,0.2,5.04,19.8,100.0,25,980.0
1999,12,25,19,30,0,0,0,0,0,0,3,24,114.3,0,0.136,0.1,5.025,19.8,100.0,24,980.0
1999,12,25,20,0,0,0,0,0,0,0,0,24,121.03,0,0.136,0.1,5.01,28.400000000000002,100.0,24,980.0
1999,12,25,20,30,0,0,0,0,0,0,3,24,127.65,0,0.136,0.1,4.995,28.400000000000002,100.0,24,980.0
1999,12,25,21,0,0,0,0,0,0,0,0,23,134.1,0,0.136,0.1,4.98,29.3,99.27,24,980.0
1999,12,25,21,30,0,0,0,0,0,0,0,23,140.27,0,0.136,0.0,4.9670000000000005,29.3,100.0,23,980.0
1999,12,25,22,0,0,0,0,0,0,0,0,23,146.03,0,0.136,0.0,4.954,28.3,100.0,23,980.0
1999,12,25,22,30,0,0,0,0,0,0,0,23,151.1,0,0.136,0.0,4.936,28.3,100.0,23,980.0
1999,12,25,23,0,0,0,0,0,0,0,0,23,155.06,0,0.136,0.0,4.918,28.400000000000002,100.0,23,980.0
1999,12,25,23,30,0,0,0,0,0,0,1,23,157.31,0,0.136,0.0,4.89,28.400000000000002,100.0,23,980.0
1999,12,26,0,0,0,0,0,0,0,0,0,23,157.35,0,0.136,0.0,4.862,26.0,100.0,23,980.0
1999,12,26,0,30,0,0,0,0,0,0,0,23,155.15,0,0.136,0.0,4.829,26.0,100.0,23,980.0
1999,12,26,1,0,0,0,0,0,0,0,0,23,151.24,0,0.136,0.0,4.796,21.8,100.0,23,980.0
1999,12,26,1,30,0,0,0,0,0,0,0,22,146.19,0,0.136,0.0,4.772,21.8,100.0,23,980.0
1999,12,26,2,0,0,0,0,0,0,0,0,22,140.46,0,0.136,0.0,4.748,22.5,100.0,23,980.0
1999,12,26,2,30,0,0,0,0,0,0,0,22,134.29,0,0.136,0.0,4.746,22.5,100.0,22,980.0
1999,12,26,3,0,0,0,0,0,0,0,3,22,127.85000000000001,0,0.136,0.0,4.744,24.3,100.0,22,980.0
1999,12,26,3,30,0,0,0,0,0,0,3,22,121.24000000000001,0,0.136,0.0,4.749,24.3,100.0,22,980.0
1999,12,26,4,0,0,0,0,0,0,0,3,22,114.5,0,0.136,0.0,4.7540000000000004,25.3,100.0,22,980.0
1999,12,26,4,30,0,0,0,0,0,0,3,22,107.7,0,0.136,0.0,4.7540000000000004,25.3,100.0,22,980.0
1999,12,26,5,0,0,0,0,0,0,0,3,22,100.84,0,0.136,0.0,4.7540000000000004,23.8,100.0,22,980.0
1999,12,26,5,30,0,0,0,0,0,0,3,22,93.97,0,0.136,0.0,4.747,23.8,100.0,22,980.0
1999,12,26,6,0,19,76,23,19,76,23,0,22,87.08,0,0.136,0.0,4.742,26.5,100.0,22,980.0
1999,12,26,6,30,62,295,112,62,295,112,0,22,80.22,0,0.136,0.0,4.738,26.5,100.0,22,980.0
1999,12,26,7,0,92,460,224,92,460,224,0,22,73.39,0,0.136,0.0,4.734,28.700000000000003,94.79,23,980.0
1999,12,26,7,30,114,572,341,114,572,341,0,22,66.62,0,0.136,0.0,4.729,28.700000000000003,94.81,23,990.0
1999,12,26,8,0,127,661,459,127,661,459,0,21,59.94,0,0.136,0.0,4.724,25.8,87.67,24,990.0
1999,12,26,8,30,139,719,568,139,719,568,0,21,53.39,0,0.136,0.0,4.718,25.8,87.66,24,990.0
1999,12,26,9,0,145,769,670,145,769,670,0,21,47.04,0,0.136,0.0,4.712,22.900000000000002,81.09,25,990.0
1999,12,26,9,30,153,800,757,153,800,757,0,21,40.99,0,0.136,0.0,4.727,22.900000000000002,81.06,25,980.0
1999,12,26,10,0,158,823,830,158,823,830,0,21,35.4,0,0.136,0.0,4.743,21.6,75.67,26,980.0
1999,12,26,10,30,162,839,885,162,839,885,0,21,30.53,1,0.136,0.0,4.784,21.6,75.64,26,980.0
1999,12,26,11,0,170,841,921,170,841,921,0,21,26.78,1,0.136,0.0,4.8260000000000005,20.700000000000003,75.27,27,980.0
1999,12,26,11,30,171,846,940,171,846,940,0,21,24.67,1,0.136,0.0,4.878,20.700000000000003,75.24,27,980.0
1999,12,26,12,0,178,835,938,178,835,938,0,21,24.62,1,0.136,0.0,4.93,20.8,70.97,27,980.0
1999,12,26,12,30,177,829,919,177,829,919,0,21,26.64,0,0.136,0.0,4.978,20.8,70.94,27,980.0
1999,12,26,13,0,179,811,879,179,811,879,0,21,30.330000000000002,1,0.136,0.0,5.0280000000000005,19.5,71.35000000000001,27,980.0
1999,12,26,13,30,174,794,824,174,794,824,0,21,35.160000000000004,1,0.136,0.0,5.0600000000000005,19.5,71.33,27,980.0
1999,12,26,14,0,166,773,753,166,773,753,0,21,40.72,1,0.136,0.0,5.093,15.100000000000001,72.43,27,980.0
1999,12,26,14,30,158,741,667,158,741,667,8,21,46.75,1,0.136,0.0,5.096,15.100000000000001,76.8,27,980.0
1999,12,26,15,0,263,325,459,143,710,570,8,22,53.09,1,0.136,0.0,5.099,9.600000000000001,78.77,27,980.0
1999,12,26,15,30,217,304,371,131,653,461,8,22,59.63,3,0.136,0.0,5.0680000000000005,9.600000000000001,78.77,26,980.0
1999,12,26,16,0,165,285,279,112,584,347,8,22,66.3,1,0.136,0.0,5.038,8.200000000000001,80.81,26,980.0
1999,12,26,16,30,111,252,185,91,474,230,8,22,73.07000000000001,0,0.136,0.0,4.988,8.200000000000001,85.75,25,980.0
1999,12,26,17,0,63,312,118,63,312,118,0,23,79.9,0,0.136,0.0,4.939,11.4,88.73,25,980.0
1999,12,26,17,30,22,90,27,22,90,27,3,23,86.77,4,0.136,0.0,4.8950000000000005,11.4,94.2,24,980.0
1999,12,26,18,0,0,0,0,0,0,0,7,22,93.65,0,0.136,0.1,4.851,9.700000000000001,93.85000000000001,24,980.0
1999,12,26,18,30,0,0,0,0,0,0,7,22,100.53,0,0.136,0.1,4.821,9.700000000000001,99.7,23,980.0
1999,12,26,19,0,0,0,0,0,0,0,7,22,107.38,1,0.136,0.2,4.792,13.600000000000001,98.39,23,980.0
1999,12,26,19,30,0,0,0,0,0,0,7,22,114.19,0,0.136,0.2,4.763,13.600000000000001,100.0,23,980.0
1999,12,26,20,0,0,0,0,0,0,0,7,22,120.93,0,0.136,0.2,4.735,19.200000000000003,100.0,23,980.0
1999,12,26,20,30,0,0,0,0,0,0,7,22,127.56,0,0.136,0.2,4.698,19.200000000000003,100.0,22,980.0
1999,12,26,21,0,0,0,0,0,0,0,7,22,134.01,0,0.136,0.30000000000000004,4.662,20.700000000000003,100.0,22,980.0
1999,12,26,21,30,0,0,0,0,0,0,7,22,140.19,0,0.136,0.30000000000000004,4.625,20.700000000000003,100.0,22,980.0
1999,12,26,22,0,0,0,0,0,0,0,7,22,145.96,0,0.136,0.4,4.59,21.6,100.0,22,980.0
1999,12,26,22,30,0,0,0,0,0,0,7,22,151.05,0,0.136,0.4,4.558,21.6,100.0,22,980.0
1999,12,26,23,0,0,0,0,0,0,0,7,22,155.03,0,0.136,0.4,4.527,24.3,100.0,22,980.0
1999,12,26,23,30,0,0,0,0,0,0,7,21,157.33,0,0.136,0.4,4.499,24.3,100.0,21,980.0
1999,12,27,0,0,0,0,0,0,0,0,7,21,157.4,0,0.136,0.4,4.472,26.5,100.0,21,980.0
1999,12,27,0,30,0,0,0,0,0,0,7,21,155.24,0,0.136,0.30000000000000004,4.4510000000000005,26.5,100.0,21,980.0
1999,12,27,1,0,0,0,0,0,0,0,7,21,151.34,0,0.136,0.30000000000000004,4.43,24.5,100.0,21,980.0
1999,12,27,1,30,0,0,0,0,0,0,7,21,146.3,0,0.136,0.30000000000000004,4.415,24.5,100.0,21,980.0
1999,12,27,2,0,0,0,0,0,0,0,7,21,140.57,0,0.136,0.30000000000000004,4.4,21.200000000000003,100.0,21,980.0
1999,12,27,2,30,0,0,0,0,0,0,7,20,134.41,0,0.136,0.30000000000000004,4.3870000000000005,21.200000000000003,100.0,21,980.0
1999,12,27,3,0,0,0,0,0,0,0,7,20,127.97,0,0.136,0.30000000000000004,4.374,17.2,100.0,21,980.0
1999,12,27,3,30,0,0,0,0,0,0,7,20,121.35000000000001,0,0.136,0.30000000000000004,4.352,17.2,100.0,20,980.0
1999,12,27,4,0,0,0,0,0,0,0,7,20,114.62,0,0.136,0.4,4.33,12.700000000000001,100.0,20,980.0
1999,12,27,4,30,0,0,0,0,0,0,7,20,107.81,0,0.136,0.4,4.3,12.700000000000001,100.0,20,980.0
1999,12,27,5,0,0,0,0,0,0,0,7,20,100.96000000000001,0,0.136,0.4,4.2700000000000005,8.8,100.0,20,980.0
1999,12,27,5,30,0,0,0,0,0,0,7,20,94.08,0,0.136,0.30000000000000004,4.241,8.8,100.0,20,980.0
1999,12,27,6,0,24,0,24,19,109,24,4,21,87.2,4,0.136,0.2,4.213,7.2,100.0,21,980.0
1999,12,27,6,30,56,355,115,56,355,115,0,21,80.33,0,0.136,0.1,4.2010000000000005,7.2,97.69,22,980.0
1999,12,27,7,0,78,534,230,78,534,230,0,22,73.5,0,0.136,0.0,4.189,9.8,95.07000000000001,23,980.0
1999,12,27,7,30,96,643,350,96,643,350,0,22,66.72,0,0.136,0.0,4.198,9.8,95.09,24,990.0
1999,12,27,8,0,103,733,470,103,733,470,0,22,60.04,0,0.136,0.0,4.208,23.8,88.85000000000001,25,990.0
1999,12,27,8,30,113,786,581,113,786,581,0,22,53.480000000000004,0,0.136,0.0,4.225,23.8,83.71000000000001,25,990.0
1999,12,27,9,0,116,834,683,116,834,683,0,21,47.13,0,0.136,0.0,4.242,25.6,77.87,26,990.0
1999,12,27,9,30,122,862,772,122,862,772,0,21,41.07,0,0.136,0.0,4.2540000000000004,25.6,77.85000000000001,26,990.0
1999,12,27,10,0,123,888,846,123,888,846,0,21,35.47,0,0.136,0.0,4.266,25.8,78.0,26,980.0
1999,12,27,10,30,126,902,903,126,902,903,0,21,30.580000000000002,0,0.136,0.0,4.275,25.8,77.96000000000001,26,980.0
1999,12,27,11,0,125,916,943,125,916,943,0,21,26.8,0,0.136,0.0,4.285,25.6,73.72,27,980.0
1999,12,27,11,30,125,921,963,125,921,963,0,21,24.650000000000002,0,0.136,0.0,4.296,25.6,73.68,27,980.0
1999,12,27,12,0,122,926,965,122,926,965,0,21,24.560000000000002,0,0.136,0.0,4.307,22.3,74.11,27,980.0
1999,12,27,12,30,121,922,946,121,922,946,1,21,26.560000000000002,0,0.136,0.0,4.316,22.3,74.07000000000001,27,980.0
1999,12,27,13,0,115,920,910,115,920,910,0,22,30.23,0,0.136,0.0,4.325,8.4,74.98,27,980.0
1999,12,27,13,30,113,906,855,113,906,855,0,22,35.050000000000004,1,0.136,0.0,4.328,8.4,74.95,27,980.0
1999,12,27,14,0,104,896,785,104,896,785,0,22,40.6,1,0.136,0.0,4.332,337.20000000000005,76.44,28,980.0
1999,12,27,14,30,99,871,698,99,871,698,0,22,46.63,1,0.136,0.0,4.327,337.20000000000005,76.41,28,980.0
1999,12,27,15,0,89,847,599,89,847,599,0,22,52.97,1,0.136,0.0,4.324,298.40000000000003,77.9,28,980.0
1999,12,27,15,30,82,801,489,82,801,489,0,22,59.51,0,0.136,0.0,4.301,298.40000000000003,77.89,27,980.0
1999,12,27,16,0,70,747,372,70,747,372,0,23,66.19,1,0.136,0.0,4.2780000000000005,280.40000000000003,79.34,27,980.0
1999,12,27,16,30,59,653,251,59,653,251,0,23,72.96000000000001,1,0.136,0.0,4.251,280.40000000000003,84.15,26,980.0
1999,12,27,17,0,43,510,134,43,510,134,3,23,79.79,1,0.136,0.1,4.225,335.90000000000003,87.51,26,980.0
1999,12,27,17,30,20,242,34,20,242,34,3,23,86.65,4,0.136,0.2,4.221,335.90000000000003,92.87,25,980.0
1999,12,27,18,0,0,0,0,0,0,0,1,23,93.54,0,0.136,0.30000000000000004,4.2170000000000005,6.4,93.23,25,980.0
1999,12,27,18,30,0,0,0,0,0,0,0,23,100.42,0,0.136,0.30000000000000004,4.244,6.4,99.0,24,980.0
1999,12,27,19,0,0,0,0,0,0,0,0,23,107.28,1,0.136,0.4,4.272,22.6,94.42,24,980.0
1999,12,27,19,30,0,0,0,0,0,0,0,23,114.09,0,0.136,0.4,4.32,22.6,100.0,24,980.0
1999,12,27,20,0,0,0,0,0,0,0,0,22,120.83,0,0.136,0.4,4.369,27.400000000000002,99.18,24,980.0
1999,12,27,20,30,0,0,0,0,0,0,0,22,127.46000000000001,0,0.136,0.4,4.42,27.400000000000002,99.2,23,980.0
1999,12,27,21,0,0,0,0,0,0,0,0,22,133.92000000000002,0,0.136,0.4,4.471,18.8,98.73,23,980.0
1999,12,27,21,30,0,0,0,0,0,0,0,22,140.11,0,0.136,0.30000000000000004,4.501,18.8,100.0,23,980.0
1999,12,27,22,0,0,0,0,0,0,0,0,22,145.89000000000001,0,0.136,0.30000000000000004,4.532,5.9,100.0,23,980.0
1999,12,27,22,30,0,0,0,0,0,0,0,22,151.0,0,0.136,0.2,4.535,5.9,100.0,22,980.0
1999,12,27,23,0,0,0,0,0,0,0,0,22,155.02,0,0.136,0.2,4.538,359.0,100.0,22,980.0
1999,12,27,23,30,0,0,0,0,0,0,0,22,157.35,0,0.136,0.1,4.515,359.0,100.0,22,980.0
1999,12,28,0,0,0,0,0,0,0,0,0,22,157.46,0,0.136,0.1,4.493,359.8,100.0,22,980.0
1999,12,28,0,30,0,0,0,0,0,0,0,22,155.33,0,0.136,0.0,4.466,359.8,100.0,22,980.0
1999,12,28,1,0,0,0,0,0,0,0,0,22,151.44,0,0.136,0.0,4.44,9.200000000000001,100.0,22,980.0
1999,12,28,1,30,0,0,0,0,0,0,0,22,146.42000000000002,0,0.136,0.0,4.429,9.200000000000001,100.0,22,980.0
1999,12,28,2,0,0,0,0,0,0,0,0,22,140.69,0,0.136,0.0,4.4190000000000005,18.8,100.0,22,980.0
1999,12,28,2,30,0,0,0,0,0,0,0,22,134.53,0,0.136,0.0,4.421,18.8,100.0,22,980.0
1999,12,28,3,0,0,0,0,0,0,0,0,22,128.09,0,0.136,0.0,4.424,23.3,100.0,22,980.0
1999,12,28,3,30,0,0,0,0,0,0,0,22,121.47,0,0.136,0.0,4.422,23.3,100.0,22,980.0
1999,12,28,4,0,0,0,0,0,0,0,0,22,114.74000000000001,0,0.136,0.0,4.421,25.3,100.0,22,980.0
1999,12,28,4,30,0,0,0,0,0,0,1,21,107.93,0,0.136,0.0,4.399,25.3,100.0,22,980.0
1999,12,28,5,0,0,0,0,0,0,0,0,21,101.07000000000001,0,0.136,0.0,4.377,30.3,100.0,22,980.0
1999,12,28,5,30,0,0,0,0,0,0,0,21,94.19,0,0.136,0.0,4.343,30.3,100.0,22,980.0
1999,12,28,6,0,18,126,24,18,126,24,0,22,87.31,0,0.136,0.0,4.3100000000000005,29.400000000000002,100.0,22,980.0
1999,12,28,6,30,51,390,116,51,390,116,0,22,80.44,0,0.136,0.0,4.291,29.400000000000002,95.46000000000001,23,980.0
1999,12,28,7,0,73,559,231,73,559,231,0,22,73.60000000000001,0,0.136,0.0,4.273,24.0,89.22,24,980.0
1999,12,28,7,30,99,617,342,89,666,351,8,22,66.82000000000001,0,0.136,0.0,4.288,24.0,89.23,24,980.0
1999,12,28,8,0,181,456,408,97,748,470,8,21,60.13,0,0.136,0.0,4.303,25.6,82.43,25,980.0
1999,12,28,8,30,278,225,412,106,800,581,8,21,53.57,0,0.136,0.0,4.345,25.6,77.69,26,980.0
1999,12,28,9,0,110,844,683,110,844,683,0,21,47.21,0,0.136,0.0,4.3870000000000005,29.0,73.33,27,980.0
1999,12,28,9,30,115,871,771,115,871,771,0,21,41.14,0,0.136,0.0,4.4350000000000005,29.0,73.31,27,980.0
1999,12,28,10,0,385,368,685,116,895,845,8,21,35.53,0,0.136,0.0,4.484,30.8,69.64,28,980.0
1999,12,28,10,30,119,909,901,119,909,901,0,21,30.61,0,0.136,0.0,4.5280000000000005,30.8,69.60000000000001,28,980.0
1999,12,28,11,0,409,416,781,117,923,941,8,22,26.810000000000002,0,0.136,0.0,4.572,31.6,70.27,29,980.0
1999,12,28,11,30,118,927,961,118,927,961,0,22,24.62,0,0.136,0.0,4.603,31.6,70.23,29,980.0
1999,12,28,12,0,397,498,850,115,932,963,7,22,24.5,0,0.136,0.0,4.634,31.900000000000002,67.13,29,980.0
1999,12,28,12,30,392,464,807,114,928,945,7,22,26.47,0,0.136,0.0,4.649,31.900000000000002,67.09,29,980.0
1999,12,28,13,0,353,541,822,108,926,909,7,22,30.12,0,0.136,0.0,4.665,29.5,68.37,29,980.0
1999,12,28,13,30,105,913,854,105,913,854,0,22,34.93,0,0.136,0.0,4.67,29.5,68.34,29,980.0
1999,12,28,14,0,97,904,785,97,904,785,0,22,40.480000000000004,0,0.136,0.0,4.676,22.900000000000002,68.92,29,980.0
1999,12,28,14,30,93,879,698,93,879,698,0,22,46.51,0,0.136,0.0,4.674,22.900000000000002,68.91,29,980.0
1999,12,28,15,0,151,0,151,84,853,600,3,22,52.85,0,0.136,0.0,4.673,314.8,69.64,29,980.0
1999,12,28,15,30,225,76,264,78,808,489,3,22,59.39,0,0.136,0.0,4.66,314.8,73.79,28,980.0
1999,12,28,16,0,67,753,373,67,753,373,0,23,66.07000000000001,0,0.136,0.0,4.648,234.8,76.55,28,980.0
1999,12,28,16,30,57,660,252,57,660,252,0,23,72.84,0,0.136,0.0,4.628,234.8,81.16,27,980.0
1999,12,28,17,0,42,518,135,42,518,135,0,24,79.67,0,0.136,0.1,4.609,0.8,84.9,27,980.0
1999,12,28,17,30,19,255,35,19,255,35,0,24,86.54,0,0.136,0.2,4.573,0.8,90.05,26,980.0
1999,12,28,18,0,0,0,0,0,0,0,0,23,93.42,0,0.136,0.30000000000000004,4.538,359.1,92.71000000000001,25,980.0
1999,12,28,18,30,0,0,0,0,0,0,0,23,100.31,0,0.136,0.30000000000000004,4.497,359.1,98.43,24,980.0
1999,12,28,19,0,0,0,0,0,0,0,0,23,107.17,1,0.136,0.30000000000000004,4.457,10.700000000000001,96.59,24,980.0
1999,12,28,19,30,0,0,0,0,0,0,0,23,113.99000000000001,0,0.136,0.30000000000000004,4.42,10.700000000000001,100.0,24,980.0
1999,12,28,20,0,0,0,0,0,0,0,0,23,120.73,0,0.136,0.30000000000000004,4.385,17.900000000000002,100.0,24,980.0
1999,12,28,20,30,0,0,0,0,0,0,0,23,127.37,0,0.136,0.2,4.351,17.900000000000002,100.0,23,980.0
1999,12,28,21,0,0,0,0,0,0,0,0,23,133.83,0,0.136,0.1,4.317,22.6,100.0,23,980.0
1999,12,28,21,30,0,0,0,0,0,0,0,22,140.04,0,0.136,0.0,4.2860000000000005,22.6,100.0,23,980.0
1999,12,28,22,0,0,0,0,0,0,0,0,22,145.83,0,0.136,0.0,4.255,26.400000000000002,100.0,23,980.0
1999,12,28,22,30,0,0,0,0,0,0,0,22,150.96,0,0.136,0.0,4.229,26.400000000000002,100.0,22,980.0
1999,12,28,23,0,0,0,0,0,0,0,0,22,155.01,0,0.136,0.0,4.204,25.400000000000002,100.0,22,980.0
1999,12,28,23,30,0,0,0,0,0,0,0,22,157.38,0,0.136,0.0,4.189,25.400000000000002,100.0,22,980.0
1999,12,29,0,0,0,0,0,0,0,0,0,22,157.53,0,0.136,0.0,4.174,22.700000000000003,100.0,22,980.0
1999,12,29,0,30,0,0,0,0,0,0,0,22,155.42000000000002,0,0.136,0.0,4.165,22.700000000000003,100.0,22,980.0
1999,12,29,1,0,0,0,0,0,0,0,0,22,151.56,0,0.136,0.0,4.157,19.3,100.0,22,980.0
1999,12,29,1,30,0,0,0,0,0,0,0,21,146.54,0,0.136,0.0,4.149,19.3,100.0,22,980.0
1999,12,29,2,0,0,0,0,0,0,0,0,21,140.81,0,0.136,0.1,4.141,17.7,100.0,22,980.0
1999,12,29,2,30,0,0,0,0,0,0,0,21,134.65,0,0.136,0.1,4.1290000000000004,17.7,100.0,21,980.0
1999,12,29,3,0,0,0,0,0,0,0,0,21,128.21,0,0.136,0.1,4.117,13.600000000000001,100.0,21,980.0
1999,12,29,3,30,0,0,0,0,0,0,0,21,121.59,0,0.136,0.1,4.096,13.600000000000001,100.0,21,980.0
1999,12,29,4,0,0,0,0,0,0,0,0,21,114.86,0,0.136,0.1,4.077,8.1,100.0,21,980.0
1999,12,29,4,30,0,0,0,0,0,0,0,21,108.05,0,0.136,0.1,4.049,8.1,100.0,21,980.0
1999,12,29,5,0,0,0,0,0,0,0,0,21,101.19,0,0.136,0.2,4.022,4.1000000000000005,100.0,21,980.0
1999,12,29,5,30,0,0,0,0,0,0,0,21,94.31,0,0.136,0.1,3.988,4.1000000000000005,100.0,21,980.0
1999,12,29,6,0,16,183,24,16,183,24,0,21,87.42,0,0.136,0.1,3.955,2.2,100.0,22,980.0
1999,12,29,6,30,42,465,119,42,465,119,0,22,80.54,0,0.136,0.0,3.927,2.2,100.0,23,980.0
1999,12,29,7,0,59,628,236,59,628,236,0,22,73.7,0,0.136,0.0,3.9,13.5,90.3,24,980.0
1999,12,29,7,30,71,729,357,71,729,357,0,22,66.92,0,0.136,0.0,3.891,13.5,85.09,25,980.0
1999,12,29,8,0,81,797,476,81,797,476,0,22,60.230000000000004,0,0.136,0.0,3.882,21.400000000000002,78.66,26,980.0
1999,12,29,8,30,88,845,589,88,845,589,0,22,53.660000000000004,0,0.136,0.0,3.887,21.400000000000002,78.65,27,980.0
1999,12,29,9,0,95,876,690,95,876,690,0,21,47.29,0,0.136,0.0,3.892,21.700000000000003,74.07000000000001,28,980.0
1999,12,29,9,30,100,902,779,100,902,779,0,21,41.21,0,0.136,0.0,3.9130000000000003,21.700000000000003,74.05,28,980.0
1999,12,29,10,0,106,917,852,106,917,852,0,22,35.58,0,0.136,0.0,3.935,21.1,70.49,29,980.0
1999,12,29,10,30,109,930,909,109,930,909,0,22,30.650000000000002,0,0.136,0.0,3.967,21.1,70.45,29,980.0
1999,12,29,11,0,113,935,947,113,935,947,0,22,26.810000000000002,0,0.136,0.0,4.0,19.1,67.29,29,980.0
1999,12,29,11,30,114,939,968,114,939,968,0,22,24.59,0,0.136,0.0,4.035,19.1,67.25,29,980.0
1999,12,29,12,0,115,937,968,115,937,968,0,22,24.43,0,0.136,0.0,4.073,18.400000000000002,64.5,30,980.0
1999,12,29,12,30,114,932,950,114,932,950,1,22,26.37,0,0.136,0.0,4.115,18.400000000000002,64.47,30,980.0
1999,12,29,13,0,359,30,385,113,923,912,3,22,30.01,0,0.136,0.0,4.158,16.1,64.94,30,980.0
1999,12,29,13,30,424,216,602,110,909,857,3,22,34.81,0,0.136,0.0,4.2,16.1,64.91,30,980.0
1999,12,29,14,0,104,894,786,104,894,786,0,22,40.36,0,0.136,0.0,4.243,10.0,65.55,30,980.0
1999,12,29,14,30,100,868,699,100,868,699,0,22,46.39,0,0.136,0.0,4.275,10.0,69.4,30,980.0
1999,12,29,15,0,90,842,600,90,842,600,0,23,52.72,0,0.136,0.0,4.308,338.6,70.78,30,980.0
1999,12,29,15,30,83,795,490,83,795,490,0,23,59.26,0,0.136,0.0,4.305,338.6,70.78,29,980.0
1999,12,29,16,0,73,736,373,73,736,373,0,24,65.94,0,0.136,0.0,4.303,292.1,75.57000000000001,29,980.0
1999,12,29,16,30,61,642,252,61,642,252,0,24,72.72,0,0.136,0.0,4.279,292.1,80.08,28,980.0
1999,12,29,17,0,44,500,135,44,500,135,0,23,79.55,0,0.136,0.1,4.257,338.90000000000003,82.02,27,980.0
1999,12,29,17,30,20,241,35,20,241,35,0,23,86.42,0,0.136,0.1,4.2170000000000005,338.90000000000003,87.01,26,980.0
1999,12,29,18,0,0,0,0,0,0,0,0,24,93.31,0,0.136,0.2,4.178,343.0,94.24,25,980.0
1999,12,29,18,30,0,0,0,0,0,0,0,24,100.2,0,0.136,0.2,4.135,343.0,100.0,24,980.0
1999,12,29,19,0,0,0,0,0,0,0,0,23,107.07000000000001,1,0.136,0.2,4.091,352.90000000000003,98.5,24,980.0
1999,12,29,19,30,0,0,0,0,0,0,0,23,113.89,0,0.136,0.1,4.053,352.90000000000003,100.0,24,980.0
1999,12,29,20,0,0,0,0,0,0,0,0,23,120.64,0,0.136,0.1,4.014,2.0,100.0,24,980.0
1999,12,29,20,30,0,0,0,0,0,0,0,23,127.28,0,0.136,0.1,3.981,2.0,100.0,23,980.0
1999,12,29,21,0,0,0,0,0,0,0,0,23,133.75,0,0.136,0.1,3.948,5.800000000000001,100.0,23,980.0
1999,12,29,21,30,0,0,0,0,0,0,0,23,139.97,0,0.136,0.1,3.9330000000000003,5.800000000000001,100.0,23,980.0
1999,12,29,22,0,0,0,0,0,0,0,0,23,145.78,0,0.136,0.1,3.918,8.5,100.0,23,980.0
1999,12,29,22,30,0,0,0,0,0,0,0,22,150.93,0,0.136,0.1,3.924,8.5,100.0,22,980.0
1999,12,29,23,0,0,0,0,0,0,0,0,22,155.0,0,0.136,0.1,3.931,8.5,100.0,22,980.0
1999,12,29,23,30,0,0,0,0,0,0,0,22,157.41,0,0.136,0.1,3.956,8.5,100.0,22,980.0
1999,12,30,0,0,0,0,0,0,0,0,1,22,157.6,0,0.136,0.1,3.982,7.5,100.0,22,980.0
1999,12,30,0,30,0,0,0,0,0,0,1,22,155.52,0,0.136,0.1,4.022,7.5,100.0,22,980.0
1999,12,30,1,0,0,0,0,0,0,0,3,22,151.67000000000002,0,0.136,0.1,4.064,7.2,100.0,22,980.0
1999,12,30,1,30,0,0,0,0,0,0,3,21,146.66,0,0.136,0.1,4.118,7.2,100.0,22,980.0
1999,12,30,2,0,0,0,0,0,0,0,3,21,140.94,0,0.136,0.1,4.172,6.6000000000000005,100.0,22,980.0
1999,12,30,2,30,0,0,0,0,0,0,3,21,134.78,0,0.136,0.1,4.226,6.6000000000000005,100.0,21,980.0
1999,12,30,3,0,0,0,0,0,0,0,1,21,128.34,0,0.136,0.1,4.281,6.7,100.0,21,980.0
1999,12,30,3,30,0,0,0,0,0,0,0,21,121.72,0,0.136,0.1,4.311,6.7,100.0,21,980.0
1999,12,30,4,0,0,0,0,0,0,0,0,21,114.98,0,0.136,0.1,4.3420000000000005,6.6000000000000005,100.0,21,980.0
1999,12,30,4,30,0,0,0,0,0,0,0,21,108.17,0,0.136,0.1,4.346,6.6000000000000005,100.0,21,980.0
1999,12,30,5,0,0,0,0,0,0,0,0,21,101.3,0,0.136,0.1,4.352,5.6000000000000005,100.0,21,980.0
1999,12,30,5,30,0,0,0,0,0,0,0,21,94.42,0,0.136,0.0,4.354,5.6000000000000005,100.0,21,980.0
1999,12,30,6,0,15,151,22,15,151,22,0,22,87.53,0,0.136,0.0,4.356,5.4,100.0,22,980.0
1999,12,30,6,30,45,427,114,45,427,114,0,22,80.65,0,0.136,0.0,4.364,5.4,98.5,23,980.0
1999,12,30,7,0,64,592,229,64,592,229,0,23,73.81,0,0.136,0.0,4.373,8.0,94.85000000000001,24,980.0
1999,12,30,7,30,77,697,349,77,697,349,0,23,67.02,0,0.136,0.0,4.398,8.0,94.87,25,980.0
1999,12,30,8,0,85,776,469,85,776,469,0,23,60.32,0,0.136,0.0,4.424,14.600000000000001,89.94,26,980.0
1999,12,30,8,30,92,825,581,92,825,581,0,23,53.75,0,0.136,0.0,4.466,14.600000000000001,84.77,26,980.0
1999,12,30,9,0,95,869,684,95,869,684,0,23,47.37,0,0.136,0.0,4.508,16.8,80.02,27,980.0
1999,12,30,9,30,100,895,773,100,895,773,0,23,41.27,0,0.136,0.0,4.572,16.8,79.99,27,980.0
1999,12,30,10,0,99,921,848,99,921,848,0,23,35.63,0,0.136,0.0,4.6370000000000005,18.3,75.32000000000001,28,980.0
1999,12,30,10,30,102,934,905,102,934,905,0,23,30.67,0,0.136,0.0,4.702,18.3,75.28,28,980.0
1999,12,30,11,0,100,946,945,100,946,945,1,23,26.8,0,0.136,0.0,4.769,21.3,71.25,29,980.0
1999,12,30,11,30,101,950,966,101,950,966,0,23,24.55,0,0.136,0.0,4.814,21.3,71.21000000000001,29,980.0
1999,12,30,12,0,99,953,968,99,953,968,0,23,24.35,0,0.136,0.0,4.861,25.200000000000003,71.62,29,980.0
1999,12,30,12,30,99,949,950,99,949,950,0,23,26.27,0,0.136,0.0,4.882,25.200000000000003,71.58,29,980.0
1999,12,30,13,0,95,945,915,95,945,915,0,23,29.89,0,0.136,0.0,4.9030000000000005,28.1,72.36,29,980.0
1999,12,30,13,30,93,933,861,93,933,861,0,23,34.69,0,0.136,0.0,4.893,28.1,76.64,28,980.0
1999,12,30,14,0,88,920,791,88,920,791,0,23,40.230000000000004,0,0.136,0.0,4.883,30.8,78.05,28,980.0
1999,12,30,14,30,85,897,705,85,897,705,0,23,46.26,0,0.136,0.0,4.853,30.8,78.04,28,980.0
1999,12,30,15,0,290,138,374,78,868,606,3,24,52.6,0,0.136,0.0,4.823,33.1,80.60000000000001,28,980.0
1999,12,30,15,30,73,825,496,73,825,496,0,24,59.14,0,0.136,0.0,4.7940000000000005,33.1,85.42,27,980.0
1999,12,30,16,0,65,766,379,65,766,379,1,24,65.82000000000001,0,0.136,0.0,4.765,33.300000000000004,88.13,27,980.0
1999,12,30,16,30,56,676,258,56,676,258,0,24,72.60000000000001,0,0.136,0.0,4.747,33.300000000000004,93.46000000000001,26,980.0
1999,12,30,17,0,42,532,139,42,532,139,0,25,79.44,0,0.136,0.1,4.729,22.1,94.98,26,980.0
1999,12,30,17,30,20,273,38,20,273,38,0,25,86.31,0,0.136,0.1,4.726,22.1,100.0,25,980.0
1999,12,30,18,0,0,0,0,0,0,0,0,24,93.2,0,0.136,0.2,4.724,20.700000000000003,98.39,25,980.0
1999,12,30,18,30,0,0,0,0,0,0,0,24,100.09,0,0.136,0.2,4.732,20.700000000000003,100.0,24,980.0
1999,12,30,19,0,0,0,0,0,0,0,0,24,106.96000000000001,1,0.136,0.2,4.741,20.900000000000002,100.0,24,980.0
1999,12,30,19,30,0,0,0,0,0,0,0,24,113.79,0,0.136,0.1,4.759,20.900000000000002,100.0,24,980.0
1999,12,30,20,0,0,0,0,0,0,0,0,24,120.55,0,0.136,0.1,4.777,21.8,100.0,24,980.0
1999,12,30,20,30,0,0,0,0,0,0,0,23,127.19,0,0.136,0.1,4.805,21.8,100.0,24,980.0
1999,12,30,21,0,0,0,0,0,0,0,0,23,133.68,0,0.136,0.1,4.833,18.7,100.0,24,980.0
1999,12,30,21,30,0,0,0,0,0,0,0,23,139.9,0,0.136,0.1,4.871,18.7,100.0,23,980.0
1999,12,30,22,0,0,0,0,0,0,0,3,23,145.73,0,0.136,0.1,4.91,14.3,100.0,23,980.0
1999,12,30,22,30,0,0,0,0,0,0,0,23,150.9,0,0.136,0.1,4.947,14.3,100.0,23,980.0
1999,12,30,23,0,0,0,0,0,0,0,0,23,155.01,0,0.136,0.1,4.984,10.8,100.0,23,980.0
1999,12,30,23,30,0,0,0,0,0,0,0,23,157.45000000000002,0,0.136,0.0,5.0120000000000005,10.8,100.0,23,980.0
1999,12,31,0,0,0,0,0,0,0,0,0,23,157.68,0,0.136,0.0,5.04,6.6000000000000005,100.0,23,980.0
1999,12,31,0,30,0,0,0,0,0,0,0,23,155.63,0,0.136,0.0,5.058,6.6000000000000005,100.0,23,980.0
1999,12,31,1,0,0,0,0,0,0,0,0,23,151.8,0,0.136,0.1,5.0760000000000005,7.9,100.0,23,980.0
1999,12,31,1,30,0,0,0,0,0,0,0,22,146.79,0,0.136,0.1,5.085,7.9,100.0,23,980.0
1999,12,31,2,0,0,0,0,0,0,0,0,22,141.07,0,0.136,0.1,5.095,8.4,100.0,23,980.0
1999,12,31,2,30,0,0,0,0,0,0,3,22,134.9,0,0.136,0.1,5.087,8.4,100.0,22,980.0
1999,12,31,3,0,0,0,0,0,0,0,3,22,128.46,0,0.136,0.1,5.079,6.9,100.0,22,980.0
1999,12,31,3,30,0,0,0,0,0,0,0,22,121.84,0,0.136,0.1,5.064,6.9,100.0,22,980.0
1999,12,31,4,0,0,0,0,0,0,0,0,22,115.10000000000001,0,0.136,0.1,5.051,4.0,100.0,22,980.0
1999,12,31,4,30,0,0,0,0,0,0,0,22,108.28,0,0.136,0.1,5.041,4.0,100.0,22,980.0
1999,12,31,5,0,0,0,0,0,0,0,0,22,101.42,0,0.136,0.1,5.031,2.6,100.0,22,980.0
1999,12,31,5,30,0,0,0,0,0,0,0,22,94.53,0,0.136,0.0,5.029,2.6,100.0,22,980.0
1999,12,31,6,0,15,145,21,15,145,21,0,22,87.63,0,0.136,0.0,5.029,2.6,100.0,23,980.0
1999,12,31,6,30,43,430,113,43,430,113,0,23,80.75,0,0.136,0.0,5.037,2.6,100.0,23,980.0
1999,12,31,7,0,60,610,229,60,610,229,0,23,73.9,0,0.136,0.0,5.045,13.700000000000001,98.52,24,980.0
1999,12,31,7,30,72,713,349,72,713,349,0,23,67.11,0,0.136,0.0,5.062,13.700000000000001,98.54,25,980.0
1999,12,31,8,0,77,794,470,77,794,470,0,23,60.410000000000004,0,0.136,0.0,5.08,22.0,91.96000000000001,26,980.0
1999,12,31,8,30,84,842,581,84,842,581,0,23,53.83,0,0.136,0.0,5.104,22.0,86.67,26,980.0
1999,12,31,9,0,87,881,684,87,881,684,0,22,47.44,0,0.136,0.0,5.1290000000000004,21.200000000000003,78.55,27,980.0
1999,12,31,9,30,91,906,772,91,906,772,0,22,41.33,0,0.136,0.0,5.17,21.200000000000003,78.53,27,980.0
1999,12,31,10,0,93,927,846,93,927,846,0,22,35.67,0,0.136,0.0,5.211,20.0,73.04,28,980.0
1999,12,31,10,30,96,939,904,96,939,904,0,22,30.69,0,0.136,0.0,5.258,20.0,73.01,28,980.0
1999,12,31,11,0,97,947,943,97,947,943,0,22,26.79,0,0.136,0.0,5.305,18.2,69.71000000000001,29,980.0
1999,12,31,11,30,98,951,964,98,951,964,0,22,24.5,0,0.136,0.0,5.353,18.2,69.67,29,980.0
1999,12,31,12,0,476,108,575,99,950,965,3,23,24.27,0,0.136,0.0,5.401,18.8,70.85000000000001,30,980.0
1999,12,31,12,30,98,946,948,98,946,948,0,23,26.16,0,0.136,0.0,5.447,18.8,70.82000000000001,30,980.0
1999,12,31,13,0,99,936,911,99,936,911,1,23,29.77,0,0.136,0.0,5.494,21.200000000000003,68.01,30,980.0
1999,12,31,13,30,417,103,503,96,924,857,2,23,34.56,0,0.136,0.0,5.533,21.200000000000003,67.99,30,980.0
1999,12,31,14,0,94,905,787,94,905,787,1,23,40.1,0,0.136,0.0,5.573,34.2,69.68,30,980.0
1999,12,31,14,30,90,881,701,90,881,701,0,23,46.13,0,0.136,0.0,5.603,34.2,73.79,29,980.0
1999,12,31,15,0,85,849,602,85,849,602,0,24,52.47,0,0.136,0.0,5.634,92.10000000000001,76.36,29,980.0
1999,12,31,15,30,78,804,493,78,804,493,0,24,59.02,0,0.136,0.0,5.65,92.10000000000001,80.9,29,980.0
1999,12,31,16,0,71,740,375,71,740,375,0,25,65.7,0,0.136,0.0,5.666,69.8,84.17,29,980.0
1999,12,31,16,30,60,647,255,60,647,255,0,25,72.48,0,0.136,0.0,5.668,69.8,84.18,28,980.0
1999,12,31,17,0,45,498,138,45,498,138,3,25,79.32000000000001,4,0.136,0.1,5.67,27.0,85.07000000000001,28,980.0
1999,12,31,17,30,22,239,38,22,239,38,1,25,86.2,0,0.136,0.1,5.6610000000000005,27.0,90.2,27,980.0
1999,12,31,18,0,0,0,0,0,0,0,1,25,93.09,0,0.136,0.1,5.6530000000000005,21.0,95.49,27,980.0
1999,12,31,18,30,0,0,0,0,0,0,7,25,99.99000000000001,0,0.136,0.1,5.6530000000000005,21.0,95.49,27,980.0
1999,12,31,19,0,0,0,0,0,0,0,1,23,106.84,1,0.128,0.2,5.3100000000000005,103.4,99.68,24,980.0
1999,12,31,19,30,0,0,0,0,0,0,1,23,113.67,0,0.128,0.2,5.298,103.4,99.71000000000001,24,980.0
1999,12,31,20,0,0,0,0,0,0,0,0,23,120.43,0,0.128,0.2,5.288,106.30000000000001,99.21000000000001,24,980.0
1999,12,31,20,30,0,0,0,0,0,0,0,23,127.09,0,0.128,0.1,5.2700000000000005,106.30000000000001,100.0,23,980.0
1999,12,31,21,0,0,0,0,0,0,0,0,23,133.58,0,0.128,0.1,5.253,104.4,100.0,23,980.0
1999,12,31,21,30,0,0,0,0,0,0,1,23,139.83,0,0.128,0.1,5.2330000000000005,104.4,100.0,23,980.0
1999,12,31,22,0,0,0,0,0,0,0,7,23,145.67000000000002,0,0.128,0.1,5.214,102.80000000000001,100.0,23,980.0
1999,12,31,22,30,0,0,0,0,0,0,7,23,150.87,0,0.128,0.1,5.195,102.80000000000001,100.0,23,980.0
1999,12,31,23,0,0,0,0,0,0,0,8,23,155.02,0,0.128,0.1,5.1770000000000005,101.80000000000001,100.0,23,980.0
1999,12,31,23,30,0,0,0,0,0,0,7,22,157.51,0,0.128,0.1,5.154,101.80000000000001,100.0,23,980.0
